#1	will	need	to	update	the	number	of	rows	in	the	next	header	row	by	noting	file	rows	length	and	subtracting	2:00											
float	DNI_THTFin_vdot(221,23)	#vectors:	"(SecOfYear),"	DNI	"(W/m2),"	THTF_in	"(K),"	vdot	"(m3/s),"	"Egen(W),"	THTF_out	"(K),"	Tcavity	"(K),"	"THTFout(K),"	"Tcav(K),"	"T_s3m6in,"	"T_s3m6out,"	"T_s3m5in,"	"T_s3m5out,"	"T_s3m4in,"	"T_s3m4out,"	"T_s3m3in,"	"T_s3m3out,"	"T_s3m2in,"	"T_s3m2out,"	"T_s3m1in,"	"T_s3m1out,"	"T_s2m6in,"	"T_s2m1out,"	"T_s2m2or3,"	T_s2m3or2
0	1.2	348.74	0.000002574	0	343.35	298.39	348.74	348.53	348.41	348.05	347.91	347.22	347.08	347.02	346.46	346.44	346.26	346.1	345	343.35	346.06	346.55										
6791501	582.9	349.54	0.000000010	0	345.5	299.39	349.5	349.4	349.4	349	348.9	348.3	348.3	348.3	347.8	347.8	347.6	347.6	346.7	345.5	347.7	348										
6791511	558.6	349.56	0.000000010	0	345.51	299.37	349.6	349.4	349.4	349	348.9	348.4	348.3	348.3	347.8	347.8	347.6	347.6	346.7	345.5	347.7	348.1										
6791521	603.0	349.6	0.000000010	0	345.51	299.38	349.6	349.4	349.4	349.1	349	348.4	348.3	348.3	347.8	347.8	347.7	347.6	346.7	345.5	347.7	348.1										
6791531	605.0	349.62	0.000000010	0	345.5	299.37	349.6	349.4	349.4	349.1	349	348.4	348.3	348.3	347.8	347.8	347.7	347.6	346.7	345.5	347.7	348.1										
6791541	609.2	349.64	0.000000010	0	345.51	299.39	349.6	349.5	349.4	349.1	349	348.4	348.3	348.3	347.8	347.8	347.7	347.6	346.7	345.5	347.7	348.2										
6791551	596.6	349.68	0.000000010	0	345.53	299.4	349.7	349.5	349.5	349.1	349	348.4	348.3	348.3	347.8	347.9	347.7	347.6	346.8	345.5	347.8	348.2										
6791561	599.0	349.69	0.000000010	0	345.54	299.39	349.7	349.5	349.5	349.2	349.1	348.5	348.4	348.3	347.9	347.9	347.7	347.6	346.8	345.5	347.8	348.2										
6791571	594.1	349.75	0.000000010	0	345.56	299.41	349.7	349.6	349.5	349.2	349.1	348.5	348.4	348.4	347.9	347.9	347.7	347.6	346.8	345.6	347.8	348.2										
6791581	606.3	349.76	0.000000010	0	345.58	299.41	349.8	349.6	349.6	349.2	349.1	348.5	348.4	348.4	347.9	347.9	347.7	347.7	346.9	345.6	347.8	348.2										
6791591	580.4	349.79	0.000000010	0	345.61	299.41	349.8	349.6	349.6	349.3	349.1	348.5	348.4	348.4	347.9	347.9	347.8	347.7	346.9	345.6	347.8	348.2										
6791601	588.1	349.82	0.000000010	0	345.61	299.44	349.8	349.7	349.6	349.3	349.2	348.6	348.5	348.4	348	348	347.8	347.7	346.9	345.6	347.8	348.2										
6791611	614.7	349.81	0.000000010	0	345.63	299.46	349.8	349.6	349.6	349.3	349.2	348.6	348.5	348.5	348	348	347.8	347.7	346.9	345.6	347.8	348.2										
6791621	612.2	349.81	0.000000010	1.94	345.64	299.46	349.8	349.7	349.6	349.3	349.2	348.6	348.5	348.5	348	348	347.9	347.7	346.9	345.6	347.8	348.2										
6791631	568.7	349.8	0.000000010	0.62	345.68	299.43	349.8	349.6	349.6	349.3	349.2	348.6	348.5	348.5	348	348	347.9	347.8	346.9	345.7	347.8	348.2										
6791641	627.3	349.78	0.000000010	1.86	345.97	299.43	349.8	349.6	349.6	349.3	349.2	348.6	348.5	348.5	348	348	347.9	347.8	346.8	346	347.8	348.1										
6791651	626.0	349.76	0.000000010	1.86	346.18	299.44	349.8	349.6	349.6	349.3	349.2	348.6	348.5	348.5	348	348	347.9	347.8	346.8	346.2	347.7	348.1										
6791661	590.3	349.73	0.000000010	1.72	346.33	299.45	349.7	349.6	349.6	349.3	349.2	348.6	348.5	348.5	348	348	347.8	347.8	346.8	346.3	347.7	348.1										
6791671	631.5	349.71	0.000000010	2.24	346.39	299.44	349.7	349.6	349.6	349.2	349.1	348.6	348.5	348.4	347.9	348	347.8	347.7	346.8	346.4	347.7	348.1										
6791681	637.6	349.69	0.000000010	2.22	346.45	299.46	349.7	349.5	349.5	349.2	349.1	348.5	348.4	348.4	347.9	348	347.8	347.7	346.8	346.5	347.7	348.1										
6791691	632.8	349.66	0.000003000	2.31	346.46	299.47	349.7	349.5	349.5	349.2	349.1	348.5	348.4	348.4	347.9	348	347.8	347.7	346.7	346.5	347.7	348.1										
6791701	642.1	349.64	0.000003000	2.32	346.48	299.44	349.6	349.5	349.5	349.2	349.1	348.5	348.4	348.4	347.9	347.9	347.8	347.7	346.7	346.5	347.8	348.2										
6791711	638.5	349.63	0.000002999	2.32	346.47	299.43	349.6	349.5	349.5	349.2	349	348.5	348.4	348.4	347.9	347.9	347.8	347.7	346.8	346.5	347.8	348.2										
6791721	644.0	349.61	0.000003000	4.25	346.47	299.43	349.6	349.4	349.5	349.1	349	348.5	348.4	348.4	347.9	347.9	347.8	347.7	346.8	346.5	347.9	348.3										
6791731	646.6	349.57	0.000002999	1.93	346.51	299.41	349.6	349.5	349.5	349.2	349.1	348.5	348.4	348.4	347.9	347.9	347.7	347.6	346.9	346.5	348	348.4										
6791741	648.3	349.54	0.000002999	13.85	346.52	299.39	349.5	349.6	349.6	349.3	349.1	348.5	348.4	348.4	347.9	347.9	347.7	347.7	346.9	346.5	348.1	348.5										
6791751	655.7	349.52	0.000002999	14.9	346.57	299.39	349.5	349.6	349.7	349.3	349.2	348.6	348.5	348.5	348	348	347.8	347.7	347	346.6	348.2	348.6										
6791761	654.2	349.52	0.000002999	15.87	346.62	299.39	349.5	349.8	349.7	349.4	349.3	348.7	348.6	348.5	348	348	347.9	347.8	347.1	346.6	348.3	348.7										
6791771	653.3	349.51	0.000002999	16.71	346.7	299.39	349.5	349.9	349.8	349.5	349.3	348.7	348.6	348.6	348.1	348.1	347.9	347.8	347.2	346.7	348.3	348.7										
6791781	654.3	349.48	0.000002999	16.69	346.75	299.36	349.5	350.1	350	349.6	349.5	348.9	348.8	348.7	348.2	348.2	348	347.9	347.2	346.8	348.4	348.8										
6791791	662.0	349.47	0.000002999	23.99	347.2	299.34	349.5	350.1	350	349.7	349.6	349	348.8	348.8	348.3	348.3	348.1	348	347.3	347.2	350.4	351.8										
6791801	661.8	349.48	0.000002999	26.09	349.14	299.32	349.5	350.2	350.1	349.8	349.7	349.1	349	348.9	348.4	348.4	348.2	348.1	347.8	349.1	354.6	354.9										
6791811	659.7	349.5	0.000002998	28.3	349.77	299.28	349.5	350.2	350.2	349.8	349.7	349.1	349	349	348.5	348.5	348.3	348.2	348.7	349.8	355.9	355.7										
6791821	660.4	349.53	0.000002997	28.95	350.43	299.26	349.5	350.2	350.2	349.9	349.7	349.1	349	349	348.5	348.5	348.3	348.2	349.4	350.4	356.5	356.5										
6791831	661.8	349.53	0.000002997	28.94	351.11	299.26	349.5	350.3	350.2	350	349.8	349.2	349.1	349	348.5	348.6	348.4	348.3	349.8	351.1	356.9	357.2										
6791841	660.5	349.55	0.000002996	29.3	351.67	299.23	349.6	350.4	350.3	350.4	350.3	350.1	349.8	349.8	349.1	349.1	348.8	348.6	350.1	351.7	357.1	357.5										
6791851	661.3	349.57	0.000002995	29.4	352.23	299.2	349.6	350.2	350.3	350.6	350.4	350.5	350.4	350.8	350.1	350.7	350.4	350.3	350.3	352.2	357.3	357.8										
6791861	667.2	349.6	0.000002995	29.71	352.62	299.16	349.6	350.2	350.2	350.6	350.4	350.6	350.4	350.9	350.4	351.1	350.8	350.8	350.5	352.6	357.6	358.1										
6791871	656.1	349.65	0.000002994	28.62	352.85	299.13	349.6	350.2	350.2	350.6	350.5	350.6	350.5	351	350.5	351.2	351.1	351.2	350.6	352.8	357.8	358.2										
6791881	656.7	349.68	0.000002993	28.66	353.04	299.09	349.7	350.2	350.2	350.6	350.5	350.7	350.6	351.1	350.6	351.4	351.2	351.4	350.7	353	357.8	358.2										
6791891	651.9	349.71	0.000002993	28.68	353.23	299.05	349.7	350.3	350.3	350.7	350.5	350.7	350.6	351.2	350.7	351.5	351.3	351.5	350.7	353.2	357.8	358.3										
6791901	644.5	349.74	0.000002993	28.19	353.37	299.02	349.7	350.3	350.3	350.7	350.6	350.8	350.7	351.3	350.7	351.6	351.4	351.7	350.8	353.4	357.8	358.1										
6791911	637.0	349.77	0.000002992	23.62	353.6	298.96	349.8	350.4	350.3	350.8	350.6	350.8	350.7	351.3	350.8	351.7	351.5	351.7	350.9	353.6	357.5	359.9										
6791921	633.8	349.78	0.000002992	25.17	353.98	298.95	349.8	350.4	350.3	350.8	350.6	350.9	350.7	351.4	350.8	351.8	351.6	351.8	350.9	354	357.8	361.3										
6791931	615.2	349.8	0.000002992	17.47	354.25	298.93	349.8	350.4	350.4	350.8	350.6	350.9	350.8	351.4	350.9	351.8	351.6	351.9	351	354.2	357.5	360.4										
6791941	639.7	349.81	0.000002992	25.27	354.08	298.92	349.8	350.4	350.4	350.8	350.7	350.9	350.8	351.4	350.9	351.8	351.6	351.9	351.1	354.1	357	359.2										
6791951	644.8	349.81	0.000002991	21.41	354.24	298.94	349.8	350.4	350.4	350.8	350.7	350.9	350.8	351.4	350.9	351.8	351.6	351.9	351.1	354.2	356.7	359.3										
6791961	642.4	349.81	0.000002991	21.26	354.28	298.93	349.8	350.6	350.5	350.8	350.7	350.9	350.8	351.5	350.9	351.9	351.6	351.9	351.1	354.3	356.4	359										
6791971	658.7	349.8	0.000002991	21.72	354.36	298.9	349.8	350.7	350.6	351	350.9	351	350.9	351.7	351.1	352	351.8	352	351.1	354.4	356.5	359										
6791981	653.4	349.8	0.000002991	21.66	354.44	298.89	349.8	350.7	350.6	351.1	350.9	351.1	351	351.8	351.3	352.1	352	352.2	351.1	354.4	356.5	359										
6791991	656.1	349.79	0.000002991	21.86	354.52	298.89	349.8	350.8	350.7	351.1	350.9	351.1	351	351.7	351.2	352.1	351.9	352.1	351.2	354.5	356.4	359										
6792001	657.8	349.78	0.000002991	22.14	354.61	298.89	349.8	350.7	350.7	351.1	350.9	351.2	351.1	351.8	351.3	352	351.8	352.2	351.2	354.6	356.4	359.1										
6792011	659.3	349.76	0.000002991	21.77	354.64	298.87	349.8	350.7	350.7	351.1	351	351.2	351.1	351.8	351.3	352	351.8	352.1	351.2	354.6	356.5	359.2										
6792021	665.5	349.75	0.000002990	26.08	354.83	298.87	349.7	350.7	350.7	351.1	351	351.2	351.1	351.8	351.3	352	351.8	352.1	351.2	354.8	357.7	361.7										
6792031	668.5	349.73	0.000002990	26.11	355.03	298.85	349.7	350.7	350.7	351.1	351	351.2	351.1	351.9	351.3	352	351.8	352.2	351.3	355	358.6	362										
6792041	664.4	349.71	0.000002990	24.87	355.29	298.83	349.7	350.7	350.7	351.1	351	351.3	351.2	351.8	351.3	352.1	351.9	352.2	351.5	355.3	359	363.2										
6792051	661.3	349.7	0.000002990	24.72	355.02	298.83	349.7	350.6	350.7	351.1	351	351.3	351.2	351.8	351.3	352.1	351.8	352.2	351.6	355	359.2	363.4										
6792061	667.5	349.69	0.000002990	25.04	354.85	298.82	349.7	350.7	350.6	351.1	351	351.2	351.2	351.9	351.4	352.1	351.9	352.2	351.7	354.8	359.3	363.5										
6792071	671.3	349.68	0.000002990	30.43	354.85	298.82	349.7	350.6	350.6	351.1	351	351.2	351.2	352	351.4	352.3	352	352.3	351.7	354.8	359.2	362.8										
6792081	673.0	349.65	0.000002990	30.55	354.89	298.83	349.6	350.6	350.5	351	350.9	351.2	351.1	352	351.5	352.4	352.2	352.5	351.7	354.9	359.1	360.4										
6792091	674.5	349.64	0.000002990	30.73	354.88	298.84	349.6	350.6	350.6	351.1	350.9	351.2	351.1	352.1	351.5	352.5	352.3	352.6	351.6	354.9	359.2	359.6										
6792101	672.9	349.61	0.000002990	31.14	354.93	298.84	349.6	350.3	350.4	350.8	350.7	351	351	352	351.5	352.6	352.4	352.8	351.5	354.9	359.1	359.2										
6792111	674.7	349.6	0.000002990	31.06	354.88	298.84	349.6	350.3	350.3	350.8	350.7	351	350.9	351.9	351.4	352.5	352.3	352.7	351.5	354.9	359.2	359.1										
6792121	673.9	349.59	0.000002990	30.96	354.88	298.83	349.6	350.2	350.2	350.7	350.6	350.9	350.8	351.9	351.4	352.4	352.3	352.7	351.4	354.9	359	359										
6792131	679.8	349.59	0.000002990	30.75	354.84	298.8	349.6	350.3	350.2	350.7	350.6	350.9	350.8	351.7	351.2	352.3	352.2	352.6	351.4	354.8	359.2	359										
6792141	667.4	349.59	0.000002990	30.94	354.81	298.8	349.6	350.3	350.2	350.7	350.6	350.9	350.8	351.6	351.1	352.2	352	352.4	351.4	354.8	359.1	358.9										
6792151	670.4	349.63	0.000002990	30.79	354.81	298.8	349.6	350.3	350.2	350.8	350.6	350.9	350.8	351.6	351.1	352.1	352	352.4	351.4	354.8	359.2	359										
6792161	664.2	349.67	0.000002989	30.82	354.79	298.8	349.7	350.3	350.3	350.8	350.7	350.9	350.9	351.6	351.1	352.2	352	352.5	351.5	354.8	357.6	358.9										
6792171	664.2	349.7	0.000002989	29.85	354.89	298.77	349.7	350.3	350.3	350.7	350.6	350.9	350.8	351.6	351.1	352.2	352	352.4	351.4	354.9	358.8	358.9										
6792181	647.0	349.74	0.000002989	30.15	354.8	298.78	349.7	350.4	350.3	350.8	350.7	351	350.9	351.6	351.1	352.2	352	352.4	351.4	354.8	358.8	358.8										
6792191	676.8	349.77	0.000002989	31.4	354.68	298.77	349.8	350.4	350.4	350.9	350.7	351	350.9	351.6	351.1	352.2	352.1	352.4	351.5	354.7	359.2	358.9										
6792201	677.6	349.79	0.000002989	31.23	354.83	298.77	349.8	350.4	350.4	350.9	350.8	351	350.9	351.7	351.1	352.2	352.1	352.4	351.5	354.8	359.4	359.1										
6792211	674.3	349.82	0.000002989	30.79	354.89	298.78	349.8	350.5	350.4	350.9	350.8	351.1	351	351.7	351.2	352.1	351.9	352.4	351.5	354.9	358.9	359.1										
6792221	680.6	349.85	0.000002989	23.63	354.94	298.77	349.9	350.5	350.5	350.9	350.8	351.1	351	351.7	351.2	352.2	352	352.4	351.6	354.9	358.9	358.6										
6792231	680.2	349.9	0.000002989	30.04	355.03	298.78	349.9	350.5	350.5	351	350.8	351.1	351	351.7	351.2	352.3	352.1	352.5	351.6	355	358.4	358.9										
6792241	671.2	349.93	0.000002989	31.84	355.05	298.79	349.9	350.5	350.5	351	350.9	351.1	351	351.8	351.2	352.3	352.1	352.4	351.6	355.1	359	359.3										
6792251	672.8	349.97	0.000002989	32.67	355.07	298.77	350	350.6	350.6	351.1	350.9	351.2	351.1	351.9	351.3	352.4	352.2	352.6	351.6	355.1	359.8	359.7										
6792261	668.9	350	0.000002988	32.44	354.98	298.77	350	350.6	350.6	351.1	350.9	351.2	351.1	351.8	351.3	352.4	352.2	352.6	351.7	355	360.2	360										
6792271	664.1	350.01	0.000002988	32.3	355.05	298.79	350	350.6	350.6	351.1	351	351.2	351.1	351.9	351.3	352.4	352.2	352.6	351.8	355.1	360.3	360										
6792281	666.8	350.05	0.000002988	33.3	355.13	298.78	350	350.7	350.6	351.1	350.9	351.2	351.1	351.8	351.3	352.4	352.1	352.6	351.9	355.1	360.4	360.2										
6792291	667.7	350.05	0.000002988	33.14	355.18	298.77	350.1	350.7	350.7	351.2	351	351.3	351.1	351.8	351.3	352.3	352.2	352.6	351.9	355.2	360.3	360.2										
6792301	664.4	350.07	0.000002988	33.64	355.26	298.78	350.1	350.7	350.7	351.2	351.1	351.3	351.3	352	351.5	352.6	352.3	352.7	352	355.3	360.3	360.2										
6792311	673.0	350.08	0.000002988	33.9	355.34	298.79	350.1	350.7	350.7	351.3	351.1	351.5	351.4	352.1	351.5	352.7	352.5	352.9	352	355.3	360.5	360.3										
6792321	675.5	350.07	0.000002988	33.71	355.42	298.8	350.1	350.8	350.7	351.3	351.1	351.5	351.4	352.1	351.6	352.8	352.6	352.9	352	355.4	360.5	360.3										
6792331	665.4	350.04	0.000002988	33.43	355.49	298.81	350	350.7	350.7	351.2	351.1	351.5	351.4	352.1	351.6	352.7	352.5	353	352.1	355.5	360.5	360.2										
6792341	661.0	350.02	0.000002988	33.67	355.46	298.82	350	350.7	350.7	351.3	351.1	351.5	351.4	352.1	351.6	352.8	352.6	353	352.1	355.5	360.4	360.1										
6792351	666.3	350.02	0.000002988	33.97	355.49	298.81	350	350.7	350.7	351.2	351.1	351.5	351.4	352.1	351.6	352.7	352.6	353	352.1	355.5	360.5	360.4										
6792361	658.7	350	0.000002988	33.75	355.52	298.81	350	350.7	350.6	351.2	351.1	351.5	351.4	352.1	351.6	352.8	352.6	353.1	352	355.5	360.3	360.3										
6792371	660.6	349.98	0.000002988	33.2	355.52	298.83	350	350.7	350.6	351.3	351.1	351.5	351.4	352.2	351.6	352.8	352.6	353.1	352.1	355.5	360.5	359.8										
6792381	660.3	349.96	0.000002988	33.09	355.53	298.83	350	350.6	350.6	351.2	351.1	351.4	351.4	352.2	351.6	352.7	352.6	353.1	352	355.5	360.4	360										
6792391	656.6	349.95	0.000002988	33.07	355.48	298.83	349.9	350.6	350.6	351.2	351.1	351.5	351.3	352.2	351.6	352.8	352.6	353.1	352	355.5	360.3	360										
6792401	652.6	349.92	0.000002988	32.5	355.45	298.83	349.9	350.6	350.6	351.2	351.1	351.5	351.3	352.1	351.6	352.8	352.6	353	352	355.4	360.1	359.9										
6792411	651.7	349.92	0.000002989	33.18	355.41	298.82	349.9	350.6	350.6	351.1	351.1	351.4	351.3	352.2	351.6	352.8	352.6	353.1	352	355.4	360.1	359.8										
6792421	656.0	349.89	0.000002989	32.65	355.4	298.83	349.9	350.6	350.6	351.2	351	351.3	351.3	352.1	351.6	352.7	352.6	353	351.9	355.4	360.1	359.7										
6792431	658.2	349.87	0.000002989	35.04	355.38	298.82	349.9	350.6	350.5	351.1	351	351.4	351.3	352.1	351.6	352.7	352.6	353	351.9	355.4	359.9	359.8										
6792441	666.5	349.87	0.000002988	37.64	355.38	298.84	349.9	350.5	350.5	351.1	351	351.3	351.2	352	351.5	352.6	352.5	353	351.9	355.4	359.3	359.9										
6792451	664.4	349.84	0.000002988	39.08	355.42	298.83	349.8	350.5	350.5	351.1	351	351.3	351.2	352	351.5	352.7	352.5	353	351.9	355.4	358.3	359.9										
6792461	661.9	349.82	0.000002988	39.33	355.4	298.83	349.8	350.5	350.5	351	350.9	351.2	351.2	351.9	351.5	352.6	352.4	352.9	351.8	355.4	357.7	359.9										
6792471	665.2	349.81	0.000002988	39.31	355.39	298.82	349.8	350.5	350.5	351.1	350.9	351.3	351.2	352	351.4	352.6	352.4	352.9	351.7	355.4	357.6	359.9										
6792481	660.7	349.82	0.000002988	39.29	355.36	298.83	349.8	350.5	350.5	351	350.9	351.3	351.2	352	351.5	352.6	352.4	353	351.7	355.4	357.6	359.9										
6792491	655.2	349.84	0.000002988	39.05	355.33	298.84	349.8	350.5	350.5	351.1	351	351.3	351.2	352	351.4	352.6	352.3	352.9	351.7	355.3	357.6	359.9										
6792501	644.4	349.86	0.000002988	37.93	355.32	298.82	349.9	350.5	350.5	351.1	351	351.4	351.2	352	351.5	352.4	352.3	352.8	351.7	355.3	357.5	359.9										
6792511	655.2	349.9	0.000002988	39.65	355.21	298.82	349.9	350.6	350.5	351.1	351	351.4	351.2	352	351.5	352.4	352.2	352.7	351.7	355.2	357.4	359.7										
6792521	667.0	349.94	0.000002988	39.69	355.24	298.82	349.9	350.6	350.6	351.2	351.1	351.4	351.3	352.1	351.6	352.4	352.2	352.6	351.7	355.2	357.6	360										
6792531	671.2	349.97	0.000002988	39.92	355.27	298.8	350	350.6	350.6	351.2	351.1	351.4	351.3	352.1	351.6	352.4	352.2	352.7	351.7	355.3	357.7	360.1										
6792541	671.9	350	0.000002988	39.82	355.31	298.8	350	350.6	350.6	351.2	351.1	351.4	351.4	352.1	351.6	352.4	352.2	352.7	351.8	355.3	357.7	360.3										
6792551	672.3	350.03	0.000002988	40.06	355.31	298.8	350	350.7	350.6	351.2	351.1	351.4	351.3	352.1	351.6	352.4	352.2	352.7	351.8	355.3	357.8	360.3										
6792561	672.3	350.06	0.000002987	39.69	355.36	298.83	350.1	350.7	350.7	351.2	351.1	351.5	351.3	352.1	351.6	352.4	352.2	352.7	351.9	355.4	357.9	360.4										
6792571	667.1	350.1	0.000002987	39.63	355.43	298.83	350.1	350.7	350.7	351.3	351.2	351.5	351.4	352.2	351.7	352.4	352.3	352.8	351.9	355.4	357.9	360.4										
6792581	661.8	350.14	0.000002987	39.18	355.45	298.83	350.1	350.8	350.8	351.4	351.2	351.6	351.5	352.2	351.7	352.5	352.3	352.8	352	355.4	357.9	360.3										
6792591	657.3	350.17	0.000002987	39.21	355.47	298.83	350.2	350.8	350.8	351.4	351.3	351.6	351.5	352.3	351.7	352.6	352.4	352.8	352	355.5	357.8	360.3										
6792601	654.1	350.22	0.000002987	38.68	355.53	298.86	350.2	350.9	350.8	351.5	351.3	351.7	351.6	352.3	351.8	352.6	352.4	352.9	352	355.5	357.8	360.2										
6792611	653.8	350.24	0.000002987	38.48	355.5	298.86	350.2	350.9	350.9	351.5	351.4	351.7	351.6	352.4	351.8	352.7	352.4	353	352	355.5	357.8	360.2										
6792621	652.2	350.29	0.000002987	38.81	355.53	298.85	350.3	350.9	350.9	351.5	351.4	351.7	351.6	352.4	351.9	352.7	352.5	353	352	355.5	357.8	360.1										
6792631	660.3	350.29	0.000002987	39.36	355.52	298.84	350.3	350.9	350.9	351.6	351.4	351.7	351.6	352.4	351.9	352.7	352.5	353	352	355.5	357.9	360.2										
6792641	657.1	350.29	0.000002987	40.41	355.55	298.85	350.3	350.9	350.9	351.6	351.4	351.7	351.6	352.4	351.9	352.7	352.6	353.1	352	355.5	357.9	360.1										
6792651	656.3	350.29	0.000002987	20.09	355.65	298.87	350.3	350.9	350.9	351.6	351.5	351.8	351.6	352.4	351.9	352.7	352.6	353.1	352.1	355.7	358	360.4										
6792661	658.3	350.29	0.000002987	39.65	355.64	298.88	350.3	350.9	350.9	351.5	351.4	351.8	351.7	352.4	351.9	352.7	352.6	353.1	352.1	355.6	357.9	360.4										
6792671	657.9	350.27	0.000002987	39.77	355.66	298.9	350.3	350.9	350.9	351.5	351.4	351.8	351.6	352.4	351.9	352.7	352.5	353	352.1	355.7	358	360.3										
6792681	667.1	350.25	0.000002987	40.29	355.65	298.9	350.3	350.9	350.9	351.5	351.4	351.7	351.6	352.4	351.9	352.7	352.5	353	352.1	355.6	358	360.4										
6792691	650.1	350.26	0.000002987	38.7	355.71	298.94	350.3	350.9	350.9	351.6	351.4	351.7	351.6	352.4	351.9	352.7	352.6	353.1	352.1	355.7	358	360.4										
6792701	654.6	350.24	0.000002987	39.76	355.65	298.93	350.2	350.9	350.9	351.5	351.4	351.8	351.7	352.5	351.9	352.8	352.6	353	352.1	355.6	357.9	360.2										
6792711	655.0	350.22	0.000002987	38.98	355.7	298.91	350.2	350.9	350.9	351.6	351.4	351.7	351.6	352.4	351.9	352.8	352.6	353.1	352.1	355.7	357.9	360.2										
6792721	660.9	350.21	0.000002987	40.2	355.69	298.91	350.2	350.9	350.9	351.5	351.4	351.8	351.6	352.4	351.9	352.7	352.6	353	352	355.7	357.9	360.2										
6792731	658.8	350.19	0.000002988	39.87	355.68	298.88	350.2	350.9	350.9	351.5	351.4	351.8	351.7	352.4	351.9	352.7	352.6	353.1	352	355.7	358	360.3										
6792741	652.9	350.18	0.000002988	39.35	355.7	298.88	350.2	350.8	350.8	351.5	351.3	351.7	351.6	352.4	351.9	352.8	352.6	353.1	352	355.7	357.9	360.2										
6792751	652.0	350.16	0.000002988	39.65	355.64	298.88	350.2	350.8	350.8	351.4	351.3	351.7	351.6	352.4	351.9	352.7	352.5	353	352	355.6	357.9	360.1										
6792761	664.0	350.13	0.000002988	40.21	355.66	298.9	350.1	350.8	350.8	351.4	351.3	351.7	351.6	352.4	351.8	352.7	352.5	353.1	352	355.7	357.9	360.2										
6792771	656.5	350.12	0.000002988	39.75	355.67	298.88	350.1	350.8	350.8	351.4	351.3	351.7	351.5	352.4	351.8	352.6	352.5	353	352	355.7	357.9	360.2										
6792781	660.9	350.09	0.000002988	39.46	355.66	298.89	350.1	350.7	350.8	351.4	351.3	351.6	351.6	352.3	351.8	352.7	352.5	353	352	355.7	357.9	360.2										
6792791	637.1	350.08	0.000002988	38.84	355.67	298.9	350.1	350.8	350.7	351.4	351.3	351.7	351.6	352.4	351.8	352.7	352.5	353	352	355.7	357.8	360										
6792801	634.6	350.05	0.000002988	38.11	355.57	298.9	350.1	350.7	350.7	351.4	351.3	351.6	351.5	352.3	351.8	352.6	352.4	353	352	355.6	357.7	359.8										
6792811	637.1	350.03	0.000002988	39.01	355.57	298.91	350	350.7	350.7	351.4	351.3	351.6	351.5	352.3	351.8	352.6	352.5	352.9	351.9	355.6	357.6	359.8										
6792821	646.6	350.02	0.000002988	39.38	355.54	298.9	350	350.7	350.7	351.3	351.3	351.6	351.5	352.3	351.8	352.6	352.5	353	351.9	355.5	357.7	359.9										
6792831	656.0	350.01	0.000002988	39.8	355.54	298.91	350	350.7	350.7	351.3	351.2	351.6	351.5	352.3	351.8	352.6	352.4	353	351.9	355.5	357.8	360										
6792841	654.6	350.03	0.000002987	39.66	355.57	298.94	350	350.7	350.7	351.4	351.3	351.6	351.5	352.3	351.8	352.6	352.4	352.9	351.9	355.6	357.8	360.1										
6792851	652.1	350.06	0.000002987	39.42	355.61	298.94	350.1	350.7	350.7	351.3	351.2	351.6	351.4	352.2	351.7	352.5	352.4	352.9	352	355.6	357.9	360.1										
6792861	649.6	350.08	0.000002987	39.38	355.62	298.94	350.1	350.8	350.7	351.4	351.2	351.5	351.4	352.2	351.7	352.5	352.3	352.9	352	355.6	357.8	360.1										
6792871	646.6	350.1	0.000002987	39.31	355.63	298.91	350.1	350.7	350.7	351.4	351.3	351.6	351.5	352.3	351.7	352.5	352.4	352.9	352	355.6	357.8	360.1										
6792881	647.5	350.13	0.000002987	39.24	355.65	298.9	350.1	350.8	350.8	351.4	351.3	351.6	351.5	352.3	351.8	352.6	352.4	353	352.1	355.7	357.9	360.2										
6792891	643.7	350.16	0.000002987	39.16	355.68	298.88	350.2	350.8	350.8	351.5	351.4	351.7	351.5	352.3	351.8	352.7	352.5	353	352.1	355.7	357.9	360.2										
6792901	648.9	350.2	0.000002987	39.76	355.7	298.89	350.2	350.9	350.8	351.5	351.4	351.7	351.6	352.4	351.8	352.6	352.5	353	352.1	355.7	357.9	360.2										
6792911	656.2	350.25	0.000002986	40.03	355.75	298.91	350.2	350.9	350.9	351.5	351.4	351.7	351.7	352.5	351.9	352.7	352.5	353	352.2	355.7	358	360.3										
6792921	656.9	350.27	0.000002986	40.02	355.82	298.94	350.3	351	350.9	351.6	351.5	351.8	351.7	352.5	351.9	352.8	352.6	353.1	352.2	355.8	358.1	360.5										
6792931	656.3	350.33	0.000002986	40.02	355.86	298.93	350.3	351	350.9	351.6	351.5	351.8	351.7	352.5	352	352.8	352.6	353.1	352.3	355.9	358.1	360.5										
6792941	657.5	350.37	0.000002986	39.93	355.91	298.94	350.4	351	351	351.7	351.5	351.9	351.7	352.5	352	352.8	352.7	353.2	352.3	355.9	358.2	360.6										
6792951	653.7	350.41	0.000002986	39.97	355.97	298.96	350.4	351	351	351.7	351.6	351.9	351.8	352.6	352	352.9	352.7	353.2	352.4	356	358.3	360.6										
6792961	649.3	350.45	0.000002986	39.35	356.02	298.96	350.5	351.1	351.1	351.7	351.6	351.9	351.8	352.6	352.1	352.9	352.7	353.3	352.4	356	358.2	360.6										
6792971	643.0	350.46	0.000002986	39.36	356.01	298.95	350.5	351.2	351.1	351.8	351.7	352	351.9	352.7	352.1	352.9	352.7	353.3	352.4	356	358.2	360.5										
6792981	642.3	350.47	0.000002986	39.24	355.98	298.95	350.5	351.1	351.1	351.8	351.7	352	351.9	352.7	352.2	353	352.8	353.3	352.4	356	358.2	360.4										
6792991	643.5	350.46	0.000002986	39.49	355.96	298.93	350.5	351.1	351.1	351.8	351.7	352	351.9	352.7	352.2	353	352.8	353.3	352.4	356	358.1	360.4										
6793001	646.8	350.46	0.000002986	39.65	356.01	298.93	350.5	351.1	351.1	351.8	351.7	352	351.9	352.7	352.2	353	352.8	353.4	352.3	356	358.1	360.4										
6793011	644.4	350.43	0.000002986	39.33	356.01	298.96	350.4	351.1	351.1	351.8	351.7	352	351.9	352.7	352.2	353	352.9	353.5	352.4	356	358.2	360.4										
6793021	645.4	350.42	0.000002986	39.69	356	298.97	350.4	351.1	351.1	351.8	351.7	352	351.9	352.7	352.2	353	352.9	353.4	352.4	356	358.1	360.3										
6793031	646.7	350.41	0.000002986	39.49	356.04	298.98	350.4	351.1	351.1	351.7	351.6	352	351.9	352.7	352.1	352.9	352.8	353.4	352.3	356	358.1	360.4										
6793041	645.4	350.39	0.000002986	39.53	356.07	298.99	350.4	351.1	351.1	351.8	351.6	352	351.8	352.6	352.1	352.9	352.8	353.3	352.3	356.1	358.2	360.3										
6793051	644.3	350.38	0.000002986	39.43	356.03	298.97	350.4	351.1	351.1	351.8	351.6	351.9	351.8	352.6	352.1	353	352.8	353.4	352.3	356	358.1	360.3										
6793061	640.5	350.39	0.000002986	39.12	356.07	298.98	350.4	351.1	351.1	351.8	351.7	352	351.9	352.7	352.2	353	352.8	353.4	352.3	356.1	358.1	360.2										
6793071	643.4	350.36	0.000002987	39.45	356.05	298.99	350.4	351	351	351.7	351.6	351.9	351.8	352.6	352.1	353	352.8	353.4	352.3	356.1	358	360.2										
6793081	642.6	350.34	0.000002986	39.24	356.03	299	350.3	351	351	351.7	351.6	351.9	351.8	352.7	352.1	352.9	352.8	353.3	352.3	356	358	360.1										
6793091	636.4	350.33	0.000002987	38.95	355.98	299.02	350.3	351	351	351.7	351.6	351.9	351.8	352.6	352.1	353	352.8	353.3	352.3	356	358	360.1										
6793101	635.1	350.31	0.000002987	39.11	355.97	299.01	350.3	351	351	351.7	351.6	351.9	351.8	352.6	352.1	352.9	352.8	353.5	352.2	356	358	360.1										
6793111	632.6	350.3	0.000002987	38.41	355.95	298.98	350.3	351	351	351.7	351.6	351.9	351.8	352.6	352.1	352.9	352.8	353.3	352.2	356	357.9	360										
6793121	629.7	350.28	0.000002987	38.71	355.88	298.96	350.3	351	350.9	351.6	351.5	351.9	351.7	352.6	352.1	352.9	352.8	353.3	352.2	355.9	357.9	359.9										
6793131	628.3	350.26	0.000002987	38.75	355.9	298.97	350.3	351	350.9	351.6	351.5	351.8	351.7	352.5	352	352.9	352.7	353.2	352.2	355.9	357.8	359.9										
6793141	631.4	350.25	0.000002987	38.36	355.89	298.96	350.2	350.9	350.9	351.6	351.5	351.8	351.7	352.5	352	352.9	352.7	353.2	352.2	355.9	357.8	359.9										
6793151	628.0	350.23	0.000002987	38.16	355.87	298.97	350.2	350.9	350.9	351.6	351.5	351.8	351.7	352.5	352	352.8	352.7	353.3	352.1	355.9	357.8	359.8										
6793161	618.2	350.2	0.000002987	37.97	355.83	298.97	350.2	350.9	350.9	351.6	351.5	351.8	351.7	352.5	352	352.9	352.7	353.2	352.1	355.8	357.7	359.7										
6793171	615.4	350.19	0.000002987	37.72	355.76	298.97	350.2	350.8	350.9	351.6	351.4	351.8	351.7	352.4	351.9	352.8	352.6	353.2	352.1	355.8	357.7	359.6										
6793181	625.3	350.18	0.000002987	38.43	355.77	298.97	350.2	350.8	350.9	351.5	351.4	351.7	351.6	352.5	351.9	352.7	352.6	353.3	352.1	355.8	357.7	359.7										
6793191	625.4	350.18	0.000002987	38.17	355.72	298.99	350.2	350.9	350.8	351.5	351.4	351.7	351.6	352.4	351.9	352.7	352.6	353.1	352.1	355.7	357.8	359.7										
6793201	623.0	350.21	0.000002986	38.16	355.71	299	350.2	350.9	350.9	351.6	351.4	351.7	351.6	352.4	351.9	352.7	352.6	353.2	352.1	355.7	357.8	359.8										
6793211	622.3	350.22	0.000002986	38.43	355.75	299.01	350.2	350.9	350.9	351.5	351.4	351.7	351.6	352.4	351.9	352.7	352.5	353.1	352.1	355.7	357.8	359.8										
6793221	621.9	350.26	0.000002986	37.93	355.71	299.02	350.3	350.9	350.9	351.6	351.5	351.7	351.6	352.4	351.9	352.7	352.6	353.2	352.2	355.7	357.9	359.9										
6793231	622.1	350.3	0.000002986	38.23	355.77	299.01	350.3	350.9	350.9	351.6	351.5	351.7	351.6	352.4	351.9	352.7	352.5	353.1	352.2	355.8	357.8	359.8										
6793241	623.3	350.33	0.000002986	38.27	355.77	299.02	350.3	351	351	351.6	351.5	351.8	351.7	352.5	351.9	352.7	352.6	353.2	352.2	355.8	357.9	359.8										
6793251	614.7	350.37	0.000002986	37.9	355.8	299.03	350.4	351	351	351.7	351.5	351.8	351.7	352.5	351.9	352.8	352.6	353.2	352.3	355.8	357.9	359.8										
6793261	622.3	350.4	0.000002986	38.6	355.79	299.03	350.4	351	351	351.7	351.5	351.8	351.7	352.5	352	352.7	352.6	353.1	352.2	355.8	357.9	359.8										
6793271	627.8	350.44	0.000002986	38.57	355.85	299.04	350.4	351.1	351	351.8	351.6	351.8	351.8	352.5	352	352.8	352.7	353.2	352.3	355.8	358	360										
6793281	626.6	350.46	0.000002986	38.82	355.88	299.05	350.5	351.1	351.1	351.7	351.6	351.9	351.8	352.5	352	352.9	352.7	353.2	352.3	355.9	358.1	360.1										
6793291	631.3	350.53	0.000002986	39.08	355.91	299.03	350.5	351.2	351.1	351.8	351.7	351.9	351.8	352.6	352.1	352.9	352.7	353.3	352.4	355.9	358.2	360.1										
6793301	637.2	350.58	0.000002986	39.22	355.98	299.05	350.6	351.2	351.2	351.8	351.7	352	351.8	352.6	352.1	352.9	352.7	353.3	352.4	356	358.2	360.3										
6793311	638.3	350.61	0.000002986	39.33	356.08	299.07	350.6	351.3	351.2	351.9	351.7	352	351.9	352.6	352.1	352.9	352.7	353.3	352.4	356.1	358.3	360.4										
6793321	640.2	350.64	0.000002985	39.43	356.07	299.06	350.6	351.3	351.2	351.9	351.8	352	351.9	352.7	352.1	353	352.8	353.5	352.5	356.1	358.3	360.4										
6793331	643.5	350.64	0.000002985	39.52	356.16	299.07	350.6	351.3	351.2	351.9	351.8	352	351.9	352.7	352.2	353	352.8	353.4	352.5	356.2	358.3	360.4										
6793341	642.6	350.64	0.000002985	39.49	356.16	299.06	350.6	351.3	351.2	351.9	351.8	352.1	352	352.7	352.2	353.1	352.8	353.5	352.5	356.2	358.3	360.5										
6793351	640.1	350.63	0.000002985	39.38	356.2	299.08	350.6	351.3	351.3	352	351.8	352.1	352	352.8	352.3	353.1	352.9	353.5	352.5	356.2	358.3	360.4										
6793361	636.4	350.63	0.000002985	38.97	356.22	299.09	350.6	351.3	351.3	351.9	351.9	352.1	352	352.8	352.3	353.1	352.9	353.5	352.5	356.2	358.3	360.4										
6793371	621.6	350.63	0.000002985	38.32	356.23	299.1	350.6	351.3	351.3	352	351.9	352.2	352	352.8	352.3	353.1	353	353.6	352.5	356.2	358.2	360.2										
6793381	622.0	350.6	0.000002986	38.51	356.2	299.1	350.6	351.3	351.3	351.9	351.9	352.1	352	352.8	352.3	353.1	352.9	353.6	352.5	356.2	358.1	360.2										
6793391	630.2	350.6	0.000002986	38.84	356.2	299.08	350.6	351.3	351.2	352	351.9	352.2	352	352.8	352.3	353.2	353	353.6	352.5	356.2	358.1	360.1										
6793401	622.9	350.59	0.000003007	38.03	356.18	299.07	350.6	351.3	351.2	351.9	351.8	352.1	352	352.8	352.4	353.1	353	353.5	352.5	356.2	358	360.1										
6793411	623.2	350.57	0.000003007	38.3	356.17	299.07	350.6	351.2	351.2	351.9	351.8	352.1	352	352.8	352.3	353.2	352.9	353.6	352.4	356.2	358	360										
6793421	625.4	350.56	0.000003007	38.47	356.16	299.09	350.6	351.2	351.2	351.9	351.8	352.1	352	352.8	352.3	353.1	353	353.6	352.4	356.2	358.1	360										
6793431	625.4	350.54	0.000003007	38.31	356.14	299.07	350.5	351.2	351.2	351.9	351.7	352	351.9	352.8	352.2	353.1	352.9	353.5	352.4	356.1	358.1	360										
6793441	627.9	350.51	0.000003007	38.68	356.1	299.07	350.5	351.2	351.2	351.9	351.8	352	351.9	352.7	352.2	353	352.9	353.4	352.4	356.1	358	360										
6793451	627.6	350.49	0.000003007	38.08	356.14	299.07	350.5	351.1	351.1	351.9	351.8	352	351.9	352.7	352.2	353	352.9	353.4	352.4	356.1	358.1	360										
6793461	613.8	350.46	0.000003007	37.71	356.15	299.09	350.5	351.1	351.1	351.8	351.7	352	351.9	352.7	352.2	353	352.9	353.5	352.4	356.1	358	359.9										
6793471	609.9	350.45	0.000003007	37.57	356.08	299.08	350.5	351.1	351.1	351.8	351.7	352	351.9	352.7	352.2	352.9	352.8	353.4	352.4	356.1	357.9	359.7										
6793481	607.1	350.43	0.000003008	37.43	356.01	299.08	350.4	351.1	351.1	351.8	351.7	352	351.9	352.7	352.1	353	352.8	353.3	352.3	356	357.9	359.6										
6793491	595.3	350.41	0.000003008	35.61	355.98	299.08	350.4	351.1	351.1	351.8	351.7	352	351.8	352.6	352.1	352.9	352.8	353.4	352.3	356	357.7	359.5										
6793501	604.6	350.39	0.000003008	37.58	355.86	299.08	350.4	351.1	351.1	351.8	351.7	351.9	351.8	352.6	352.1	352.9	352.8	353.3	352.3	355.9	357.6	359.4										
6793511	619.9	350.4	0.000003008	38.37	355.85	299.06	350.4	351	351	351.7	351.6	351.9	351.8	352.6	352.1	352.9	352.7	353.3	352.2	355.9	357.7	359.6										
6793521	623.8	350.38	0.000003008	38.34	355.9	299.06	350.4	351	351	351.7	351.6	351.8	351.7	352.6	352	352.9	352.7	353.3	352.2	355.9	357.9	359.7										
6793531	622.7	350.34	0.000003008	38.3	355.86	299.05	350.3	351	351	351.7	351.6	351.8	351.7	352.5	352	352.8	352.6	353.3	352.2	355.9	357.9	359.8										
6793541	621.6	350.33	0.000003007	38.35	355.93	299.05	350.3	351	351	351.7	351.5	351.8	351.7	352.5	352	352.8	352.6	353.2	352.2	355.9	357.9	359.8										
6793551	618.8	350.34	0.000003007	37.88	355.93	299.08	350.3	351	351	351.7	351.5	351.7	351.7	352.4	351.9	352.7	352.6	353.1	352.3	355.9	357.9	359.8										
6793561	602.3	350.34	0.000003007	37.08	355.97	299.09	350.3	351	351	351.7	351.5	351.8	351.7	352.4	351.9	352.7	352.6	353.1	352.3	356	357.8	359.7										
6793571	601.6	350.37	0.000003007	37.23	355.86	299.06	350.4	351	351	351.7	351.6	351.8	351.7	352.5	352	352.8	352.6	353.2	352.3	355.9	357.7	359.6										
6793581	604.3	350.39	0.000003007	37.23	355.9	299.05	350.4	351.1	351	351.7	351.6	351.8	351.8	352.5	352	352.8	352.6	353.2	352.3	355.9	357.8	359.6										
6793591	583.2	350.42	0.000003007	36.4	355.83	299.06	350.4	351.1	351	351.8	351.6	351.9	351.8	352.6	352	352.8	352.7	353.2	352.3	355.8	357.7	359.5										
6793601	583.3	350.43	0.000003007	35.87	355.84	299.08	350.4	351.1	351.1	351.7	351.7	351.8	351.8	352.5	352	352.8	352.7	353.2	352.3	355.8	357.6	359.4										
6793611	580.9	350.46	0.000003007	36.01	355.81	299.09	350.5	351.1	351.1	351.8	351.7	351.9	351.8	352.6	352	352.9	352.7	353.3	352.3	355.8	357.6	359.3										
6793621	588.9	350.51	0.000003007	36.64	355.79	299.09	350.5	351.1	351.1	351.8	351.7	351.9	351.8	352.6	352	352.9	352.7	353.2	352.3	355.8	357.7	359.3										
6793631	613.0	350.54	0.000003007	37.93	355.81	299.11	350.5	351.1	351.1	351.8	351.7	351.9	351.8	352.6	352	352.9	352.7	353.3	352.3	355.8	357.8	359.6										
6793641	607.1	350.59	0.000003007	37.2	355.85	299.11	350.6	351.2	351.2	351.9	351.7	352	351.8	352.6	352.1	352.9	352.7	353.3	352.4	355.9	357.9	359.8										
6793651	595.0	350.63	0.000003007	37.11	355.88	299.11	350.6	351.2	351.2	351.9	351.7	351.9	351.9	352.6	352.1	352.9	352.7	353.2	352.4	355.9	357.9	359.8										
6793661	603.9	350.67	0.000003007	37.5	355.95	299.13	350.7	351.3	351.2	351.9	351.8	352	351.9	352.6	352.1	352.9	352.7	353.3	352.5	355.9	358	359.8										
6793671	609.0	350.7	0.000003006	37.55	356	299.12	350.7	351.3	351.2	351.9	351.8	352	351.9	352.6	352.1	352.9	352.7	353.2	352.5	356	358	360										
31560786	0.0	0	0.000003006	37.08	355.99	299.14	350.7	351.4	351.3	352	351.9	352.1	352	352.7	352.2	352.9	352.8	353.3	352.5	356	358.1	359.9										
31560786	0.0	0	0.000003007	37.18	356	299.12	350.8	351.4	351.4	352.1	351.9	352.1	352	352.8	352.2	353	352.9	353.5	352.6	356	358	359.8										
