#1 will need to update the number of rows in the next header row by noting file rows length and subtracting 2:
float	DNI_THTFin_vdot(221,23)		#vectors: (SecOfYear), DNI (W/m2), THTF_in (K), vdot (m3/s), Egen(W), THTF_out (K), Tcavity (K), THTFout(K), Tcav(K), T_s3m6in, T_s3m6out, T_s3m5in, T_s3m5out, T_s3m4in, T_s3m4out, T_s3m3in, T_s3m3out, T_s3m2in, T_s3m2out, T_s3m1in, T_s3m1out, T_s2m6in, T_s2m1out, T_s2m2or3, T_s2m3or2
0	1.2	348.74	0.000002574	0.00	343.35	298.39	348.74	348.53	348.41	348.05	347.91	347.22	347.08	347.02	346.46	346.44	346.26	346.10	345.00	343.35	346.06	346.55
6787901.075	582.9	349.54	0.000000010	0.00	345.50	299.39	349.5	349.4	349.4	349.0	348.9	348.3	348.3	348.3	347.8	347.8	347.6	347.6	346.7	345.5	347.7	348.0
6787911.122	558.6	349.56	0.000000010	0.00	345.51	299.37	349.6	349.4	349.4	349.0	348.9	348.4	348.3	348.3	347.8	347.8	347.6	347.6	346.7	345.5	347.7	348.1
6787921.068	603.0	349.60	0.000000010	0.00	345.51	299.38	349.6	349.4	349.4	349.1	349.0	348.4	348.3	348.3	347.8	347.8	347.7	347.6	346.7	345.5	347.7	348.1
6787931.065	605.0	349.62	0.000000010	0.00	345.50	299.37	349.6	349.4	349.4	349.1	349.0	348.4	348.3	348.3	347.8	347.8	347.7	347.6	346.7	345.5	347.7	348.1
6787941.111	609.2	349.64	0.000000010	0.00	345.51	299.39	349.6	349.5	349.4	349.1	349.0	348.4	348.3	348.3	347.8	347.8	347.7	347.6	346.7	345.5	347.7	348.2
6787951.108	596.6	349.68	0.000000010	0.00	345.53	299.40	349.7	349.5	349.5	349.1	349.0	348.4	348.3	348.3	347.8	347.9	347.7	347.6	346.8	345.5	347.8	348.2
6787961.104	599.0	349.69	0.000000010	0.00	345.54	299.39	349.7	349.5	349.5	349.2	349.1	348.5	348.4	348.3	347.9	347.9	347.7	347.6	346.8	345.5	347.8	348.2
6787971.100	594.1	349.75	0.000000010	0.00	345.56	299.41	349.7	349.6	349.5	349.2	349.1	348.5	348.4	348.4	347.9	347.9	347.7	347.6	346.8	345.6	347.8	348.2
6787981.097	606.3	349.76	0.000000010	0.00	345.58	299.41	349.8	349.6	349.6	349.2	349.1	348.5	348.4	348.4	347.9	347.9	347.7	347.7	346.9	345.6	347.8	348.2
6787991.093	580.4	349.79	0.000000010	0.00	345.61	299.41	349.8	349.6	349.6	349.3	349.1	348.5	348.4	348.4	347.9	347.9	347.8	347.7	346.9	345.6	347.8	348.2
6788001.090	588.1	349.82	0.000000010	0.00	345.61	299.44	349.8	349.7	349.6	349.3	349.2	348.6	348.5	348.4	348.0	348.0	347.8	347.7	346.9	345.6	347.8	348.2
6788011.086	614.7	349.81	0.000000010	0.00	345.63	299.46	349.8	349.6	349.6	349.3	349.2	348.6	348.5	348.5	348.0	348.0	347.8	347.7	346.9	345.6	347.8	348.2
6788021.083	612.2	349.81	0.000000010	1.94	345.64	299.46	349.8	349.7	349.6	349.3	349.2	348.6	348.5	348.5	348.0	348.0	347.9	347.7	346.9	345.6	347.8	348.2
6788031.079	568.7	349.80	0.000000010	0.62	345.68	299.43	349.8	349.6	349.6	349.3	349.2	348.6	348.5	348.5	348.0	348.0	347.9	347.8	346.9	345.7	347.8	348.2
6788041.075	627.3	349.78	0.000000010	1.86	345.97	299.43	349.8	349.6	349.6	349.3	349.2	348.6	348.5	348.5	348.0	348.0	347.9	347.8	346.8	346.0	347.8	348.1
6788051.022	626.0	349.76	0.000000010	1.86	346.18	299.44	349.8	349.6	349.6	349.3	349.2	348.6	348.5	348.5	348.0	348.0	347.9	347.8	346.8	346.2	347.7	348.1
6788061.068	590.3	349.73	0.000000010	1.72	346.33	299.45	349.7	349.6	349.6	349.3	349.2	348.6	348.5	348.5	348.0	348.0	347.8	347.8	346.8	346.3	347.7	348.1
6788071.065	631.5	349.71	0.000000010	2.24	346.39	299.44	349.7	349.6	349.6	349.2	349.1	348.6	348.5	348.4	347.9	348.0	347.8	347.7	346.8	346.4	347.7	348.1
6788081.061	637.6	349.69	0.000000010	2.22	346.45	299.46	349.7	349.5	349.5	349.2	349.1	348.5	348.4	348.4	347.9	348.0	347.8	347.7	346.8	346.5	347.7	348.1
6788091.058	632.8	349.66	0.000003000	2.31	346.46	299.47	349.7	349.5	349.5	349.2	349.1	348.5	348.4	348.4	347.9	348.0	347.8	347.7	346.7	346.5	347.7	348.1
6788101.054	642.1	349.64	0.000003000	2.32	346.48	299.44	349.6	349.5	349.5	349.2	349.1	348.5	348.4	348.4	347.9	347.9	347.8	347.7	346.7	346.5	347.8	348.2
6788111.050	638.5	349.63	0.000002999	2.32	346.47	299.43	349.6	349.5	349.5	349.2	349.0	348.5	348.4	348.4	347.9	347.9	347.8	347.7	346.8	346.5	347.8	348.2
6788120.997	644.0	349.61	0.000003000	4.25	346.47	299.43	349.6	349.4	349.5	349.1	349.0	348.5	348.4	348.4	347.9	347.9	347.8	347.7	346.8	346.5	347.9	348.3
6788130.993	646.6	349.57	0.000002999	1.93	346.51	299.41	349.6	349.5	349.5	349.2	349.1	348.5	348.4	348.4	347.9	347.9	347.7	347.6	346.9	346.5	348.0	348.4
6788141.040	648.3	349.54	0.000002999	13.85	346.52	299.39	349.5	349.6	349.6	349.3	349.1	348.5	348.4	348.4	347.9	347.9	347.7	347.7	346.9	346.5	348.1	348.5
6788151.036	655.7	349.52	0.000002999	14.90	346.57	299.39	349.5	349.6	349.7	349.3	349.2	348.6	348.5	348.5	348.0	348.0	347.8	347.7	347.0	346.6	348.2	348.6
6788160.983	654.2	349.52	0.000002999	15.87	346.62	299.39	349.5	349.8	349.7	349.4	349.3	348.7	348.6	348.5	348.0	348.0	347.9	347.8	347.1	346.6	348.3	348.7
6788170.979	653.3	349.51	0.000002999	16.71	346.70	299.39	349.5	349.9	349.8	349.5	349.3	348.7	348.6	348.6	348.1	348.1	347.9	347.8	347.2	346.7	348.3	348.7
6788181.025	654.3	349.48	0.000002999	16.69	346.75	299.36	349.5	350.1	350.0	349.6	349.5	348.9	348.8	348.7	348.2	348.2	348.0	347.9	347.2	346.8	348.4	348.8
6788190.972	662.0	349.47	0.000002999	23.99	347.20	299.34	349.5	350.1	350.0	349.7	349.6	349.0	348.8	348.8	348.3	348.3	348.1	348.0	347.3	347.2	350.4	351.8
6788200.969	661.8	349.48	0.000002999	26.09	349.14	299.32	349.5	350.2	350.1	349.8	349.7	349.1	349.0	348.9	348.4	348.4	348.2	348.1	347.8	349.1	354.6	354.9
6788211.018	659.7	349.50	0.000002998	28.30	349.77	299.28	349.5	350.2	350.2	349.8	349.7	349.1	349.0	349.0	348.5	348.5	348.3	348.2	348.7	349.8	355.9	355.7
6788221.016	660.4	349.53	0.000002997	28.95	350.43	299.26	349.5	350.2	350.2	349.9	349.7	349.1	349.0	349.0	348.5	348.5	348.3	348.2	349.4	350.4	356.5	356.5
6788231.015	661.8	349.53	0.000002997	28.94	351.11	299.26	349.5	350.3	350.2	350.0	349.8	349.2	349.1	349.0	348.5	348.6	348.4	348.3	349.8	351.1	356.9	357.2
6788241.013	660.5	349.55	0.000002996	29.30	351.67	299.23	349.6	350.4	350.3	350.4	350.3	350.1	349.8	349.8	349.1	349.1	348.8	348.6	350.1	351.7	357.1	357.5
6788250.961	661.3	349.57	0.000002995	29.40	352.23	299.20	349.6	350.2	350.3	350.6	350.4	350.5	350.4	350.8	350.1	350.7	350.4	350.3	350.3	352.2	357.3	357.8
6788260.960	667.2	349.60	0.000002995	29.71	352.62	299.16	349.6	350.2	350.2	350.6	350.4	350.6	350.4	350.9	350.4	351.1	350.8	350.8	350.5	352.6	357.6	358.1
6788271.008	656.1	349.65	0.000002994	28.62	352.85	299.13	349.6	350.2	350.2	350.6	350.5	350.6	350.5	351.0	350.5	351.2	351.1	351.2	350.6	352.8	357.8	358.2
6788281.007	656.7	349.68	0.000002993	28.66	353.04	299.09	349.7	350.2	350.2	350.6	350.5	350.7	350.6	351.1	350.6	351.4	351.2	351.4	350.7	353.0	357.8	358.2
6788291.005	651.9	349.71	0.000002993	28.68	353.23	299.05	349.7	350.3	350.3	350.7	350.5	350.7	350.6	351.2	350.7	351.5	351.3	351.5	350.7	353.2	357.8	358.3
6788301.004	644.5	349.74	0.000002993	28.19	353.37	299.02	349.7	350.3	350.3	350.7	350.6	350.8	350.7	351.3	350.7	351.6	351.4	351.7	350.8	353.4	357.8	358.1
6788310.952	637.0	349.77	0.000002992	23.62	353.60	298.96	349.8	350.4	350.3	350.8	350.6	350.8	350.7	351.3	350.8	351.7	351.5	351.7	350.9	353.6	357.5	359.9
6788321.000	633.8	349.78	0.000002992	25.17	353.98	298.95	349.8	350.4	350.3	350.8	350.6	350.9	350.7	351.4	350.8	351.8	351.6	351.8	350.9	354.0	357.8	361.3
6788330.999	615.2	349.80	0.000002992	17.47	354.25	298.93	349.8	350.4	350.4	350.8	350.6	350.9	350.8	351.4	350.9	351.8	351.6	351.9	351.0	354.2	357.5	360.4
6788340.997	639.7	349.81	0.000002992	25.27	354.08	298.92	349.8	350.4	350.4	350.8	350.7	350.9	350.8	351.4	350.9	351.8	351.6	351.9	351.1	354.1	357.0	359.2
6788350.996	644.8	349.81	0.000002991	21.41	354.24	298.94	349.8	350.4	350.4	350.8	350.7	350.9	350.8	351.4	350.9	351.8	351.6	351.9	351.1	354.2	356.7	359.3
6788360.944	642.4	349.81	0.000002991	21.26	354.28	298.93	349.8	350.6	350.5	350.8	350.7	350.9	350.8	351.5	350.9	351.9	351.6	351.9	351.1	354.3	356.4	359.0
6788370.993	658.7	349.80	0.000002991	21.72	354.36	298.90	349.8	350.7	350.6	351.0	350.9	351.0	350.9	351.7	351.1	352.0	351.8	352.0	351.1	354.4	356.5	359.0
6788380.941	653.4	349.80	0.000002991	21.66	354.44	298.89	349.8	350.7	350.6	351.1	350.9	351.1	351.0	351.8	351.3	352.1	352.0	352.2	351.1	354.4	356.5	359.0
6788390.939	656.1	349.79	0.000002991	21.86	354.52	298.89	349.8	350.8	350.7	351.1	350.9	351.1	351.0	351.7	351.2	352.1	351.9	352.1	351.2	354.5	356.4	359.0
6788400.988	657.8	349.78	0.000002991	22.14	354.61	298.89	349.8	350.7	350.7	351.1	350.9	351.2	351.1	351.8	351.3	352.0	351.8	352.2	351.2	354.6	356.4	359.1
6788410.986	659.3	349.76	0.000002991	21.77	354.64	298.87	349.8	350.7	350.7	351.1	351.0	351.2	351.1	351.8	351.3	352.0	351.8	352.1	351.2	354.6	356.5	359.2
6788420.985	665.5	349.75	0.000002990	26.08	354.83	298.87	349.7	350.7	350.7	351.1	351.0	351.2	351.1	351.8	351.3	352.0	351.8	352.1	351.2	354.8	357.7	361.7
6788430.983	668.5	349.73	0.000002990	26.11	355.03	298.85	349.7	350.7	350.7	351.1	351.0	351.2	351.1	351.9	351.3	352.0	351.8	352.2	351.3	355.0	358.6	362.0
6788440.932	664.4	349.71	0.000002990	24.87	355.29	298.83	349.7	350.7	350.7	351.1	351.0	351.3	351.2	351.8	351.3	352.1	351.9	352.2	351.5	355.3	359.0	363.2
6788450.930	661.3	349.70	0.000002990	24.72	355.02	298.83	349.7	350.6	350.7	351.1	351.0	351.3	351.2	351.8	351.3	352.1	351.8	352.2	351.6	355.0	359.2	363.4
6788460.978	667.5	349.69	0.000002990	25.04	354.85	298.82	349.7	350.7	350.6	351.1	351.0	351.2	351.2	351.9	351.4	352.1	351.9	352.2	351.7	354.8	359.3	363.5
6788470.977	671.3	349.68	0.000002990	30.43	354.85	298.82	349.7	350.6	350.6	351.1	351.0	351.2	351.2	352.0	351.4	352.3	352.0	352.3	351.7	354.8	359.2	362.8
6788480.975	673.0	349.65	0.000002990	30.55	354.89	298.83	349.6	350.6	350.5	351.0	350.9	351.2	351.1	352.0	351.5	352.4	352.2	352.5	351.7	354.9	359.1	360.4
6788490.924	674.5	349.64	0.000002990	30.73	354.88	298.84	349.6	350.6	350.6	351.1	350.9	351.2	351.1	352.1	351.5	352.5	352.3	352.6	351.6	354.9	359.2	359.6
6788500.923	672.9	349.61	0.000002990	31.14	354.93	298.84	349.6	350.3	350.4	350.8	350.7	351.0	351.0	352.0	351.5	352.6	352.4	352.8	351.5	354.9	359.1	359.2
6788510.923	674.7	349.60	0.000002990	31.06	354.88	298.84	349.6	350.3	350.3	350.8	350.7	351.0	350.9	351.9	351.4	352.5	352.3	352.7	351.5	354.9	359.2	359.1
6788520.922	673.9	349.59	0.000002990	30.96	354.88	298.83	349.6	350.2	350.2	350.7	350.6	350.9	350.8	351.9	351.4	352.4	352.3	352.7	351.4	354.9	359.0	359.0
6788530.921	679.8	349.59	0.000002990	30.75	354.84	298.80	349.6	350.3	350.2	350.7	350.6	350.9	350.8	351.7	351.2	352.3	352.2	352.6	351.4	354.8	359.2	359.0
6788540.971	667.4	349.59	0.000002990	30.94	354.81	298.80	349.6	350.3	350.2	350.7	350.6	350.9	350.8	351.6	351.1	352.2	352.0	352.4	351.4	354.8	359.1	358.9
6788550.920	670.4	349.63	0.000002990	30.79	354.81	298.80	349.6	350.3	350.2	350.8	350.6	350.9	350.8	351.6	351.1	352.1	352.0	352.4	351.4	354.8	359.2	359.0
6788560.970	664.2	349.67	0.000002989	30.82	354.79	298.80	349.7	350.3	350.3	350.8	350.7	350.9	350.9	351.6	351.1	352.2	352.0	352.5	351.5	354.8	357.6	358.9
6788570.969	664.2	349.70	0.000002989	29.85	354.89	298.77	349.7	350.3	350.3	350.7	350.6	350.9	350.8	351.6	351.1	352.2	352.0	352.4	351.4	354.9	358.8	358.9
6788580.969	647.0	349.74	0.000002989	30.15	354.80	298.78	349.7	350.4	350.3	350.8	350.7	351.0	350.9	351.6	351.1	352.2	352.0	352.4	351.4	354.8	358.8	358.8
6788590.918	676.8	349.77	0.000002989	31.40	354.68	298.77	349.8	350.4	350.4	350.9	350.7	351.0	350.9	351.6	351.1	352.2	352.1	352.4	351.5	354.7	359.2	358.9
6788600.917	677.6	349.79	0.000002989	31.23	354.83	298.77	349.8	350.4	350.4	350.9	350.8	351.0	350.9	351.7	351.1	352.2	352.1	352.4	351.5	354.8	359.4	359.1
6788610.917	674.3	349.82	0.000002989	30.79	354.89	298.78	349.8	350.5	350.4	350.9	350.8	351.1	351.0	351.7	351.2	352.1	351.9	352.4	351.5	354.9	358.9	359.1
6788620.966	680.6	349.85	0.000002989	23.63	354.94	298.77	349.9	350.5	350.5	350.9	350.8	351.1	351.0	351.7	351.2	352.2	352.0	352.4	351.6	354.9	358.9	358.6
6788630.916	680.2	349.90	0.000002989	30.04	355.03	298.78	349.9	350.5	350.5	351.0	350.8	351.1	351.0	351.7	351.2	352.3	352.1	352.5	351.6	355.0	358.4	358.9
6788640.965	671.2	349.93	0.000002989	31.84	355.05	298.79	349.9	350.5	350.5	351.0	350.9	351.1	351.0	351.8	351.2	352.3	352.1	352.4	351.6	355.1	359.0	359.3
6788650.965	672.8	349.97	0.000002989	32.67	355.07	298.77	350.0	350.6	350.6	351.1	350.9	351.2	351.1	351.9	351.3	352.4	352.2	352.6	351.6	355.1	359.8	359.7
6788660.914	668.9	350.00	0.000002988	32.44	354.98	298.77	350.0	350.6	350.6	351.1	350.9	351.2	351.1	351.8	351.3	352.4	352.2	352.6	351.7	355.0	360.2	360.0
6788670.963	664.1	350.01	0.000002988	32.30	355.05	298.79	350.0	350.6	350.6	351.1	351.0	351.2	351.1	351.9	351.3	352.4	352.2	352.6	351.8	355.1	360.3	360.0
6788680.963	666.8	350.05	0.000002988	33.30	355.13	298.78	350.0	350.7	350.6	351.1	350.9	351.2	351.1	351.8	351.3	352.4	352.1	352.6	351.9	355.1	360.4	360.2
6788690.912	667.7	350.05	0.000002988	33.14	355.18	298.77	350.1	350.7	350.7	351.2	351.0	351.3	351.1	351.8	351.3	352.3	352.2	352.6	351.9	355.2	360.3	360.2
6788700.962	664.4	350.07	0.000002988	33.64	355.26	298.78	350.1	350.7	350.7	351.2	351.1	351.3	351.3	352.0	351.5	352.6	352.3	352.7	352.0	355.3	360.3	360.2
6788710.961	673.0	350.08	0.000002988	33.90	355.34	298.79	350.1	350.7	350.7	351.3	351.1	351.5	351.4	352.1	351.5	352.7	352.5	352.9	352.0	355.3	360.5	360.3
6788720.961	675.5	350.07	0.000002988	33.71	355.42	298.80	350.1	350.8	350.7	351.3	351.1	351.5	351.4	352.1	351.6	352.8	352.6	352.9	352.0	355.4	360.5	360.3
6788730.960	665.4	350.04	0.000002988	33.43	355.49	298.81	350.0	350.7	350.7	351.2	351.1	351.5	351.4	352.1	351.6	352.7	352.5	353.0	352.1	355.5	360.5	360.2
6788740.959	661.0	350.02	0.000002988	33.67	355.46	298.82	350.0	350.7	350.7	351.3	351.1	351.5	351.4	352.1	351.6	352.8	352.6	353.0	352.1	355.5	360.4	360.1
6788750.909	666.3	350.02	0.000002988	33.97	355.49	298.81	350.0	350.7	350.7	351.2	351.1	351.5	351.4	352.1	351.6	352.7	352.6	353.0	352.1	355.5	360.5	360.4
6788760.908	658.7	350.00	0.000002988	33.75	355.52	298.81	350.0	350.7	350.6	351.2	351.1	351.5	351.4	352.1	351.6	352.8	352.6	353.1	352.0	355.5	360.3	360.3
6788770.908	660.6	349.98	0.000002988	33.20	355.52	298.83	350.0	350.7	350.6	351.3	351.1	351.5	351.4	352.2	351.6	352.8	352.6	353.1	352.1	355.5	360.5	359.8
6788780.907	660.3	349.96	0.000002988	33.09	355.53	298.83	350.0	350.6	350.6	351.2	351.1	351.4	351.4	352.2	351.6	352.7	352.6	353.1	352.0	355.5	360.4	360.0
6788790.907	656.6	349.95	0.000002988	33.07	355.48	298.83	349.9	350.6	350.6	351.2	351.1	351.5	351.3	352.2	351.6	352.8	352.6	353.1	352.0	355.5	360.3	360.0
6788800.906	652.6	349.92	0.000002988	32.50	355.45	298.83	349.9	350.6	350.6	351.2	351.1	351.5	351.3	352.1	351.6	352.8	352.6	353.0	352.0	355.4	360.1	359.9
6788810.955	651.7	349.92	0.000002989	33.18	355.41	298.82	349.9	350.6	350.6	351.1	351.1	351.4	351.3	352.2	351.6	352.8	352.6	353.1	352.0	355.4	360.1	359.8
6788820.955	656.0	349.89	0.000002989	32.65	355.40	298.83	349.9	350.6	350.6	351.2	351.0	351.3	351.3	352.1	351.6	352.7	352.6	353.0	351.9	355.4	360.1	359.7
6788830.904	658.2	349.87	0.000002989	35.04	355.38	298.82	349.9	350.6	350.5	351.1	351.0	351.4	351.3	352.1	351.6	352.7	352.6	353.0	351.9	355.4	359.9	359.8
6788840.954	666.5	349.87	0.000002988	37.64	355.38	298.84	349.9	350.5	350.5	351.1	351.0	351.3	351.2	352.0	351.5	352.6	352.5	353.0	351.9	355.4	359.3	359.9
6788850.903	664.4	349.84	0.000002988	39.08	355.42	298.83	349.8	350.5	350.5	351.1	351.0	351.3	351.2	352.0	351.5	352.7	352.5	353.0	351.9	355.4	358.3	359.9
6788860.953	661.9	349.82	0.000002988	39.33	355.40	298.83	349.8	350.5	350.5	351.0	350.9	351.2	351.2	351.9	351.5	352.6	352.4	352.9	351.8	355.4	357.7	359.9
6788870.902	665.2	349.81	0.000002988	39.31	355.39	298.82	349.8	350.5	350.5	351.1	350.9	351.3	351.2	352.0	351.4	352.6	352.4	352.9	351.7	355.4	357.6	359.9
6788880.901	660.7	349.82	0.000002988	39.29	355.36	298.83	349.8	350.5	350.5	351.0	350.9	351.3	351.2	352.0	351.5	352.6	352.4	353.0	351.7	355.4	357.6	359.9
6788890.951	655.2	349.84	0.000002988	39.05	355.33	298.84	349.8	350.5	350.5	351.1	351.0	351.3	351.2	352.0	351.4	352.6	352.3	352.9	351.7	355.3	357.6	359.9
6788900.950	644.4	349.86	0.000002988	37.93	355.32	298.82	349.9	350.5	350.5	351.1	351.0	351.4	351.2	352.0	351.5	352.4	352.3	352.8	351.7	355.3	357.5	359.9
6788910.950	655.2	349.90	0.000002988	39.65	355.21	298.82	349.9	350.6	350.5	351.1	351.0	351.4	351.2	352.0	351.5	352.4	352.2	352.7	351.7	355.2	357.4	359.7
6788920.899	667.0	349.94	0.000002988	39.69	355.24	298.82	349.9	350.6	350.6	351.2	351.1	351.4	351.3	352.1	351.6	352.4	352.2	352.6	351.7	355.2	357.6	360.0
6788930.899	671.2	349.97	0.000002988	39.92	355.27	298.80	350.0	350.6	350.6	351.2	351.1	351.4	351.3	352.1	351.6	352.4	352.2	352.7	351.7	355.3	357.7	360.1
6788940.948	671.9	350.00	0.000002988	39.82	355.31	298.80	350.0	350.6	350.6	351.2	351.1	351.4	351.4	352.1	351.6	352.4	352.2	352.7	351.8	355.3	357.7	360.3
6788950.897	672.3	350.03	0.000002988	40.06	355.31	298.80	350.0	350.7	350.6	351.2	351.1	351.4	351.3	352.1	351.6	352.4	352.2	352.7	351.8	355.3	357.8	360.3
6788960.947	672.3	350.06	0.000002987	39.69	355.36	298.83	350.1	350.7	350.7	351.2	351.1	351.5	351.3	352.1	351.6	352.4	352.2	352.7	351.9	355.4	357.9	360.4
6788970.896	667.1	350.10	0.000002987	39.63	355.43	298.83	350.1	350.7	350.7	351.3	351.2	351.5	351.4	352.2	351.7	352.4	352.3	352.8	351.9	355.4	357.9	360.4
6788980.946	661.8	350.14	0.000002987	39.18	355.45	298.83	350.1	350.8	350.8	351.4	351.2	351.6	351.5	352.2	351.7	352.5	352.3	352.8	352.0	355.4	357.9	360.3
6788990.895	657.3	350.17	0.000002987	39.21	355.47	298.83	350.2	350.8	350.8	351.4	351.3	351.6	351.5	352.3	351.7	352.6	352.4	352.8	352.0	355.5	357.8	360.3
6789000.895	654.1	350.22	0.000002987	38.68	355.53	298.86	350.2	350.9	350.8	351.5	351.3	351.7	351.6	352.3	351.8	352.6	352.4	352.9	352.0	355.5	357.8	360.2
6789010.944	653.8	350.24	0.000002987	38.48	355.50	298.86	350.2	350.9	350.9	351.5	351.4	351.7	351.6	352.4	351.8	352.7	352.4	353.0	352.0	355.5	357.8	360.2
6789020.943	652.2	350.29	0.000002987	38.81	355.53	298.85	350.3	350.9	350.9	351.5	351.4	351.7	351.6	352.4	351.9	352.7	352.5	353.0	352.0	355.5	357.8	360.1
6789030.893	660.3	350.29	0.000002987	39.36	355.52	298.84	350.3	350.9	350.9	351.6	351.4	351.7	351.6	352.4	351.9	352.7	352.5	353.0	352.0	355.5	357.9	360.2
6789040.892	657.1	350.29	0.000002987	40.41	355.55	298.85	350.3	350.9	350.9	351.6	351.4	351.7	351.6	352.4	351.9	352.7	352.6	353.1	352.0	355.5	357.9	360.1
6789050.942	656.3	350.29	0.000002987	20.09	355.65	298.87	350.3	350.9	350.9	351.6	351.5	351.8	351.6	352.4	351.9	352.7	352.6	353.1	352.1	355.7	358.0	360.4
6789060.941	658.3	350.29	0.000002987	39.65	355.64	298.88	350.3	350.9	350.9	351.5	351.4	351.8	351.7	352.4	351.9	352.7	352.6	353.1	352.1	355.6	357.9	360.4
6789070.891	657.9	350.27	0.000002987	39.77	355.66	298.90	350.3	350.9	350.9	351.5	351.4	351.8	351.6	352.4	351.9	352.7	352.5	353.0	352.1	355.7	358.0	360.3
6789080.890	667.1	350.25	0.000002987	40.29	355.65	298.90	350.3	350.9	350.9	351.5	351.4	351.7	351.6	352.4	351.9	352.7	352.5	353.0	352.1	355.6	358.0	360.4
6789090.939	650.1	350.26	0.000002987	38.70	355.71	298.94	350.3	350.9	350.9	351.6	351.4	351.7	351.6	352.4	351.9	352.7	352.6	353.1	352.1	355.7	358.0	360.4
6789100.939	654.6	350.24	0.000002987	39.76	355.65	298.93	350.2	350.9	350.9	351.5	351.4	351.8	351.7	352.5	351.9	352.8	352.6	353.0	352.1	355.6	357.9	360.2
6789110.888	655.0	350.22	0.000002987	38.98	355.70	298.91	350.2	350.9	350.9	351.6	351.4	351.7	351.6	352.4	351.9	352.8	352.6	353.1	352.1	355.7	357.9	360.2
6789120.938	660.9	350.21	0.000002987	40.20	355.69	298.91	350.2	350.9	350.9	351.5	351.4	351.8	351.6	352.4	351.9	352.7	352.6	353.0	352.0	355.7	357.9	360.2
6789130.937	658.8	350.19	0.000002988	39.87	355.68	298.88	350.2	350.9	350.9	351.5	351.4	351.8	351.7	352.4	351.9	352.7	352.6	353.1	352.0	355.7	358.0	360.3
6789140.937	652.9	350.18	0.000002988	39.35	355.70	298.88	350.2	350.8	350.8	351.5	351.3	351.7	351.6	352.4	351.9	352.8	352.6	353.1	352.0	355.7	357.9	360.2
6789150.936	652.0	350.16	0.000002988	39.65	355.64	298.88	350.2	350.8	350.8	351.4	351.3	351.7	351.6	352.4	351.9	352.7	352.5	353.0	352.0	355.6	357.9	360.1
6789160.935	664.0	350.13	0.000002988	40.21	355.66	298.90	350.1	350.8	350.8	351.4	351.3	351.7	351.6	352.4	351.8	352.7	352.5	353.1	352.0	355.7	357.9	360.2
6789170.885	656.5	350.12	0.000002988	39.75	355.67	298.88	350.1	350.8	350.8	351.4	351.3	351.7	351.5	352.4	351.8	352.6	352.5	353.0	352.0	355.7	357.9	360.2
6789180.934	660.9	350.09	0.000002988	39.46	355.66	298.89	350.1	350.7	350.8	351.4	351.3	351.6	351.6	352.3	351.8	352.7	352.5	353.0	352.0	355.7	357.9	360.2
6789190.934	637.1	350.08	0.000002988	38.84	355.67	298.90	350.1	350.8	350.7	351.4	351.3	351.7	351.6	352.4	351.8	352.7	352.5	353.0	352.0	355.7	357.8	360.0
6789200.933	634.6	350.05	0.000002988	38.11	355.57	298.90	350.1	350.7	350.7	351.4	351.3	351.6	351.5	352.3	351.8	352.6	352.4	353.0	352.0	355.6	357.7	359.8
6789210.883	637.1	350.03	0.000002988	39.01	355.57	298.91	350.0	350.7	350.7	351.4	351.3	351.6	351.5	352.3	351.8	352.6	352.5	352.9	351.9	355.6	357.6	359.8
6789220.882	646.6	350.02	0.000002988	39.38	355.54	298.90	350.0	350.7	350.7	351.3	351.3	351.6	351.5	352.3	351.8	352.6	352.5	353.0	351.9	355.5	357.7	359.9
6789230.931	656.0	350.01	0.000002988	39.80	355.54	298.91	350.0	350.7	350.7	351.3	351.2	351.6	351.5	352.3	351.8	352.6	352.4	353.0	351.9	355.5	357.8	360.0
6789240.931	654.6	350.03	0.000002987	39.66	355.57	298.94	350.0	350.7	350.7	351.4	351.3	351.6	351.5	352.3	351.8	352.6	352.4	352.9	351.9	355.6	357.8	360.1
6789250.930	652.1	350.06	0.000002987	39.42	355.61	298.94	350.1	350.7	350.7	351.3	351.2	351.6	351.4	352.2	351.7	352.5	352.4	352.9	352.0	355.6	357.9	360.1
6789260.930	649.6	350.08	0.000002987	39.38	355.62	298.94	350.1	350.8	350.7	351.4	351.2	351.5	351.4	352.2	351.7	352.5	352.3	352.9	352.0	355.6	357.8	360.1
6789270.929	646.6	350.10	0.000002987	39.31	355.63	298.91	350.1	350.7	350.7	351.4	351.3	351.6	351.5	352.3	351.7	352.5	352.4	352.9	352.0	355.6	357.8	360.1
6789280.929	647.5	350.13	0.000002987	39.24	355.65	298.90	350.1	350.8	350.8	351.4	351.3	351.6	351.5	352.3	351.8	352.6	352.4	353.0	352.1	355.7	357.9	360.2
6789290.928	643.7	350.16	0.000002987	39.16	355.68	298.88	350.2	350.8	350.8	351.5	351.4	351.7	351.5	352.3	351.8	352.7	352.5	353.0	352.1	355.7	357.9	360.2
6789300.927	648.9	350.20	0.000002987	39.76	355.70	298.89	350.2	350.9	350.8	351.5	351.4	351.7	351.6	352.4	351.8	352.6	352.5	353.0	352.1	355.7	357.9	360.2
6789310.927	656.2	350.25	0.000002986	40.03	355.75	298.91	350.2	350.9	350.9	351.5	351.4	351.7	351.7	352.5	351.9	352.7	352.5	353.0	352.2	355.7	358.0	360.3
6789320.876	656.9	350.27	0.000002986	40.02	355.82	298.94	350.3	351.0	350.9	351.6	351.5	351.8	351.7	352.5	351.9	352.8	352.6	353.1	352.2	355.8	358.1	360.5
6789330.876	656.3	350.33	0.000002986	40.02	355.86	298.93	350.3	351.0	350.9	351.6	351.5	351.8	351.7	352.5	352.0	352.8	352.6	353.1	352.3	355.9	358.1	360.5
6789340.925	657.5	350.37	0.000002986	39.93	355.91	298.94	350.4	351.0	351.0	351.7	351.5	351.9	351.7	352.5	352.0	352.8	352.7	353.2	352.3	355.9	358.2	360.6
6789350.925	653.7	350.41	0.000002986	39.97	355.97	298.96	350.4	351.0	351.0	351.7	351.6	351.9	351.8	352.6	352.0	352.9	352.7	353.2	352.4	356.0	358.3	360.6
6789360.924	649.3	350.45	0.000002986	39.35	356.02	298.96	350.5	351.1	351.1	351.7	351.6	351.9	351.8	352.6	352.1	352.9	352.7	353.3	352.4	356.0	358.2	360.6
6789370.923	643.0	350.46	0.000002986	39.36	356.01	298.95	350.5	351.2	351.1	351.8	351.7	352.0	351.9	352.7	352.1	352.9	352.7	353.3	352.4	356.0	358.2	360.5
6789380.923	642.3	350.47	0.000002986	39.24	355.98	298.95	350.5	351.1	351.1	351.8	351.7	352.0	351.9	352.7	352.2	353.0	352.8	353.3	352.4	356.0	358.2	360.4
6789390.922	643.5	350.46	0.000002986	39.49	355.96	298.93	350.5	351.1	351.1	351.8	351.7	352.0	351.9	352.7	352.2	353.0	352.8	353.3	352.4	356.0	358.1	360.4
6789400.922	646.8	350.46	0.000002986	39.65	356.01	298.93	350.5	351.1	351.1	351.8	351.7	352.0	351.9	352.7	352.2	353.0	352.8	353.4	352.3	356.0	358.1	360.4
6789410.921	644.4	350.43	0.000002986	39.33	356.01	298.96	350.4	351.1	351.1	351.8	351.7	352.0	351.9	352.7	352.2	353.0	352.9	353.5	352.4	356.0	358.2	360.4
6789420.871	645.4	350.42	0.000002986	39.69	356.00	298.97	350.4	351.1	351.1	351.8	351.7	352.0	351.9	352.7	352.2	353.0	352.9	353.4	352.4	356.0	358.1	360.3
6789430.870	646.7	350.41	0.000002986	39.49	356.04	298.98	350.4	351.1	351.1	351.7	351.6	352.0	351.9	352.7	352.1	352.9	352.8	353.4	352.3	356.0	358.1	360.4
6789440.919	645.4	350.39	0.000002986	39.53	356.07	298.99	350.4	351.1	351.1	351.8	351.6	352.0	351.8	352.6	352.1	352.9	352.8	353.3	352.3	356.1	358.2	360.3
6789450.919	644.3	350.38	0.000002986	39.43	356.03	298.97	350.4	351.1	351.1	351.8	351.6	351.9	351.8	352.6	352.1	353.0	352.8	353.4	352.3	356.0	358.1	360.3
6789460.918	640.5	350.39	0.000002986	39.12	356.07	298.98	350.4	351.1	351.1	351.8	351.7	352.0	351.9	352.7	352.2	353.0	352.8	353.4	352.3	356.1	358.1	360.2
6789470.918	643.4	350.36	0.000002987	39.45	356.05	298.99	350.4	351.0	351.0	351.7	351.6	351.9	351.8	352.6	352.1	353.0	352.8	353.4	352.3	356.1	358.0	360.2
6789480.917	642.6	350.34	0.000002986	39.24	356.03	299.00	350.3	351.0	351.0	351.7	351.6	351.9	351.8	352.7	352.1	352.9	352.8	353.3	352.3	356.0	358.0	360.1
6789490.917	636.4	350.33	0.000002987	38.95	355.98	299.02	350.3	351.0	351.0	351.7	351.6	351.9	351.8	352.6	352.1	353.0	352.8	353.3	352.3	356.0	358.0	360.1
6789500.866	635.1	350.31	0.000002987	39.11	355.97	299.01	350.3	351.0	351.0	351.7	351.6	351.9	351.8	352.6	352.1	352.9	352.8	353.5	352.2	356.0	358.0	360.1
6789510.915	632.6	350.30	0.000002987	38.41	355.95	298.98	350.3	351.0	351.0	351.7	351.6	351.9	351.8	352.6	352.1	352.9	352.8	353.3	352.2	356.0	357.9	360.0
6789520.915	629.7	350.28	0.000002987	38.71	355.88	298.96	350.3	351.0	350.9	351.6	351.5	351.9	351.7	352.6	352.1	352.9	352.8	353.3	352.2	355.9	357.9	359.9
6789530.914	628.3	350.26	0.000002987	38.75	355.90	298.97	350.3	351.0	350.9	351.6	351.5	351.8	351.7	352.5	352.0	352.9	352.7	353.2	352.2	355.9	357.8	359.9
6789540.864	631.4	350.25	0.000002987	38.36	355.89	298.96	350.2	350.9	350.9	351.6	351.5	351.8	351.7	352.5	352.0	352.9	352.7	353.2	352.2	355.9	357.8	359.9
6789550.863	628.0	350.23	0.000002987	38.16	355.87	298.97	350.2	350.9	350.9	351.6	351.5	351.8	351.7	352.5	352.0	352.8	352.7	353.3	352.1	355.9	357.8	359.8
6789560.913	618.2	350.20	0.000002987	37.97	355.83	298.97	350.2	350.9	350.9	351.6	351.5	351.8	351.7	352.5	352.0	352.9	352.7	353.2	352.1	355.8	357.7	359.7
6789570.912	615.4	350.19	0.000002987	37.72	355.76	298.97	350.2	350.8	350.9	351.6	351.4	351.8	351.7	352.4	351.9	352.8	352.6	353.2	352.1	355.8	357.7	359.6
6789580.861	625.3	350.18	0.000002987	38.43	355.77	298.97	350.2	350.8	350.9	351.5	351.4	351.7	351.6	352.5	351.9	352.7	352.6	353.3	352.1	355.8	357.7	359.7
6789590.911	625.4	350.18	0.000002987	38.17	355.72	298.99	350.2	350.9	350.8	351.5	351.4	351.7	351.6	352.4	351.9	352.7	352.6	353.1	352.1	355.7	357.8	359.7
6789600.860	623.0	350.21	0.000002986	38.16	355.71	299.00	350.2	350.9	350.9	351.6	351.4	351.7	351.6	352.4	351.9	352.7	352.6	353.2	352.1	355.7	357.8	359.8
6789610.860	622.3	350.22	0.000002986	38.43	355.75	299.01	350.2	350.9	350.9	351.5	351.4	351.7	351.6	352.4	351.9	352.7	352.5	353.1	352.1	355.7	357.8	359.8
6789620.909	621.9	350.26	0.000002986	37.93	355.71	299.02	350.3	350.9	350.9	351.6	351.5	351.7	351.6	352.4	351.9	352.7	352.6	353.2	352.2	355.7	357.9	359.9
6789630.859	622.1	350.30	0.000002986	38.23	355.77	299.01	350.3	350.9	350.9	351.6	351.5	351.7	351.6	352.4	351.9	352.7	352.5	353.1	352.2	355.8	357.8	359.8
6789640.908	623.3	350.33	0.000002986	38.27	355.77	299.02	350.3	351.0	351.0	351.6	351.5	351.8	351.7	352.5	351.9	352.7	352.6	353.2	352.2	355.8	357.9	359.8
6789650.907	614.7	350.37	0.000002986	37.90	355.80	299.03	350.4	351.0	351.0	351.7	351.5	351.8	351.7	352.5	351.9	352.8	352.6	353.2	352.3	355.8	357.9	359.8
6789660.907	622.3	350.40	0.000002986	38.60	355.79	299.03	350.4	351.0	351.0	351.7	351.5	351.8	351.7	352.5	352.0	352.7	352.6	353.1	352.2	355.8	357.9	359.8
6789670.906	627.8	350.44	0.000002986	38.57	355.85	299.04	350.4	351.1	351.0	351.8	351.6	351.8	351.8	352.5	352.0	352.8	352.7	353.2	352.3	355.8	358.0	360.0
6789680.856	626.6	350.46	0.000002986	38.82	355.88	299.05	350.5	351.1	351.1	351.7	351.6	351.9	351.8	352.5	352.0	352.9	352.7	353.2	352.3	355.9	358.1	360.1
6789690.905	631.3	350.53	0.000002986	39.08	355.91	299.03	350.5	351.2	351.1	351.8	351.7	351.9	351.8	352.6	352.1	352.9	352.7	353.3	352.4	355.9	358.2	360.1
6789700.855	637.2	350.58	0.000002986	39.22	355.98	299.05	350.6	351.2	351.2	351.8	351.7	352.0	351.8	352.6	352.1	352.9	352.7	353.3	352.4	356.0	358.2	360.3
6789710.904	638.3	350.61	0.000002986	39.33	356.08	299.07	350.6	351.3	351.2	351.9	351.7	352.0	351.9	352.6	352.1	352.9	352.7	353.3	352.4	356.1	358.3	360.4
6789720.903	640.2	350.64	0.000002985	39.43	356.07	299.06	350.6	351.3	351.2	351.9	351.8	352.0	351.9	352.7	352.1	353.0	352.8	353.5	352.5	356.1	358.3	360.4
6789730.903	643.5	350.64	0.000002985	39.52	356.16	299.07	350.6	351.3	351.2	351.9	351.8	352.0	351.9	352.7	352.2	353.0	352.8	353.4	352.5	356.2	358.3	360.4
6789740.902	642.6	350.64	0.000002985	39.49	356.16	299.06	350.6	351.3	351.2	351.9	351.8	352.1	352.0	352.7	352.2	353.1	352.8	353.5	352.5	356.2	358.3	360.5
6789750.902	640.1	350.63	0.000002985	39.38	356.20	299.08	350.6	351.3	351.3	352.0	351.8	352.1	352.0	352.8	352.3	353.1	352.9	353.5	352.5	356.2	358.3	360.4
6789760.851	636.4	350.63	0.000002985	38.97	356.22	299.09	350.6	351.3	351.3	351.9	351.9	352.1	352.0	352.8	352.3	353.1	352.9	353.5	352.5	356.2	358.3	360.4
6789770.901	621.6	350.63	0.000002985	38.32	356.23	299.10	350.6	351.3	351.3	352.0	351.9	352.2	352.0	352.8	352.3	353.1	353.0	353.6	352.5	356.2	358.2	360.2
6789780.900	622.0	350.60	0.000002986	38.51	356.20	299.10	350.6	351.3	351.3	351.9	351.9	352.1	352.0	352.8	352.3	353.1	352.9	353.6	352.5	356.2	358.1	360.2
6789790.849	630.2	350.60	0.000002986	38.84	356.20	299.08	350.6	351.3	351.2	352.0	351.9	352.2	352.0	352.8	352.3	353.2	353.0	353.6	352.5	356.2	358.1	360.1
6789800.849	622.9	350.59	0.000003007	38.03	356.18	299.07	350.6	351.3	351.2	351.9	351.8	352.1	352.0	352.8	352.4	353.1	353.0	353.5	352.5	356.2	358.0	360.1
6789810.898	623.2	350.57	0.000003007	38.30	356.17	299.07	350.6	351.2	351.2	351.9	351.8	352.1	352.0	352.8	352.3	353.2	352.9	353.6	352.4	356.2	358.0	360.0
6789820.898	625.4	350.56	0.000003007	38.47	356.16	299.09	350.6	351.2	351.2	351.9	351.8	352.1	352.0	352.8	352.3	353.1	353.0	353.6	352.4	356.2	358.1	360.0
6789830.897	625.4	350.54	0.000003007	38.31	356.14	299.07	350.5	351.2	351.2	351.9	351.7	352.0	351.9	352.8	352.2	353.1	352.9	353.5	352.4	356.1	358.1	360.0
6789840.897	627.9	350.51	0.000003007	38.68	356.10	299.07	350.5	351.2	351.2	351.9	351.8	352.0	351.9	352.7	352.2	353.0	352.9	353.4	352.4	356.1	358.0	360.0
6789850.896	627.6	350.49	0.000003007	38.08	356.14	299.07	350.5	351.1	351.1	351.9	351.8	352.0	351.9	352.7	352.2	353.0	352.9	353.4	352.4	356.1	358.1	360.0
6789860.845	613.8	350.46	0.000003007	37.71	356.15	299.09	350.5	351.1	351.1	351.8	351.7	352.0	351.9	352.7	352.2	353.0	352.9	353.5	352.4	356.1	358.0	359.9
6789870.895	609.9	350.45	0.000003007	37.57	356.08	299.08	350.5	351.1	351.1	351.8	351.7	352.0	351.9	352.7	352.2	352.9	352.8	353.4	352.4	356.1	357.9	359.7
6789880.844	607.1	350.43	0.000003008	37.43	356.01	299.08	350.4	351.1	351.1	351.8	351.7	352.0	351.9	352.7	352.1	353.0	352.8	353.3	352.3	356.0	357.9	359.6
6789890.894	595.3	350.41	0.000003008	35.61	355.98	299.08	350.4	351.1	351.1	351.8	351.7	352.0	351.8	352.6	352.1	352.9	352.8	353.4	352.3	356.0	357.7	359.5
6789900.843	604.6	350.39	0.000003008	37.58	355.86	299.08	350.4	351.1	351.1	351.8	351.7	351.9	351.8	352.6	352.1	352.9	352.8	353.3	352.3	355.9	357.6	359.4
6789910.893	619.9	350.40	0.000003008	38.37	355.85	299.06	350.4	351.0	351.0	351.7	351.6	351.9	351.8	352.6	352.1	352.9	352.7	353.3	352.2	355.9	357.7	359.6
6789920.892	623.8	350.38	0.000003008	38.34	355.90	299.06	350.4	351.0	351.0	351.7	351.6	351.8	351.7	352.6	352.0	352.9	352.7	353.3	352.2	355.9	357.9	359.7
6789930.891	622.7	350.34	0.000003008	38.30	355.86	299.05	350.3	351.0	351.0	351.7	351.6	351.8	351.7	352.5	352.0	352.8	352.6	353.3	352.2	355.9	357.9	359.8
6789940.891	621.6	350.33	0.000003007	38.35	355.93	299.05	350.3	351.0	351.0	351.7	351.5	351.8	351.7	352.5	352.0	352.8	352.6	353.2	352.2	355.9	357.9	359.8
6789950.840	618.8	350.34	0.000003007	37.88	355.93	299.08	350.3	351.0	351.0	351.7	351.5	351.7	351.7	352.4	351.9	352.7	352.6	353.1	352.3	355.9	357.9	359.8
6789960.890	602.3	350.34	0.000003007	37.08	355.97	299.09	350.3	351.0	351.0	351.7	351.5	351.8	351.7	352.4	351.9	352.7	352.6	353.1	352.3	356.0	357.8	359.7
6789970.889	601.6	350.37	0.000003007	37.23	355.86	299.06	350.4	351.0	351.0	351.7	351.6	351.8	351.7	352.5	352.0	352.8	352.6	353.2	352.3	355.9	357.7	359.6
6789980.889	604.3	350.39	0.000003007	37.23	355.90	299.05	350.4	351.1	351.0	351.7	351.6	351.8	351.8	352.5	352.0	352.8	352.6	353.2	352.3	355.9	357.8	359.6
6789990.888	583.2	350.42	0.000003007	36.40	355.83	299.06	350.4	351.1	351.0	351.8	351.6	351.9	351.8	352.6	352.0	352.8	352.7	353.2	352.3	355.8	357.7	359.5
6790000.887	583.3	350.43	0.000003007	35.87	355.84	299.08	350.4	351.1	351.1	351.7	351.7	351.8	351.8	352.5	352.0	352.8	352.7	353.2	352.3	355.8	357.6	359.4
6790010.887	580.9	350.46	0.000003007	36.01	355.81	299.09	350.5	351.1	351.1	351.8	351.7	351.9	351.8	352.6	352.0	352.9	352.7	353.3	352.3	355.8	357.6	359.3
6790020.836	588.9	350.51	0.000003007	36.64	355.79	299.09	350.5	351.1	351.1	351.8	351.7	351.9	351.8	352.6	352.0	352.9	352.7	353.2	352.3	355.8	357.7	359.3
6790030.886	613.0	350.54	0.000003007	37.93	355.81	299.11	350.5	351.1	351.1	351.8	351.7	351.9	351.8	352.6	352.0	352.9	352.7	353.3	352.3	355.8	357.8	359.6
6790041.035	607.1	350.59	0.000003007	37.20	355.85	299.11	350.6	351.2	351.2	351.9	351.7	352.0	351.8	352.6	352.1	352.9	352.7	353.3	352.4	355.9	357.9	359.8
6790050.835	595.0	350.63	0.000003007	37.11	355.88	299.11	350.6	351.2	351.2	351.9	351.7	351.9	351.9	352.6	352.1	352.9	352.7	353.2	352.4	355.9	357.9	359.8
6790060.834	603.9	350.67	0.000003007	37.50	355.95	299.13	350.7	351.3	351.2	351.9	351.8	352.0	351.9	352.6	352.1	352.9	352.7	353.3	352.5	355.9	358.0	359.8
6790070.883	609.0	350.70	0.000003006	37.55	356.00	299.12	350.7	351.3	351.2	351.9	351.8	352.0	351.9	352.6	352.1	352.9	352.7	353.2	352.5	356.0	358.0	360.0
31557185.890	0.0	0.00	0.000003006	37.08	355.99	299.14	350.7	351.4	351.3	352.0	351.9	352.1	352.0	352.7	352.2	352.9	352.8	353.3	352.5	356.0	358.1	359.9
31557185.900	0.0	0.00	0.000003007	37.18	356.00	299.12	350.8	351.4	351.4	352.1	351.9	352.1	352.0	352.8	352.2	353.0	352.9	353.5	352.6	356.0	358.0	359.8
