#1 will need to update the number of rows in the next header row by noting file rows length and subtracting 2:
float	DNI_THTFin_vdot(421,23)		#vectors: (SecOfYear), DNI (W/m2), THTF_in (K), vdot (m3/s), Egen(W), THTF_out (K), Tcavity (K), THTFout(K), Tcav(K), T_s3m6in, T_s3m6out, T_s3m5in, T_s3m5out, T_s3m4in, T_s3m4out, T_s3m3in, T_s3m3out, T_s3m2in, T_s3m2out, T_s3m1in, T_s3m1out, T_s2m6in, T_s2m1out, T_s2m2or3, T_s2m3or2
0	1.2	348.74	0.000002574	0.00	343.35	298.39	348.74	348.53	348.41	348.05	347.91	347.22	347.08	347.02	346.46	346.44	346.26	346.10	345.00	343.35	346.06	346.55
6701501.075	582.9	349.54	0.000000010	0.00	345.50	299.39	349.5	349.4	349.4	349.0	348.9	348.3	348.3	348.3	347.8	347.8	347.6	347.6	346.7	345.5	347.7	348.0
6701511.122	558.6	349.56	0.000000010	0.00	345.51	299.37	349.6	349.4	349.4	349.0	348.9	348.4	348.3	348.3	347.8	347.8	347.6	347.6	346.7	345.5	347.7	348.1
6701521.068	603.0	349.60	0.000000010	0.00	345.51	299.38	349.6	349.4	349.4	349.1	349.0	348.4	348.3	348.3	347.8	347.8	347.7	347.6	346.7	345.5	347.7	348.1
6701531.065	605.0	349.62	0.000000010	0.00	345.50	299.37	349.6	349.4	349.4	349.1	349.0	348.4	348.3	348.3	347.8	347.8	347.7	347.6	346.7	345.5	347.7	348.1
6701541.111	609.2	349.64	0.000000010	0.00	345.51	299.39	349.6	349.5	349.4	349.1	349.0	348.4	348.3	348.3	347.8	347.8	347.7	347.6	346.7	345.5	347.7	348.2
6701551.108	596.6	349.68	0.000000010	0.00	345.53	299.40	349.7	349.5	349.5	349.1	349.0	348.4	348.3	348.3	347.8	347.9	347.7	347.6	346.8	345.5	347.8	348.2
6701561.104	599.0	349.69	0.000000010	0.00	345.54	299.39	349.7	349.5	349.5	349.2	349.1	348.5	348.4	348.3	347.9	347.9	347.7	347.6	346.8	345.5	347.8	348.2
6701571.100	594.1	349.75	0.000000010	0.00	345.56	299.41	349.7	349.6	349.5	349.2	349.1	348.5	348.4	348.4	347.9	347.9	347.7	347.6	346.8	345.6	347.8	348.2
6701581.097	606.3	349.76	0.000000010	0.00	345.58	299.41	349.8	349.6	349.6	349.2	349.1	348.5	348.4	348.4	347.9	347.9	347.7	347.7	346.9	345.6	347.8	348.2
6701591.093	580.4	349.79	0.000000010	0.00	345.61	299.41	349.8	349.6	349.6	349.3	349.1	348.5	348.4	348.4	347.9	347.9	347.8	347.7	346.9	345.6	347.8	348.2
6701601.090	588.1	349.82	0.000000010	0.00	345.61	299.44	349.8	349.7	349.6	349.3	349.2	348.6	348.5	348.4	348.0	348.0	347.8	347.7	346.9	345.6	347.8	348.2
6701611.086	614.7	349.81	0.000000010	0.00	345.63	299.46	349.8	349.6	349.6	349.3	349.2	348.6	348.5	348.5	348.0	348.0	347.8	347.7	346.9	345.6	347.8	348.2
6701621.083	612.2	349.81	0.000000010	1.94	345.64	299.46	349.8	349.7	349.6	349.3	349.2	348.6	348.5	348.5	348.0	348.0	347.9	347.7	346.9	345.6	347.8	348.2
6701631.079	568.7	349.80	0.000000010	0.62	345.68	299.43	349.8	349.6	349.6	349.3	349.2	348.6	348.5	348.5	348.0	348.0	347.9	347.8	346.9	345.7	347.8	348.2
6701641.075	627.3	349.78	0.000000010	1.86	345.97	299.43	349.8	349.6	349.6	349.3	349.2	348.6	348.5	348.5	348.0	348.0	347.9	347.8	346.8	346.0	347.8	348.1
6701651.022	626.0	349.76	0.000000010	1.86	346.18	299.44	349.8	349.6	349.6	349.3	349.2	348.6	348.5	348.5	348.0	348.0	347.9	347.8	346.8	346.2	347.7	348.1
6701661.068	590.3	349.73	0.000000010	1.72	346.33	299.45	349.7	349.6	349.6	349.3	349.2	348.6	348.5	348.5	348.0	348.0	347.8	347.8	346.8	346.3	347.7	348.1
6701671.065	631.5	349.71	0.000000010	2.24	346.39	299.44	349.7	349.6	349.6	349.2	349.1	348.6	348.5	348.4	347.9	348.0	347.8	347.7	346.8	346.4	347.7	348.1
6701681.061	637.6	349.69	0.000000010	2.22	346.45	299.46	349.7	349.5	349.5	349.2	349.1	348.5	348.4	348.4	347.9	348.0	347.8	347.7	346.8	346.5	347.7	348.1
6701691.058	632.8	349.66	0.000003000	2.31	346.46	299.47	349.7	349.5	349.5	349.2	349.1	348.5	348.4	348.4	347.9	348.0	347.8	347.7	346.7	346.5	347.7	348.1
6701701.054	642.1	349.64	0.000003000	2.32	346.48	299.44	349.6	349.5	349.5	349.2	349.1	348.5	348.4	348.4	347.9	347.9	347.8	347.7	346.7	346.5	347.8	348.2
6701711.050	638.5	349.63	0.000002999	2.32	346.47	299.43	349.6	349.5	349.5	349.2	349.0	348.5	348.4	348.4	347.9	347.9	347.8	347.7	346.8	346.5	347.8	348.2
6701720.997	644.0	349.61	0.000003000	4.25	346.47	299.43	349.6	349.4	349.5	349.1	349.0	348.5	348.4	348.4	347.9	347.9	347.8	347.7	346.8	346.5	347.9	348.3
6701730.993	646.6	349.57	0.000002999	1.93	346.51	299.41	349.6	349.5	349.5	349.2	349.1	348.5	348.4	348.4	347.9	347.9	347.7	347.6	346.9	346.5	348.0	348.4
6701741.040	648.3	349.54	0.000002999	13.85	346.52	299.39	349.5	349.6	349.6	349.3	349.1	348.5	348.4	348.4	347.9	347.9	347.7	347.7	346.9	346.5	348.1	348.5
6701751.036	655.7	349.52	0.000002999	14.90	346.57	299.39	349.5	349.6	349.7	349.3	349.2	348.6	348.5	348.5	348.0	348.0	347.8	347.7	347.0	346.6	348.2	348.6
6701760.983	654.2	349.52	0.000002999	15.87	346.62	299.39	349.5	349.8	349.7	349.4	349.3	348.7	348.6	348.5	348.0	348.0	347.9	347.8	347.1	346.6	348.3	348.7
6701770.979	653.3	349.51	0.000002999	16.71	346.70	299.39	349.5	349.9	349.8	349.5	349.3	348.7	348.6	348.6	348.1	348.1	347.9	347.8	347.2	346.7	348.3	348.7
6701781.025	654.3	349.48	0.000002999	16.69	346.75	299.36	349.5	350.1	350.0	349.6	349.5	348.9	348.8	348.7	348.2	348.2	348.0	347.9	347.2	346.8	348.4	348.8
6701790.972	662.0	349.47	0.000002999	23.99	347.20	299.34	349.5	350.1	350.0	349.7	349.6	349.0	348.8	348.8	348.3	348.3	348.1	348.0	347.3	347.2	350.4	351.8
6701800.969	661.8	349.48	0.000002999	26.09	349.14	299.32	349.5	350.2	350.1	349.8	349.7	349.1	349.0	348.9	348.4	348.4	348.2	348.1	347.8	349.1	354.6	354.9
6701811.018	659.7	349.50	0.000002998	28.30	349.77	299.28	349.5	350.2	350.2	349.8	349.7	349.1	349.0	349.0	348.5	348.5	348.3	348.2	348.7	349.8	355.9	355.7
6701821.016	660.4	349.53	0.000002997	28.95	350.43	299.26	349.5	350.2	350.2	349.9	349.7	349.1	349.0	349.0	348.5	348.5	348.3	348.2	349.4	350.4	356.5	356.5
6701831.015	661.8	349.53	0.000002997	28.94	351.11	299.26	349.5	350.3	350.2	350.0	349.8	349.2	349.1	349.0	348.5	348.6	348.4	348.3	349.8	351.1	356.9	357.2
6701841.013	660.5	349.55	0.000002996	29.30	351.67	299.23	349.6	350.4	350.3	350.4	350.3	350.1	349.8	349.8	349.1	349.1	348.8	348.6	350.1	351.7	357.1	357.5
6701850.961	661.3	349.57	0.000002995	29.40	352.23	299.20	349.6	350.2	350.3	350.6	350.4	350.5	350.4	350.8	350.1	350.7	350.4	350.3	350.3	352.2	357.3	357.8
6701860.960	667.2	349.60	0.000002995	29.71	352.62	299.16	349.6	350.2	350.2	350.6	350.4	350.6	350.4	350.9	350.4	351.1	350.8	350.8	350.5	352.6	357.6	358.1
6701871.008	656.1	349.65	0.000002994	28.62	352.85	299.13	349.6	350.2	350.2	350.6	350.5	350.6	350.5	351.0	350.5	351.2	351.1	351.2	350.6	352.8	357.8	358.2
6701881.007	656.7	349.68	0.000002993	28.66	353.04	299.09	349.7	350.2	350.2	350.6	350.5	350.7	350.6	351.1	350.6	351.4	351.2	351.4	350.7	353.0	357.8	358.2
6701891.005	651.9	349.71	0.000002993	28.68	353.23	299.05	349.7	350.3	350.3	350.7	350.5	350.7	350.6	351.2	350.7	351.5	351.3	351.5	350.7	353.2	357.8	358.3
6701901.004	644.5	349.74	0.000002993	28.19	353.37	299.02	349.7	350.3	350.3	350.7	350.6	350.8	350.7	351.3	350.7	351.6	351.4	351.7	350.8	353.4	357.8	358.1
6701910.952	637.0	349.77	0.000002992	23.62	353.60	298.96	349.8	350.4	350.3	350.8	350.6	350.8	350.7	351.3	350.8	351.7	351.5	351.7	350.9	353.6	357.5	359.9
6701921.000	633.8	349.78	0.000002992	25.17	353.98	298.95	349.8	350.4	350.3	350.8	350.6	350.9	350.7	351.4	350.8	351.8	351.6	351.8	350.9	354.0	357.8	361.3
6701930.999	615.2	349.80	0.000002992	17.47	354.25	298.93	349.8	350.4	350.4	350.8	350.6	350.9	350.8	351.4	350.9	351.8	351.6	351.9	351.0	354.2	357.5	360.4
6701940.997	639.7	349.81	0.000002992	25.27	354.08	298.92	349.8	350.4	350.4	350.8	350.7	350.9	350.8	351.4	350.9	351.8	351.6	351.9	351.1	354.1	357.0	359.2
6701950.996	644.8	349.81	0.000002991	21.41	354.24	298.94	349.8	350.4	350.4	350.8	350.7	350.9	350.8	351.4	350.9	351.8	351.6	351.9	351.1	354.2	356.7	359.3
6701960.944	642.4	349.81	0.000002991	21.26	354.28	298.93	349.8	350.6	350.5	350.8	350.7	350.9	350.8	351.5	350.9	351.9	351.6	351.9	351.1	354.3	356.4	359.0
6701970.993	658.7	349.80	0.000002991	21.72	354.36	298.90	349.8	350.7	350.6	351.0	350.9	351.0	350.9	351.7	351.1	352.0	351.8	352.0	351.1	354.4	356.5	359.0
6701980.941	653.4	349.80	0.000002991	21.66	354.44	298.89	349.8	350.7	350.6	351.1	350.9	351.1	351.0	351.8	351.3	352.1	352.0	352.2	351.1	354.4	356.5	359.0
6701990.939	656.1	349.79	0.000002991	21.86	354.52	298.89	349.8	350.8	350.7	351.1	350.9	351.1	351.0	351.7	351.2	352.1	351.9	352.1	351.2	354.5	356.4	359.0
6702000.988	657.8	349.78	0.000002991	22.14	354.61	298.89	349.8	350.7	350.7	351.1	350.9	351.2	351.1	351.8	351.3	352.0	351.8	352.2	351.2	354.6	356.4	359.1
6702010.986	659.3	349.76	0.000002991	21.77	354.64	298.87	349.8	350.7	350.7	351.1	351.0	351.2	351.1	351.8	351.3	352.0	351.8	352.1	351.2	354.6	356.5	359.2
6702020.985	665.5	349.75	0.000002990	26.08	354.83	298.87	349.7	350.7	350.7	351.1	351.0	351.2	351.1	351.8	351.3	352.0	351.8	352.1	351.2	354.8	357.7	361.7
6702030.983	668.5	349.73	0.000002990	26.11	355.03	298.85	349.7	350.7	350.7	351.1	351.0	351.2	351.1	351.9	351.3	352.0	351.8	352.2	351.3	355.0	358.6	362.0
6702040.932	664.4	349.71	0.000002990	24.87	355.29	298.83	349.7	350.7	350.7	351.1	351.0	351.3	351.2	351.8	351.3	352.1	351.9	352.2	351.5	355.3	359.0	363.2
6702050.930	661.3	349.70	0.000002990	24.72	355.02	298.83	349.7	350.6	350.7	351.1	351.0	351.3	351.2	351.8	351.3	352.1	351.8	352.2	351.6	355.0	359.2	363.4
6702060.978	667.5	349.69	0.000002990	25.04	354.85	298.82	349.7	350.7	350.6	351.1	351.0	351.2	351.2	351.9	351.4	352.1	351.9	352.2	351.7	354.8	359.3	363.5
6702070.977	671.3	349.68	0.000002990	30.43	354.85	298.82	349.7	350.6	350.6	351.1	351.0	351.2	351.2	352.0	351.4	352.3	352.0	352.3	351.7	354.8	359.2	362.8
6702080.975	673.0	349.65	0.000002990	30.55	354.89	298.83	349.6	350.6	350.5	351.0	350.9	351.2	351.1	352.0	351.5	352.4	352.2	352.5	351.7	354.9	359.1	360.4
6702090.924	674.5	349.64	0.000002990	30.73	354.88	298.84	349.6	350.6	350.6	351.1	350.9	351.2	351.1	352.1	351.5	352.5	352.3	352.6	351.6	354.9	359.2	359.6
6702100.923	672.9	349.61	0.000002990	31.14	354.93	298.84	349.6	350.3	350.4	350.8	350.7	351.0	351.0	352.0	351.5	352.6	352.4	352.8	351.5	354.9	359.1	359.2
6702110.923	674.7	349.60	0.000002990	31.06	354.88	298.84	349.6	350.3	350.3	350.8	350.7	351.0	350.9	351.9	351.4	352.5	352.3	352.7	351.5	354.9	359.2	359.1
6702120.922	673.9	349.59	0.000002990	30.96	354.88	298.83	349.6	350.2	350.2	350.7	350.6	350.9	350.8	351.9	351.4	352.4	352.3	352.7	351.4	354.9	359.0	359.0
6702130.921	679.8	349.59	0.000002990	30.75	354.84	298.80	349.6	350.3	350.2	350.7	350.6	350.9	350.8	351.7	351.2	352.3	352.2	352.6	351.4	354.8	359.2	359.0
6702140.971	667.4	349.59	0.000002990	30.94	354.81	298.80	349.6	350.3	350.2	350.7	350.6	350.9	350.8	351.6	351.1	352.2	352.0	352.4	351.4	354.8	359.1	358.9
6702150.920	670.4	349.63	0.000002990	30.79	354.81	298.80	349.6	350.3	350.2	350.8	350.6	350.9	350.8	351.6	351.1	352.1	352.0	352.4	351.4	354.8	359.2	359.0
6702160.970	664.2	349.67	0.000002989	30.82	354.79	298.80	349.7	350.3	350.3	350.8	350.7	350.9	350.9	351.6	351.1	352.2	352.0	352.5	351.5	354.8	357.6	358.9
6702170.969	664.2	349.70	0.000002989	29.85	354.89	298.77	349.7	350.3	350.3	350.7	350.6	350.9	350.8	351.6	351.1	352.2	352.0	352.4	351.4	354.9	358.8	358.9
6702180.969	647.0	349.74	0.000002989	30.15	354.80	298.78	349.7	350.4	350.3	350.8	350.7	351.0	350.9	351.6	351.1	352.2	352.0	352.4	351.4	354.8	358.8	358.8
6702190.918	676.8	349.77	0.000002989	31.40	354.68	298.77	349.8	350.4	350.4	350.9	350.7	351.0	350.9	351.6	351.1	352.2	352.1	352.4	351.5	354.7	359.2	358.9
6702200.917	677.6	349.79	0.000002989	31.23	354.83	298.77	349.8	350.4	350.4	350.9	350.8	351.0	350.9	351.7	351.1	352.2	352.1	352.4	351.5	354.8	359.4	359.1
6702210.917	674.3	349.82	0.000002989	30.79	354.89	298.78	349.8	350.5	350.4	350.9	350.8	351.1	351.0	351.7	351.2	352.1	351.9	352.4	351.5	354.9	358.9	359.1
6702220.966	680.6	349.85	0.000002989	23.63	354.94	298.77	349.9	350.5	350.5	350.9	350.8	351.1	351.0	351.7	351.2	352.2	352.0	352.4	351.6	354.9	358.9	358.6
6702230.916	680.2	349.90	0.000002989	30.04	355.03	298.78	349.9	350.5	350.5	351.0	350.8	351.1	351.0	351.7	351.2	352.3	352.1	352.5	351.6	355.0	358.4	358.9
6702240.965	671.2	349.93	0.000002989	31.84	355.05	298.79	349.9	350.5	350.5	351.0	350.9	351.1	351.0	351.8	351.2	352.3	352.1	352.4	351.6	355.1	359.0	359.3
6702250.965	672.8	349.97	0.000002989	32.67	355.07	298.77	350.0	350.6	350.6	351.1	350.9	351.2	351.1	351.9	351.3	352.4	352.2	352.6	351.6	355.1	359.8	359.7
6702260.914	668.9	350.00	0.000002988	32.44	354.98	298.77	350.0	350.6	350.6	351.1	350.9	351.2	351.1	351.8	351.3	352.4	352.2	352.6	351.7	355.0	360.2	360.0
6702270.963	664.1	350.01	0.000002988	32.30	355.05	298.79	350.0	350.6	350.6	351.1	351.0	351.2	351.1	351.9	351.3	352.4	352.2	352.6	351.8	355.1	360.3	360.0
6702280.963	666.8	350.05	0.000002988	33.30	355.13	298.78	350.0	350.7	350.6	351.1	350.9	351.2	351.1	351.8	351.3	352.4	352.1	352.6	351.9	355.1	360.4	360.2
6702290.912	667.7	350.05	0.000002988	33.14	355.18	298.77	350.1	350.7	350.7	351.2	351.0	351.3	351.1	351.8	351.3	352.3	352.2	352.6	351.9	355.2	360.3	360.2
6702300.962	664.4	350.07	0.000002988	33.64	355.26	298.78	350.1	350.7	350.7	351.2	351.1	351.3	351.3	352.0	351.5	352.6	352.3	352.7	352.0	355.3	360.3	360.2
6702310.961	673.0	350.08	0.000002988	33.90	355.34	298.79	350.1	350.7	350.7	351.3	351.1	351.5	351.4	352.1	351.5	352.7	352.5	352.9	352.0	355.3	360.5	360.3
6702320.961	675.5	350.07	0.000002988	33.71	355.42	298.80	350.1	350.8	350.7	351.3	351.1	351.5	351.4	352.1	351.6	352.8	352.6	352.9	352.0	355.4	360.5	360.3
6702330.960	665.4	350.04	0.000002988	33.43	355.49	298.81	350.0	350.7	350.7	351.2	351.1	351.5	351.4	352.1	351.6	352.7	352.5	353.0	352.1	355.5	360.5	360.2
6702340.959	661.0	350.02	0.000002988	33.67	355.46	298.82	350.0	350.7	350.7	351.3	351.1	351.5	351.4	352.1	351.6	352.8	352.6	353.0	352.1	355.5	360.4	360.1
6702350.909	666.3	350.02	0.000002988	33.97	355.49	298.81	350.0	350.7	350.7	351.2	351.1	351.5	351.4	352.1	351.6	352.7	352.6	353.0	352.1	355.5	360.5	360.4
6702360.908	658.7	350.00	0.000002988	33.75	355.52	298.81	350.0	350.7	350.6	351.2	351.1	351.5	351.4	352.1	351.6	352.8	352.6	353.1	352.0	355.5	360.3	360.3
6702370.908	660.6	349.98	0.000002988	33.20	355.52	298.83	350.0	350.7	350.6	351.3	351.1	351.5	351.4	352.2	351.6	352.8	352.6	353.1	352.1	355.5	360.5	359.8
6702380.907	660.3	349.96	0.000002988	33.09	355.53	298.83	350.0	350.6	350.6	351.2	351.1	351.4	351.4	352.2	351.6	352.7	352.6	353.1	352.0	355.5	360.4	360.0
6702390.907	656.6	349.95	0.000002988	33.07	355.48	298.83	349.9	350.6	350.6	351.2	351.1	351.5	351.3	352.2	351.6	352.8	352.6	353.1	352.0	355.5	360.3	360.0
6702400.906	652.6	349.92	0.000002988	32.50	355.45	298.83	349.9	350.6	350.6	351.2	351.1	351.5	351.3	352.1	351.6	352.8	352.6	353.0	352.0	355.4	360.1	359.9
6702410.955	651.7	349.92	0.000002989	33.18	355.41	298.82	349.9	350.6	350.6	351.1	351.1	351.4	351.3	352.2	351.6	352.8	352.6	353.1	352.0	355.4	360.1	359.8
6702420.955	656.0	349.89	0.000002989	32.65	355.40	298.83	349.9	350.6	350.6	351.2	351.0	351.3	351.3	352.1	351.6	352.7	352.6	353.0	351.9	355.4	360.1	359.7
6702430.904	658.2	349.87	0.000002989	35.04	355.38	298.82	349.9	350.6	350.5	351.1	351.0	351.4	351.3	352.1	351.6	352.7	352.6	353.0	351.9	355.4	359.9	359.8
6702440.954	666.5	349.87	0.000002988	37.64	355.38	298.84	349.9	350.5	350.5	351.1	351.0	351.3	351.2	352.0	351.5	352.6	352.5	353.0	351.9	355.4	359.3	359.9
6702450.903	664.4	349.84	0.000002988	39.08	355.42	298.83	349.8	350.5	350.5	351.1	351.0	351.3	351.2	352.0	351.5	352.7	352.5	353.0	351.9	355.4	358.3	359.9
6702460.953	661.9	349.82	0.000002988	39.33	355.40	298.83	349.8	350.5	350.5	351.0	350.9	351.2	351.2	351.9	351.5	352.6	352.4	352.9	351.8	355.4	357.7	359.9
6702470.902	665.2	349.81	0.000002988	39.31	355.39	298.82	349.8	350.5	350.5	351.1	350.9	351.3	351.2	352.0	351.4	352.6	352.4	352.9	351.7	355.4	357.6	359.9
6702480.901	660.7	349.82	0.000002988	39.29	355.36	298.83	349.8	350.5	350.5	351.0	350.9	351.3	351.2	352.0	351.5	352.6	352.4	353.0	351.7	355.4	357.6	359.9
6702490.951	655.2	349.84	0.000002988	39.05	355.33	298.84	349.8	350.5	350.5	351.1	351.0	351.3	351.2	352.0	351.4	352.6	352.3	352.9	351.7	355.3	357.6	359.9
6702500.950	644.4	349.86	0.000002988	37.93	355.32	298.82	349.9	350.5	350.5	351.1	351.0	351.4	351.2	352.0	351.5	352.4	352.3	352.8	351.7	355.3	357.5	359.9
6702510.950	655.2	349.90	0.000002988	39.65	355.21	298.82	349.9	350.6	350.5	351.1	351.0	351.4	351.2	352.0	351.5	352.4	352.2	352.7	351.7	355.2	357.4	359.7
6702520.899	667.0	349.94	0.000002988	39.69	355.24	298.82	349.9	350.6	350.6	351.2	351.1	351.4	351.3	352.1	351.6	352.4	352.2	352.6	351.7	355.2	357.6	360.0
6702530.899	671.2	349.97	0.000002988	39.92	355.27	298.80	350.0	350.6	350.6	351.2	351.1	351.4	351.3	352.1	351.6	352.4	352.2	352.7	351.7	355.3	357.7	360.1
6702540.948	671.9	350.00	0.000002988	39.82	355.31	298.80	350.0	350.6	350.6	351.2	351.1	351.4	351.4	352.1	351.6	352.4	352.2	352.7	351.8	355.3	357.7	360.3
6702550.897	672.3	350.03	0.000002988	40.06	355.31	298.80	350.0	350.7	350.6	351.2	351.1	351.4	351.3	352.1	351.6	352.4	352.2	352.7	351.8	355.3	357.8	360.3
6702560.947	672.3	350.06	0.000002987	39.69	355.36	298.83	350.1	350.7	350.7	351.2	351.1	351.5	351.3	352.1	351.6	352.4	352.2	352.7	351.9	355.4	357.9	360.4
6702570.896	667.1	350.10	0.000002987	39.63	355.43	298.83	350.1	350.7	350.7	351.3	351.2	351.5	351.4	352.2	351.7	352.4	352.3	352.8	351.9	355.4	357.9	360.4
6702580.946	661.8	350.14	0.000002987	39.18	355.45	298.83	350.1	350.8	350.8	351.4	351.2	351.6	351.5	352.2	351.7	352.5	352.3	352.8	352.0	355.4	357.9	360.3
6702590.895	657.3	350.17	0.000002987	39.21	355.47	298.83	350.2	350.8	350.8	351.4	351.3	351.6	351.5	352.3	351.7	352.6	352.4	352.8	352.0	355.5	357.8	360.3
6702600.895	654.1	350.22	0.000002987	38.68	355.53	298.86	350.2	350.9	350.8	351.5	351.3	351.7	351.6	352.3	351.8	352.6	352.4	352.9	352.0	355.5	357.8	360.2
6702610.944	653.8	350.24	0.000002987	38.48	355.50	298.86	350.2	350.9	350.9	351.5	351.4	351.7	351.6	352.4	351.8	352.7	352.4	353.0	352.0	355.5	357.8	360.2
6702620.943	652.2	350.29	0.000002987	38.81	355.53	298.85	350.3	350.9	350.9	351.5	351.4	351.7	351.6	352.4	351.9	352.7	352.5	353.0	352.0	355.5	357.8	360.1
6702630.893	660.3	350.29	0.000002987	39.36	355.52	298.84	350.3	350.9	350.9	351.6	351.4	351.7	351.6	352.4	351.9	352.7	352.5	353.0	352.0	355.5	357.9	360.2
6702640.892	657.1	350.29	0.000002987	40.41	355.55	298.85	350.3	350.9	350.9	351.6	351.4	351.7	351.6	352.4	351.9	352.7	352.6	353.1	352.0	355.5	357.9	360.1
6702650.942	656.3	350.29	0.000002987	20.09	355.65	298.87	350.3	350.9	350.9	351.6	351.5	351.8	351.6	352.4	351.9	352.7	352.6	353.1	352.1	355.7	358.0	360.4
6702660.941	658.3	350.29	0.000002987	39.65	355.64	298.88	350.3	350.9	350.9	351.5	351.4	351.8	351.7	352.4	351.9	352.7	352.6	353.1	352.1	355.6	357.9	360.4
6702670.891	657.9	350.27	0.000002987	39.77	355.66	298.90	350.3	350.9	350.9	351.5	351.4	351.8	351.6	352.4	351.9	352.7	352.5	353.0	352.1	355.7	358.0	360.3
6702680.890	667.1	350.25	0.000002987	40.29	355.65	298.90	350.3	350.9	350.9	351.5	351.4	351.7	351.6	352.4	351.9	352.7	352.5	353.0	352.1	355.6	358.0	360.4
6702690.939	650.1	350.26	0.000002987	38.70	355.71	298.94	350.3	350.9	350.9	351.6	351.4	351.7	351.6	352.4	351.9	352.7	352.6	353.1	352.1	355.7	358.0	360.4
6702700.939	654.6	350.24	0.000002987	39.76	355.65	298.93	350.2	350.9	350.9	351.5	351.4	351.8	351.7	352.5	351.9	352.8	352.6	353.0	352.1	355.6	357.9	360.2
6702710.888	655.0	350.22	0.000002987	38.98	355.70	298.91	350.2	350.9	350.9	351.6	351.4	351.7	351.6	352.4	351.9	352.8	352.6	353.1	352.1	355.7	357.9	360.2
6702720.938	660.9	350.21	0.000002987	40.20	355.69	298.91	350.2	350.9	350.9	351.5	351.4	351.8	351.6	352.4	351.9	352.7	352.6	353.0	352.0	355.7	357.9	360.2
6702730.937	658.8	350.19	0.000002988	39.87	355.68	298.88	350.2	350.9	350.9	351.5	351.4	351.8	351.7	352.4	351.9	352.7	352.6	353.1	352.0	355.7	358.0	360.3
6702740.937	652.9	350.18	0.000002988	39.35	355.70	298.88	350.2	350.8	350.8	351.5	351.3	351.7	351.6	352.4	351.9	352.8	352.6	353.1	352.0	355.7	357.9	360.2
6702750.936	652.0	350.16	0.000002988	39.65	355.64	298.88	350.2	350.8	350.8	351.4	351.3	351.7	351.6	352.4	351.9	352.7	352.5	353.0	352.0	355.6	357.9	360.1
6702760.935	664.0	350.13	0.000002988	40.21	355.66	298.90	350.1	350.8	350.8	351.4	351.3	351.7	351.6	352.4	351.8	352.7	352.5	353.1	352.0	355.7	357.9	360.2
6702770.885	656.5	350.12	0.000002988	39.75	355.67	298.88	350.1	350.8	350.8	351.4	351.3	351.7	351.5	352.4	351.8	352.6	352.5	353.0	352.0	355.7	357.9	360.2
6702780.934	660.9	350.09	0.000002988	39.46	355.66	298.89	350.1	350.7	350.8	351.4	351.3	351.6	351.6	352.3	351.8	352.7	352.5	353.0	352.0	355.7	357.9	360.2
6702790.934	637.1	350.08	0.000002988	38.84	355.67	298.90	350.1	350.8	350.7	351.4	351.3	351.7	351.6	352.4	351.8	352.7	352.5	353.0	352.0	355.7	357.8	360.0
6702800.933	634.6	350.05	0.000002988	38.11	355.57	298.90	350.1	350.7	350.7	351.4	351.3	351.6	351.5	352.3	351.8	352.6	352.4	353.0	352.0	355.6	357.7	359.8
6702810.883	637.1	350.03	0.000002988	39.01	355.57	298.91	350.0	350.7	350.7	351.4	351.3	351.6	351.5	352.3	351.8	352.6	352.5	352.9	351.9	355.6	357.6	359.8
6702820.882	646.6	350.02	0.000002988	39.38	355.54	298.90	350.0	350.7	350.7	351.3	351.3	351.6	351.5	352.3	351.8	352.6	352.5	353.0	351.9	355.5	357.7	359.9
6702830.931	656.0	350.01	0.000002988	39.80	355.54	298.91	350.0	350.7	350.7	351.3	351.2	351.6	351.5	352.3	351.8	352.6	352.4	353.0	351.9	355.5	357.8	360.0
6702840.931	654.6	350.03	0.000002987	39.66	355.57	298.94	350.0	350.7	350.7	351.4	351.3	351.6	351.5	352.3	351.8	352.6	352.4	352.9	351.9	355.6	357.8	360.1
6702850.930	652.1	350.06	0.000002987	39.42	355.61	298.94	350.1	350.7	350.7	351.3	351.2	351.6	351.4	352.2	351.7	352.5	352.4	352.9	352.0	355.6	357.9	360.1
6702860.930	649.6	350.08	0.000002987	39.38	355.62	298.94	350.1	350.8	350.7	351.4	351.2	351.5	351.4	352.2	351.7	352.5	352.3	352.9	352.0	355.6	357.8	360.1
6702870.929	646.6	350.10	0.000002987	39.31	355.63	298.91	350.1	350.7	350.7	351.4	351.3	351.6	351.5	352.3	351.7	352.5	352.4	352.9	352.0	355.6	357.8	360.1
6702880.929	647.5	350.13	0.000002987	39.24	355.65	298.90	350.1	350.8	350.8	351.4	351.3	351.6	351.5	352.3	351.8	352.6	352.4	353.0	352.1	355.7	357.9	360.2
6702890.928	643.7	350.16	0.000002987	39.16	355.68	298.88	350.2	350.8	350.8	351.5	351.4	351.7	351.5	352.3	351.8	352.7	352.5	353.0	352.1	355.7	357.9	360.2
6702900.927	648.9	350.20	0.000002987	39.76	355.70	298.89	350.2	350.9	350.8	351.5	351.4	351.7	351.6	352.4	351.8	352.6	352.5	353.0	352.1	355.7	357.9	360.2
6702910.927	656.2	350.25	0.000002986	40.03	355.75	298.91	350.2	350.9	350.9	351.5	351.4	351.7	351.7	352.5	351.9	352.7	352.5	353.0	352.2	355.7	358.0	360.3
6702920.876	656.9	350.27	0.000002986	40.02	355.82	298.94	350.3	351.0	350.9	351.6	351.5	351.8	351.7	352.5	351.9	352.8	352.6	353.1	352.2	355.8	358.1	360.5
6702930.876	656.3	350.33	0.000002986	40.02	355.86	298.93	350.3	351.0	350.9	351.6	351.5	351.8	351.7	352.5	352.0	352.8	352.6	353.1	352.3	355.9	358.1	360.5
6702940.925	657.5	350.37	0.000002986	39.93	355.91	298.94	350.4	351.0	351.0	351.7	351.5	351.9	351.7	352.5	352.0	352.8	352.7	353.2	352.3	355.9	358.2	360.6
6702950.925	653.7	350.41	0.000002986	39.97	355.97	298.96	350.4	351.0	351.0	351.7	351.6	351.9	351.8	352.6	352.0	352.9	352.7	353.2	352.4	356.0	358.3	360.6
6702960.924	649.3	350.45	0.000002986	39.35	356.02	298.96	350.5	351.1	351.1	351.7	351.6	351.9	351.8	352.6	352.1	352.9	352.7	353.3	352.4	356.0	358.2	360.6
6702970.923	643.0	350.46	0.000002986	39.36	356.01	298.95	350.5	351.2	351.1	351.8	351.7	352.0	351.9	352.7	352.1	352.9	352.7	353.3	352.4	356.0	358.2	360.5
6702980.923	642.3	350.47	0.000002986	39.24	355.98	298.95	350.5	351.1	351.1	351.8	351.7	352.0	351.9	352.7	352.2	353.0	352.8	353.3	352.4	356.0	358.2	360.4
6702990.922	643.5	350.46	0.000002986	39.49	355.96	298.93	350.5	351.1	351.1	351.8	351.7	352.0	351.9	352.7	352.2	353.0	352.8	353.3	352.4	356.0	358.1	360.4
6703000.922	646.8	350.46	0.000002986	39.65	356.01	298.93	350.5	351.1	351.1	351.8	351.7	352.0	351.9	352.7	352.2	353.0	352.8	353.4	352.3	356.0	358.1	360.4
6703010.921	644.4	350.43	0.000002986	39.33	356.01	298.96	350.4	351.1	351.1	351.8	351.7	352.0	351.9	352.7	352.2	353.0	352.9	353.5	352.4	356.0	358.2	360.4
6703020.871	645.4	350.42	0.000002986	39.69	356.00	298.97	350.4	351.1	351.1	351.8	351.7	352.0	351.9	352.7	352.2	353.0	352.9	353.4	352.4	356.0	358.1	360.3
6703030.870	646.7	350.41	0.000002986	39.49	356.04	298.98	350.4	351.1	351.1	351.7	351.6	352.0	351.9	352.7	352.1	352.9	352.8	353.4	352.3	356.0	358.1	360.4
6703040.919	645.4	350.39	0.000002986	39.53	356.07	298.99	350.4	351.1	351.1	351.8	351.6	352.0	351.8	352.6	352.1	352.9	352.8	353.3	352.3	356.1	358.2	360.3
6703050.919	644.3	350.38	0.000002986	39.43	356.03	298.97	350.4	351.1	351.1	351.8	351.6	351.9	351.8	352.6	352.1	353.0	352.8	353.4	352.3	356.0	358.1	360.3
6703060.918	640.5	350.39	0.000002986	39.12	356.07	298.98	350.4	351.1	351.1	351.8	351.7	352.0	351.9	352.7	352.2	353.0	352.8	353.4	352.3	356.1	358.1	360.2
6703070.918	643.4	350.36	0.000002987	39.45	356.05	298.99	350.4	351.0	351.0	351.7	351.6	351.9	351.8	352.6	352.1	353.0	352.8	353.4	352.3	356.1	358.0	360.2
6703080.917	642.6	350.34	0.000002986	39.24	356.03	299.00	350.3	351.0	351.0	351.7	351.6	351.9	351.8	352.7	352.1	352.9	352.8	353.3	352.3	356.0	358.0	360.1
6703090.917	636.4	350.33	0.000002987	38.95	355.98	299.02	350.3	351.0	351.0	351.7	351.6	351.9	351.8	352.6	352.1	353.0	352.8	353.3	352.3	356.0	358.0	360.1
6703100.866	635.1	350.31	0.000002987	39.11	355.97	299.01	350.3	351.0	351.0	351.7	351.6	351.9	351.8	352.6	352.1	352.9	352.8	353.5	352.2	356.0	358.0	360.1
6703110.915	632.6	350.30	0.000002987	38.41	355.95	298.98	350.3	351.0	351.0	351.7	351.6	351.9	351.8	352.6	352.1	352.9	352.8	353.3	352.2	356.0	357.9	360.0
6703120.915	629.7	350.28	0.000002987	38.71	355.88	298.96	350.3	351.0	350.9	351.6	351.5	351.9	351.7	352.6	352.1	352.9	352.8	353.3	352.2	355.9	357.9	359.9
6703130.914	628.3	350.26	0.000002987	38.75	355.90	298.97	350.3	351.0	350.9	351.6	351.5	351.8	351.7	352.5	352.0	352.9	352.7	353.2	352.2	355.9	357.8	359.9
6703140.864	631.4	350.25	0.000002987	38.36	355.89	298.96	350.2	350.9	350.9	351.6	351.5	351.8	351.7	352.5	352.0	352.9	352.7	353.2	352.2	355.9	357.8	359.9
6703150.863	628.0	350.23	0.000002987	38.16	355.87	298.97	350.2	350.9	350.9	351.6	351.5	351.8	351.7	352.5	352.0	352.8	352.7	353.3	352.1	355.9	357.8	359.8
6703160.913	618.2	350.20	0.000002987	37.97	355.83	298.97	350.2	350.9	350.9	351.6	351.5	351.8	351.7	352.5	352.0	352.9	352.7	353.2	352.1	355.8	357.7	359.7
6703170.912	615.4	350.19	0.000002987	37.72	355.76	298.97	350.2	350.8	350.9	351.6	351.4	351.8	351.7	352.4	351.9	352.8	352.6	353.2	352.1	355.8	357.7	359.6
6703180.861	625.3	350.18	0.000002987	38.43	355.77	298.97	350.2	350.8	350.9	351.5	351.4	351.7	351.6	352.5	351.9	352.7	352.6	353.3	352.1	355.8	357.7	359.7
6703190.911	625.4	350.18	0.000002987	38.17	355.72	298.99	350.2	350.9	350.8	351.5	351.4	351.7	351.6	352.4	351.9	352.7	352.6	353.1	352.1	355.7	357.8	359.7
6703200.860	623.0	350.21	0.000002986	38.16	355.71	299.00	350.2	350.9	350.9	351.6	351.4	351.7	351.6	352.4	351.9	352.7	352.6	353.2	352.1	355.7	357.8	359.8
6703210.860	622.3	350.22	0.000002986	38.43	355.75	299.01	350.2	350.9	350.9	351.5	351.4	351.7	351.6	352.4	351.9	352.7	352.5	353.1	352.1	355.7	357.8	359.8
6703220.909	621.9	350.26	0.000002986	37.93	355.71	299.02	350.3	350.9	350.9	351.6	351.5	351.7	351.6	352.4	351.9	352.7	352.6	353.2	352.2	355.7	357.9	359.9
6703230.859	622.1	350.30	0.000002986	38.23	355.77	299.01	350.3	350.9	350.9	351.6	351.5	351.7	351.6	352.4	351.9	352.7	352.5	353.1	352.2	355.8	357.8	359.8
6703240.908	623.3	350.33	0.000002986	38.27	355.77	299.02	350.3	351.0	351.0	351.6	351.5	351.8	351.7	352.5	351.9	352.7	352.6	353.2	352.2	355.8	357.9	359.8
6703250.907	614.7	350.37	0.000002986	37.90	355.80	299.03	350.4	351.0	351.0	351.7	351.5	351.8	351.7	352.5	351.9	352.8	352.6	353.2	352.3	355.8	357.9	359.8
6703260.907	622.3	350.40	0.000002986	38.60	355.79	299.03	350.4	351.0	351.0	351.7	351.5	351.8	351.7	352.5	352.0	352.7	352.6	353.1	352.2	355.8	357.9	359.8
6703270.906	627.8	350.44	0.000002986	38.57	355.85	299.04	350.4	351.1	351.0	351.8	351.6	351.8	351.8	352.5	352.0	352.8	352.7	353.2	352.3	355.8	358.0	360.0
6703280.856	626.6	350.46	0.000002986	38.82	355.88	299.05	350.5	351.1	351.1	351.7	351.6	351.9	351.8	352.5	352.0	352.9	352.7	353.2	352.3	355.9	358.1	360.1
6703290.905	631.3	350.53	0.000002986	39.08	355.91	299.03	350.5	351.2	351.1	351.8	351.7	351.9	351.8	352.6	352.1	352.9	352.7	353.3	352.4	355.9	358.2	360.1
6703300.855	637.2	350.58	0.000002986	39.22	355.98	299.05	350.6	351.2	351.2	351.8	351.7	352.0	351.8	352.6	352.1	352.9	352.7	353.3	352.4	356.0	358.2	360.3
6703310.904	638.3	350.61	0.000002986	39.33	356.08	299.07	350.6	351.3	351.2	351.9	351.7	352.0	351.9	352.6	352.1	352.9	352.7	353.3	352.4	356.1	358.3	360.4
6703320.903	640.2	350.64	0.000002985	39.43	356.07	299.06	350.6	351.3	351.2	351.9	351.8	352.0	351.9	352.7	352.1	353.0	352.8	353.5	352.5	356.1	358.3	360.4
6703330.903	643.5	350.64	0.000002985	39.52	356.16	299.07	350.6	351.3	351.2	351.9	351.8	352.0	351.9	352.7	352.2	353.0	352.8	353.4	352.5	356.2	358.3	360.4
6703340.902	642.6	350.64	0.000002985	39.49	356.16	299.06	350.6	351.3	351.2	351.9	351.8	352.1	352.0	352.7	352.2	353.1	352.8	353.5	352.5	356.2	358.3	360.5
6703350.902	640.1	350.63	0.000002985	39.38	356.20	299.08	350.6	351.3	351.3	352.0	351.8	352.1	352.0	352.8	352.3	353.1	352.9	353.5	352.5	356.2	358.3	360.4
6703360.851	636.4	350.63	0.000002985	38.97	356.22	299.09	350.6	351.3	351.3	351.9	351.9	352.1	352.0	352.8	352.3	353.1	352.9	353.5	352.5	356.2	358.3	360.4
6703370.901	621.6	350.63	0.000002985	38.32	356.23	299.10	350.6	351.3	351.3	352.0	351.9	352.2	352.0	352.8	352.3	353.1	353.0	353.6	352.5	356.2	358.2	360.2
6703380.900	622.0	350.60	0.000002986	38.51	356.20	299.10	350.6	351.3	351.3	351.9	351.9	352.1	352.0	352.8	352.3	353.1	352.9	353.6	352.5	356.2	358.1	360.2
6703390.849	630.2	350.60	0.000002986	38.84	356.20	299.08	350.6	351.3	351.2	352.0	351.9	352.2	352.0	352.8	352.3	353.2	353.0	353.6	352.5	356.2	358.1	360.1
6703400.849	622.9	350.59	0.000003007	38.03	356.18	299.07	350.6	351.3	351.2	351.9	351.8	352.1	352.0	352.8	352.4	353.1	353.0	353.5	352.5	356.2	358.0	360.1
6703410.898	623.2	350.57	0.000003007	38.30	356.17	299.07	350.6	351.2	351.2	351.9	351.8	352.1	352.0	352.8	352.3	353.2	352.9	353.6	352.4	356.2	358.0	360.0
6703420.898	625.4	350.56	0.000003007	38.47	356.16	299.09	350.6	351.2	351.2	351.9	351.8	352.1	352.0	352.8	352.3	353.1	353.0	353.6	352.4	356.2	358.1	360.0
6703430.897	625.4	350.54	0.000003007	38.31	356.14	299.07	350.5	351.2	351.2	351.9	351.7	352.0	351.9	352.8	352.2	353.1	352.9	353.5	352.4	356.1	358.1	360.0
6703440.897	627.9	350.51	0.000003007	38.68	356.10	299.07	350.5	351.2	351.2	351.9	351.8	352.0	351.9	352.7	352.2	353.0	352.9	353.4	352.4	356.1	358.0	360.0
6703450.896	627.6	350.49	0.000003007	38.08	356.14	299.07	350.5	351.1	351.1	351.9	351.8	352.0	351.9	352.7	352.2	353.0	352.9	353.4	352.4	356.1	358.1	360.0
6703460.845	613.8	350.46	0.000003007	37.71	356.15	299.09	350.5	351.1	351.1	351.8	351.7	352.0	351.9	352.7	352.2	353.0	352.9	353.5	352.4	356.1	358.0	359.9
6703470.895	609.9	350.45	0.000003007	37.57	356.08	299.08	350.5	351.1	351.1	351.8	351.7	352.0	351.9	352.7	352.2	352.9	352.8	353.4	352.4	356.1	357.9	359.7
6703480.844	607.1	350.43	0.000003008	37.43	356.01	299.08	350.4	351.1	351.1	351.8	351.7	352.0	351.9	352.7	352.1	353.0	352.8	353.3	352.3	356.0	357.9	359.6
6703490.894	595.3	350.41	0.000003008	35.61	355.98	299.08	350.4	351.1	351.1	351.8	351.7	352.0	351.8	352.6	352.1	352.9	352.8	353.4	352.3	356.0	357.7	359.5
6703500.843	604.6	350.39	0.000003008	37.58	355.86	299.08	350.4	351.1	351.1	351.8	351.7	351.9	351.8	352.6	352.1	352.9	352.8	353.3	352.3	355.9	357.6	359.4
6703510.893	619.9	350.40	0.000003008	38.37	355.85	299.06	350.4	351.0	351.0	351.7	351.6	351.9	351.8	352.6	352.1	352.9	352.7	353.3	352.2	355.9	357.7	359.6
6703520.892	623.8	350.38	0.000003008	38.34	355.90	299.06	350.4	351.0	351.0	351.7	351.6	351.8	351.7	352.6	352.0	352.9	352.7	353.3	352.2	355.9	357.9	359.7
6703530.891	622.7	350.34	0.000003008	38.30	355.86	299.05	350.3	351.0	351.0	351.7	351.6	351.8	351.7	352.5	352.0	352.8	352.6	353.3	352.2	355.9	357.9	359.8
6703540.891	621.6	350.33	0.000003007	38.35	355.93	299.05	350.3	351.0	351.0	351.7	351.5	351.8	351.7	352.5	352.0	352.8	352.6	353.2	352.2	355.9	357.9	359.8
6703550.840	618.8	350.34	0.000003007	37.88	355.93	299.08	350.3	351.0	351.0	351.7	351.5	351.7	351.7	352.4	351.9	352.7	352.6	353.1	352.3	355.9	357.9	359.8
6703560.890	602.3	350.34	0.000003007	37.08	355.97	299.09	350.3	351.0	351.0	351.7	351.5	351.8	351.7	352.4	351.9	352.7	352.6	353.1	352.3	356.0	357.8	359.7
6703570.889	601.6	350.37	0.000003007	37.23	355.86	299.06	350.4	351.0	351.0	351.7	351.6	351.8	351.7	352.5	352.0	352.8	352.6	353.2	352.3	355.9	357.7	359.6
6703580.889	604.3	350.39	0.000003007	37.23	355.90	299.05	350.4	351.1	351.0	351.7	351.6	351.8	351.8	352.5	352.0	352.8	352.6	353.2	352.3	355.9	357.8	359.6
6703590.888	583.2	350.42	0.000003007	36.40	355.83	299.06	350.4	351.1	351.0	351.8	351.6	351.9	351.8	352.6	352.0	352.8	352.7	353.2	352.3	355.8	357.7	359.5
6703600.887	583.3	350.43	0.000003007	35.87	355.84	299.08	350.4	351.1	351.1	351.7	351.7	351.8	351.8	352.5	352.0	352.8	352.7	353.2	352.3	355.8	357.6	359.4
6703610.887	580.9	350.46	0.000003007	36.01	355.81	299.09	350.5	351.1	351.1	351.8	351.7	351.9	351.8	352.6	352.0	352.9	352.7	353.3	352.3	355.8	357.6	359.3
6703620.836	588.9	350.51	0.000003007	36.64	355.79	299.09	350.5	351.1	351.1	351.8	351.7	351.9	351.8	352.6	352.0	352.9	352.7	353.2	352.3	355.8	357.7	359.3
6703630.886	613.0	350.54	0.000003007	37.93	355.81	299.11	350.5	351.1	351.1	351.8	351.7	351.9	351.8	352.6	352.0	352.9	352.7	353.3	352.3	355.8	357.8	359.6
6703641.035	607.1	350.59	0.000003007	37.20	355.85	299.11	350.6	351.2	351.2	351.9	351.7	352.0	351.8	352.6	352.1	352.9	352.7	353.3	352.4	355.9	357.9	359.8
6703650.835	595.0	350.63	0.000003007	37.11	355.88	299.11	350.6	351.2	351.2	351.9	351.7	351.9	351.9	352.6	352.1	352.9	352.7	353.2	352.4	355.9	357.9	359.8
6703660.834	603.9	350.67	0.000003007	37.50	355.95	299.13	350.7	351.3	351.2	351.9	351.8	352.0	351.9	352.6	352.1	352.9	352.7	353.3	352.5	355.9	358.0	359.8
6703670.883	609.0	350.70	0.000003006	37.55	356.00	299.12	350.7	351.3	351.2	351.9	351.8	352.0	351.9	352.6	352.1	352.9	352.7	353.2	352.5	356.0	358.0	360.0
6703680.883	598.3	350.73	0.000003006	37.08	355.99	299.14	350.7	351.4	351.3	352.0	351.9	352.1	352.0	352.7	352.2	352.9	352.8	353.3	352.5	356.0	358.1	359.9
6703690.882	591.3	350.76	0.000003007	37.18	356.00	299.12	350.8	351.4	351.4	352.1	351.9	352.1	352.0	352.8	352.2	353.0	352.9	353.5	352.6	356.0	358.0	359.8
6703700.832	590.8	350.76	0.000003007	35.94	356.06	299.11	350.8	351.4	351.3	352.0	351.9	352.1	352.0	352.8	352.3	353.1	352.9	353.5	352.6	356.1	358.0	359.7
6703710.881	566.8	350.75	0.000003007	34.11	356.04	299.12	350.8	351.4	351.4	352.1	352.0	352.2	352.0	352.8	352.3	353.0	352.9	353.6	352.6	356.0	357.8	359.4
6703720.831	588.3	350.75	0.000003006	36.83	355.93	299.13	350.8	351.4	351.4	352.0	352.0	352.1	352.1	352.8	352.3	353.1	353.0	353.5	352.5	355.9	357.7	359.3
6703730.830	592.0	350.76	0.000003007	35.75	355.94	299.14	350.8	351.4	351.4	352.1	352.0	352.2	352.1	352.8	352.3	353.1	353.0	353.6	352.5	355.9	357.9	359.5
6703740.879	593.0	350.73	0.000003007	35.64	356.02	299.16	350.7	351.4	351.3	352.1	351.9	352.2	352.0	352.8	352.3	353.1	352.9	353.5	352.5	356.0	357.8	359.5
6703750.879	580.0	350.73	0.000003007	36.55	355.95	299.15	350.7	351.3	351.3	352.0	351.9	352.2	352.0	352.8	352.3	353.1	352.9	353.5	352.5	355.9	357.8	359.4
6703760.828	584.4	350.72	0.000003007	37.05	356.00	299.17	350.7	351.3	351.3	352.0	351.9	352.1	352.0	352.8	352.3	353.1	352.9	353.5	352.5	356.0	357.8	359.5
6703770.878	581.4	350.71	0.000003007	36.07	355.99	299.18	350.7	351.3	351.3	352.0	351.9	352.1	351.9	352.7	352.2	352.9	352.8	353.4	352.5	356.0	357.8	359.5
6703780.827	592.8	350.69	0.000003007	37.80	356.02	299.17	350.7	351.3	351.3	352.0	351.9	352.1	352.0	352.7	352.2	353.0	352.9	353.3	352.5	356.0	357.9	359.5
6703790.876	589.7	350.67	0.000003007	37.58	356.04	299.18	350.7	351.4	351.3	352.0	351.9	352.1	352.0	352.7	352.2	353.0	352.9	353.4	352.5	356.0	357.9	359.6
6703800.876	600.3	350.67	0.000003007	37.77	356.04	299.20	350.7	351.3	351.3	352.0	351.9	352.0	352.0	352.7	352.2	352.9	352.8	353.4	352.5	356.0	358.2	359.9
6703810.875	600.1	350.67	0.000003007	37.67	356.11	299.18	350.7	351.3	351.3	351.9	351.9	352.0	351.9	352.7	352.2	353.0	352.8	353.3	352.5	356.1	358.1	359.8
6703820.875	598.4	350.64	0.000003007	38.47	356.12	299.20	350.6	351.3	351.2	352.0	351.9	352.0	351.9	352.7	352.2	353.0	352.8	353.4	352.5	356.1	358.1	359.7
6703830.874	612.4	350.63	0.000003007	38.78	356.16	299.19	350.6	351.2	351.2	351.9	351.8	352.0	351.9	352.7	352.2	352.9	352.8	353.5	352.5	356.2	358.1	359.9
6703840.824	613.7	350.62	0.000003007	38.88	356.24	299.18	350.6	351.2	351.2	351.9	351.8	352.0	351.9	352.7	352.2	353.0	352.8	353.3	352.5	356.2	358.2	360.0
6703850.873	613.5	350.59	0.000003007	38.37	356.25	299.18	350.6	351.3	351.2	351.9	351.8	352.0	351.9	352.7	352.2	353.0	352.8	353.4	352.5	356.2	358.1	360.0
6703861.172	602.8	350.57	0.000003007	37.70	356.30	299.18	350.6	351.2	351.2	351.9	351.8	352.0	352.0	352.8	352.2	353.1	352.9	353.5	352.5	356.3	358.1	359.9
6703870.872	587.6	350.56	0.000003007	37.77	356.23	299.19	350.6	351.2	351.2	351.9	351.8	352.0	351.9	352.7	352.2	353.0	352.9	353.5	352.5	356.2	358.0	359.7
6703880.821	604.5	350.53	0.000003007	37.51	356.19	299.20	350.5	351.2	351.2	351.9	351.8	352.0	351.9	352.7	352.2	353.0	352.8	353.5	352.5	356.2	358.0	359.7
6703890.821	598.5	350.50	0.000003007	37.88	356.19	299.19	350.5	351.2	351.1	351.9	351.8	352.0	351.9	352.7	352.2	353.1	352.9	353.5	352.4	356.2	357.9	359.7
6703900.870	600.0	350.48	0.000003007	37.55	356.21	299.19	350.5	351.2	351.1	351.9	351.8	352.0	351.9	352.7	352.2	353.0	352.9	353.4	352.4	356.2	358.0	359.7
6703910.820	570.8	350.47	0.000003007	37.54	356.10	299.19	350.5	351.2	351.1	351.9	351.8	352.0	351.9	352.7	352.2	353.0	352.8	353.6	352.4	356.1	357.8	359.4
6703920.819	609.2	350.45	0.000003007	38.85	356.08	299.19	350.5	351.1	351.1	351.8	351.7	352.0	351.8	352.6	352.1	352.9	352.8	353.4	352.4	356.1	357.9	359.6
6703930.868	613.9	350.46	0.000003007	38.75	356.13	299.19	350.5	351.2	351.1	351.8	351.7	351.9	351.8	352.6	352.1	352.9	352.8	353.4	352.4	356.1	358.1	359.8
6703940.818	613.3	350.49	0.000003007	38.65	356.19	299.19	350.5	351.1	351.1	351.8	351.7	351.9	351.8	352.6	352.1	352.9	352.8	353.3	352.4	356.2	358.1	359.9
6703950.867	615.0	350.52	0.000003006	38.98	356.19	299.20	350.5	351.2	351.1	351.9	351.7	351.9	351.8	352.6	352.1	352.9	352.8	353.4	352.5	356.2	358.1	360.0
6703960.867	612.1	350.53	0.000003006	38.75	356.26	299.20	350.5	351.2	351.1	351.9	351.7	351.9	351.8	352.6	352.1	352.9	352.7	353.4	352.5	356.3	358.2	360.0
6703970.916	608.8	350.56	0.000003006	38.50	356.30	299.20	350.6	351.2	351.2	351.9	351.8	351.9	351.8	352.6	352.1	352.9	352.7	353.3	352.6	356.3	358.2	360.1
6703980.816	606.1	350.62	0.000003006	38.47	356.34	299.20	350.6	351.3	351.2	352.0	351.9	352.0	351.9	352.7	352.2	352.9	352.8	353.5	352.6	356.3	358.3	360.0
6703990.815	605.9	350.64	0.000003006	38.28	356.33	299.21	350.6	351.2	351.2	352.0	351.9	352.0	351.9	352.7	352.2	353.0	352.8	353.5	352.7	356.3	358.3	360.0
6704000.814	599.9	350.68	0.000003006	37.63	356.35	299.21	350.7	351.3	351.3	352.0	351.9	352.1	352.0	352.8	352.2	353.1	352.9	353.5	352.7	356.4	358.2	360.0
6704010.864	584.8	350.71	0.000003006	37.57	356.36	299.18	350.7	351.3	351.3	352.1	351.9	352.2	352.0	352.8	352.3	353.1	353.0	353.5	352.7	356.4	358.1	359.8
6704020.863	595.4	350.74	0.000003006	38.10	356.32	299.17	350.7	351.4	351.4	352.1	352.0	352.2	352.1	352.9	352.3	353.1	353.0	353.7	352.7	356.3	358.1	359.8
6704030.863	599.3	350.77	0.000003006	37.93	356.37	299.21	350.8	351.4	351.4	352.1	352.0	352.2	352.1	352.8	352.4	353.1	353.0	353.7	352.7	356.4	358.2	359.9
6704040.862	592.8	350.79	0.000003006	37.64	356.35	299.20	350.8	351.5	351.4	352.2	352.0	352.2	352.1	352.9	352.4	353.2	353.0	353.7	352.7	356.3	358.2	359.8
6704050.862	597.1	350.83	0.000003006	37.97	356.32	299.21	350.8	351.5	351.4	352.1	352.0	352.2	352.1	352.9	352.4	353.2	353.0	353.7	352.7	356.3	358.2	359.9
6704060.811	600.7	350.85	0.000003006	37.97	356.36	299.20	350.9	351.5	351.4	352.2	352.1	352.2	352.1	352.9	352.4	353.2	353.0	353.6	352.7	356.4	358.2	359.9
6704070.810	600.9	350.85	0.000003006	38.15	356.38	299.21	350.8	351.5	351.4	352.2	352.1	352.2	352.1	352.9	352.4	353.2	353.0	353.6	352.7	356.4	358.3	359.9
6704080.860	601.8	350.85	0.000003006	38.15	356.43	299.19	350.9	351.5	351.4	352.2	352.1	352.2	352.2	352.9	352.4	353.2	353.0	353.7	352.7	356.4	358.3	359.9
6704090.859	605.5	350.84	0.000003006	38.43	356.46	299.19	350.8	351.5	351.5	352.2	352.1	352.3	352.2	352.9	352.4	353.3	353.0	353.7	352.7	356.5	358.3	360.0
6704100.859	608.5	350.84	0.000003006	38.51	356.42	299.21	350.8	351.4	351.5	352.2	352.1	352.3	352.1	353.0	352.4	353.1	353.0	353.7	352.7	356.4	358.3	360.0
6704110.858	607.9	350.83	0.000003006	38.41	356.46	299.20	350.8	351.5	351.5	352.2	352.1	352.2	352.2	352.9	352.4	353.2	353.1	353.7	352.8	356.5	358.3	360.0
6704120.858	613.0	350.81	0.000003006	38.77	356.53	299.20	350.8	351.4	351.4	352.2	352.1	352.3	352.2	353.0	352.4	353.2	353.1	353.7	352.8	356.5	358.3	360.1
6704130.807	614.3	350.80	0.000003006	38.77	356.55	299.21	350.8	351.4	351.4	352.2	352.1	352.3	352.2	352.9	352.4	353.2	353.1	353.7	352.8	356.6	358.4	360.0
6704140.856	613.9	350.77	0.000003006	39.00	356.57	299.22	350.8	351.4	351.4	352.2	352.1	352.3	352.1	352.9	352.4	353.2	353.0	353.7	352.8	356.6	358.4	360.1
6704151.006	617.9	350.77	0.000003006	39.01	356.55	299.21	350.8	351.4	351.4	352.2	352.1	352.3	352.1	352.9	352.4	353.2	353.1	353.8	352.8	356.6	358.4	360.2
6704160.805	621.5	350.76	0.000003006	39.10	356.56	299.20	350.8	351.4	351.4	352.2	352.1	352.2	352.1	352.9	352.4	353.3	353.1	353.8	352.8	356.6	358.4	360.2
6704170.855	625.3	350.75	0.000003006	39.53	356.63	299.22	350.7	351.4	351.4	352.2	352.0	352.3	352.1	352.9	352.4	353.2	353.1	353.7	352.8	356.6	358.4	360.3
6704180.854	628.3	350.73	0.000003006	39.81	356.70	299.22	350.7	351.4	351.4	352.2	352.1	352.2	352.1	353.0	352.4	353.2	353.1	353.6	352.8	356.7	358.5	360.3
6704190.854	629.0	350.72	0.000003006	39.80	356.68	299.22	350.7	351.4	351.4	352.1	352.0	352.2	352.1	352.9	352.4	353.3	353.1	353.7	352.8	356.7	358.5	360.3
6704200.853	633.9	350.71	0.000003006	39.74	356.72	299.22	350.7	351.4	351.3	352.1	352.0	352.3	352.1	352.9	352.4	353.2	353.1	353.8	352.8	356.7	358.5	360.4
6704210.852	629.6	350.69	0.000003006	39.83	356.73	299.22	350.7	351.4	351.3	352.1	352.0	352.2	352.1	352.9	352.4	353.2	353.1	353.7	352.8	356.7	358.5	360.4
6704220.802	629.4	350.67	0.000003006	39.83	356.77	299.20	350.7	351.3	351.3	352.1	352.0	352.2	352.1	352.9	352.4	353.2	353.1	353.8	352.8	356.8	358.5	360.3
6704231.001	630.0	350.64	0.000003006	39.90	356.73	299.21	350.6	351.3	351.3	352.1	352.0	352.2	352.1	352.9	352.4	353.3	353.1	353.7	352.8	356.7	358.5	360.3
6704240.851	630.3	350.63	0.000003006	39.91	356.79	299.21	350.6	351.3	351.3	352.1	352.0	352.2	352.1	352.9	352.4	353.3	353.1	353.8	352.8	356.8	358.5	360.3
6704250.800	632.2	350.59	0.000003006	40.00	356.74	299.22	350.6	351.3	351.3	352.2	352.0	352.2	352.1	352.9	352.4	353.3	353.1	353.8	352.8	356.7	358.5	360.3
6704260.850	630.8	350.56	0.000003006	39.73	356.78	299.22	350.6	351.3	351.3	352.1	351.9	352.1	352.1	352.9	352.4	353.2	353.1	353.8	352.8	356.8	358.5	360.3
6704271.199	627.5	350.56	0.000003006	40.08	356.77	299.23	350.6	351.2	351.2	352.1	351.9	352.2	352.1	352.9	352.4	353.2	353.1	353.7	352.8	356.8	358.4	360.3
6704280.848	632.5	350.56	0.000003006	39.91	356.71	299.23	350.6	351.3	351.2	352.1	351.9	352.1	352.0	352.9	352.3	353.2	353.1	353.8	352.8	356.7	358.5	360.4
6704290.798	632.0	350.55	0.000003006	39.85	356.76	299.23	350.6	351.2	351.2	352.0	351.9	352.2	352.0	352.9	352.3	353.2	353.0	353.8	352.8	356.8	358.5	360.4
6704300.847	623.2	350.55	0.000003006	39.87	356.72	299.21	350.6	351.2	351.2	352.0	351.9	352.1	352.0	352.9	352.3	353.2	353.0	353.8	352.8	356.7	358.5	360.3
6704310.997	629.4	350.56	0.000003006	39.68	356.74	299.21	350.6	351.2	351.2	352.0	351.9	352.2	352.0	352.9	352.4	353.2	353.0	353.7	352.8	356.7	358.5	360.3
6704320.796	627.5	350.57	0.000003006	39.80	356.76	299.22	350.6	351.2	351.2	352.1	351.9	352.1	352.0	352.9	352.3	353.2	353.0	353.7	352.8	356.8	358.5	360.3
6704330.846	621.8	350.60	0.000003006	39.28	356.78	299.23	350.6	351.3	351.2	352.1	352.0	352.1	352.0	352.8	352.3	353.2	353.0	353.7	352.9	356.8	358.5	360.4
6704340.845	601.2	350.63	0.000003006	38.47	356.77	299.21	350.6	351.3	351.3	352.1	352.0	352.1	352.1	352.9	352.4	353.2	353.1	353.7	352.9	356.8	358.4	360.2
6704350.844	598.7	350.66	0.000003006	38.27	356.73	299.23	350.7	351.3	351.3	352.1	352.0	352.2	352.1	352.9	352.4	353.2	353.1	353.7	352.9	356.7	358.4	360.0
6704360.844	593.9	350.69	0.000003006	37.88	356.67	299.22	350.7	351.4	351.3	352.1	352.0	352.2	352.1	352.9	352.4	353.2	353.1	353.8	352.9	356.7	358.4	360.0
6704370.843	579.8	350.76	0.000003005	37.21	356.66	299.20	350.8	351.4	351.4	352.2	352.1	352.3	352.1	353.0	352.4	353.3	353.1	353.8	352.9	356.7	358.3	359.9
6704380.843	573.8	350.80	0.000003005	37.01	356.58	299.22	350.8	351.5	351.4	352.3	352.1	352.3	352.2	353.0	352.5	353.3	353.2	353.9	352.8	356.6	358.2	359.7
6704390.842	584.6	350.84	0.000003005	37.73	356.50	299.20	350.8	351.5	351.4	352.3	352.1	352.3	352.2	353.0	352.5	353.3	353.2	353.8	352.8	356.5	358.2	359.7
6704400.792	585.3	350.86	0.000003005	36.56	356.51	299.20	350.9	351.5	351.5	352.2	352.1	352.3	352.2	353.0	352.5	353.3	353.2	353.8	352.8	356.5	358.2	359.8
6704410.791	561.6	350.89	0.000003005	36.32	356.56	299.23	350.9	351.5	351.5	352.3	352.2	352.3	352.2	353.0	352.5	353.3	353.1	353.8	352.8	356.6	358.1	359.6
6704420.790	552.9	350.93	0.000003005	35.39	356.46	299.23	350.9	351.6	351.5	352.3	352.2	352.3	352.2	353.0	352.5	353.3	353.1	353.9	352.8	356.5	358.0	359.3
6704430.790	541.6	350.94	0.000003006	34.58	356.44	299.24	350.9	351.6	351.5	352.3	352.2	352.4	352.2	353.0	352.5	353.3	353.1	353.8	352.8	356.4	357.9	359.1
6704440.789	532.4	350.95	0.000003006	34.80	356.32	299.23	350.9	351.6	351.5	352.3	352.2	352.3	352.2	353.0	352.5	353.3	353.1	353.7	352.7	356.3	357.8	358.9
6704450.839	545.9	350.94	0.000003006	36.23	356.28	299.22	350.9	351.6	351.5	352.4	352.2	352.3	352.2	353.0	352.5	353.3	353.1	353.7	352.7	356.3	357.7	358.9
6704460.788	572.8	350.94	0.000003006	37.53	356.22	299.23	350.9	351.5	351.5	352.3	352.2	352.3	352.2	353.0	352.5	353.3	353.1	353.9	352.6	356.2	357.9	359.2
6704470.838	589.6	350.92	0.000003006	38.21	356.33	299.23	350.9	351.6	351.5	352.2	352.2	352.3	352.2	353.0	352.4	353.2	353.1	353.8	352.6	356.3	358.1	359.5
6704480.787	606.1	350.92	0.000003006	39.50	356.40	299.25	350.9	351.6	351.5	352.2	352.1	352.2	352.2	352.9	352.4	353.2	353.0	353.6	352.7	356.4	358.3	359.9
6704491.336	618.4	350.91	0.000003006	39.83	356.44	299.24	350.9	351.5	351.5	352.2	352.1	352.2	352.1	352.8	352.3	353.1	353.0	353.6	352.7	356.4	358.5	360.2
6704500.836	614.2	350.90	0.000003006	38.00	356.59	299.25	350.9	351.4	351.5	352.2	352.1	352.2	352.1	352.8	352.3	353.1	352.9	353.6	352.8	356.6	358.6	360.3
6704510.785	612.1	350.88	0.000003006	39.51	356.69	299.25	350.9	351.5	351.5	352.2	352.1	352.2	352.1	352.8	352.3	353.1	352.9	353.6	352.9	356.7	358.6	360.3
6704520.785	612.7	350.85	0.000003006	39.39	356.73	299.26	350.9	351.5	351.5	352.3	352.1	352.2	352.2	352.9	352.4	353.1	353.0	353.6	352.9	356.7	358.6	360.3
6704531.234	613.9	350.83	0.000003006	39.72	356.79	299.28	350.8	351.5	351.5	352.3	352.2	352.3	352.2	353.0	352.4	353.3	353.1	353.8	352.9	356.8	358.6	360.3
6704540.784	616.8	350.81	0.000003006	39.49	356.85	299.27	350.8	351.5	351.5	352.3	352.2	352.4	352.2	353.1	352.5	353.3	353.1	353.8	352.9	356.9	358.6	360.4
6704550.833	616.3	350.80	0.000003006	39.77	356.86	299.29	350.8	351.5	351.5	352.3	352.2	352.4	352.2	353.1	352.6	353.4	353.2	354.0	352.9	356.9	358.6	360.4
6704560.832	617.8	350.78	0.000003006	39.66	356.94	299.27	350.8	351.5	351.5	352.3	352.2	352.4	352.3	353.1	352.5	353.4	353.2	354.0	352.9	356.9	358.6	360.4
6704570.882	612.2	350.76	0.000003006	39.53	356.92	299.28	350.8	351.5	351.4	352.3	352.2	352.4	352.3	353.1	352.6	353.4	353.2	353.9	353.0	356.9	358.5	360.3
6704580.781	615.3	350.76	0.000003006	39.73	356.91	299.29	350.8	351.4	351.4	352.3	352.2	352.4	352.2	353.0	352.6	353.4	353.3	354.0	353.0	356.9	358.6	360.3
6704590.831	617.4	350.74	0.000003006	39.53	356.95	299.32	350.7	351.4	351.4	352.3	352.2	352.3	352.2	353.0	352.5	353.4	353.2	353.9	353.0	357.0	358.6	360.3
6704600.830	611.3	350.73	0.000003006	39.40	356.98	299.33	350.7	351.4	351.4	352.3	352.1	352.3	352.2	353.1	352.6	353.4	353.2	354.0	352.9	357.0	358.6	360.3
6704611.330	610.3	350.70	0.000003006	39.23	356.96	299.33	350.7	351.4	351.4	352.3	352.1	352.3	352.2	353.1	352.5	353.3	353.2	354.0	352.9	357.0	358.5	360.2
6704620.779	611.1	350.69	0.000003006	39.41	356.96	299.34	350.7	351.4	351.4	352.2	352.1	352.3	352.2	353.0	352.5	353.4	353.2	354.1	352.9	357.0	358.4	360.2
6704630.828	608.3	350.69	0.000003006	38.87	356.91	299.34	350.7	351.4	351.3	352.2	352.1	352.3	352.2	353.0	352.5	353.4	353.2	353.9	352.9	356.9	358.5	360.2
6704640.828	596.7	350.67	0.000003006	38.12	356.88	299.34	350.7	351.4	351.3	352.2	352.1	352.3	352.2	353.0	352.5	353.4	353.2	353.9	352.9	356.9	358.4	360.0
6704651.527	567.6	350.66	0.000003006	36.71	356.78	299.32	350.7	351.3	351.3	352.2	352.0	352.2	352.1	353.0	352.5	353.3	353.2	353.8	352.9	356.8	358.2	359.6
6704660.827	567.4	350.66	0.000003006	37.13	356.70	299.33	350.7	351.3	351.3	352.2	352.1	352.2	352.1	353.0	352.4	353.3	353.1	354.0	352.8	356.7	358.0	359.4
6704670.826	573.3	350.65	0.000003006	37.23	356.63	299.34	350.7	351.3	351.3	352.1	352.0	352.2	352.1	353.0	352.4	353.3	353.1	353.8	352.7	356.6	358.0	359.3
6704680.826	578.0	350.65	0.000003006	37.51	356.52	299.35	350.7	351.4	351.3	352.1	352.0	352.2	352.1	352.9	352.4	353.2	353.1	353.9	352.7	356.5	358.0	359.4
6704691.675	580.3	350.65	0.000003006	37.43	356.53	299.34	350.7	351.3	351.3	352.1	352.0	352.1	352.1	352.9	352.4	353.2	353.0	353.9	352.7	356.5	358.1	359.5
6704700.774	579.7	350.67	0.000003006	37.41	356.52	299.36	350.7	351.3	351.3	352.1	352.0	352.1	352.0	352.8	352.3	353.2	353.0	353.6	352.7	356.5	358.1	359.5
6704710.774	582.6	350.69	0.000003006	37.73	356.53	299.36	350.7	351.3	351.3	352.1	351.9	352.1	352.0	352.8	352.3	353.1	352.9	353.6	352.7	356.5	358.1	359.5
6704720.823	584.8	350.72	0.000003006	37.74	356.51	299.35	350.7	351.4	351.3	352.1	351.9	352.1	352.0	352.8	352.3	353.1	352.9	353.6	352.7	356.5	358.2	359.6
6704730.773	583.0	350.76	0.000003005	37.90	356.54	299.34	350.8	351.4	351.3	352.1	352.0	352.1	352.0	352.8	352.3	353.1	352.9	353.6	352.7	356.5	358.3	359.7
6704740.822	580.7	350.80	0.000003005	37.79	356.56	299.35	350.8	351.4	351.3	352.1	352.0	352.1	352.0	352.8	352.3	353.1	353.0	353.6	352.8	356.6	358.3	359.7
6704750.772	595.8	350.83	0.000003005	38.46	356.61	299.34	350.8	351.4	351.4	352.2	352.1	352.1	352.1	352.9	352.3	353.1	353.0	353.7	352.8	356.6	358.4	359.9
6704760.771	588.5	350.85	0.000003005	38.29	356.59	299.33	350.9	351.5	351.4	352.3	352.1	352.2	352.1	352.9	352.3	353.1	353.0	353.7	352.9	356.6	358.4	359.9
6704770.820	593.9	350.90	0.000003005	38.29	356.70	299.34	350.9	351.5	351.4	352.3	352.1	352.2	352.2	352.9	352.4	353.2	353.0	353.7	352.9	356.7	358.5	360.0
6704780.820	599.9	350.92	0.000003005	38.91	356.74	299.34	350.9	351.6	351.5	352.3	352.2	352.3	352.2	353.0	352.4	353.2	353.1	353.8	353.0	356.7	358.6	360.1
6704790.819	603.4	350.97	0.000003005	39.13	356.82	299.34	351.0	351.6	351.5	352.3	352.2	352.3	352.2	353.0	352.5	353.3	353.1	353.7	353.0	356.8	358.6	360.2
6704800.769	605.5	350.99	0.000003005	39.18	356.85	299.36	351.0	351.7	351.6	352.4	352.3	352.4	352.3	353.0	352.5	353.3	353.1	353.8	353.1	356.9	358.8	360.3
6704810.818	597.7	351.01	0.000003005	39.26	356.91	299.36	351.0	351.7	351.6	352.5	352.3	352.4	352.3	353.1	352.6	353.4	353.2	353.9	353.1	356.9	358.7	360.2
6704820.768	602.1	351.00	0.000002984	39.53	356.92	299.36	351.0	351.6	351.6	352.5	352.3	352.5	352.3	353.1	352.6	353.4	353.2	353.9	353.1	356.9	358.7	360.3
6704830.767	600.0	351.02	0.000002984	38.98	356.96	299.38	351.0	351.7	351.6	352.4	352.3	352.5	352.4	353.1	352.6	353.4	353.3	353.9	353.1	357.0	358.7	360.3
6704840.766	610.1	351.00	0.000002984	39.55	357.01	299.38	351.0	351.7	351.6	352.5	352.4	352.5	352.4	353.2	352.7	353.4	353.3	354.0	353.1	357.0	358.6	360.2
6704850.816	610.9	351.00	0.000002984	39.80	357.01	299.39	351.0	351.7	351.6	352.5	352.4	352.5	352.4	353.2	352.7	353.5	353.3	354.0	353.1	357.0	358.7	360.3
6704860.815	610.2	350.98	0.000002984	39.00	357.07	299.39	351.0	351.7	351.6	352.4	352.3	352.5	352.4	353.2	352.7	353.5	353.3	354.1	353.1	357.1	358.6	360.4
6704870.815	593.8	350.97	0.000002984	39.20	357.02	299.37	351.0	351.6	351.6	352.5	352.4	352.5	352.4	353.2	352.7	353.5	353.4	354.1	353.1	357.0	358.6	360.2
6704880.764	594.5	350.96	0.000002984	38.50	357.05	299.39	351.0	351.6	351.6	352.5	352.4	352.5	352.4	353.2	352.7	353.5	353.3	354.1	353.1	357.1	358.5	360.0
6704890.764	596.4	350.94	0.000002984	38.54	356.97	299.42	350.9	351.6	351.6	352.4	352.3	352.4	352.4	353.2	352.7	353.5	353.4	354.1	353.1	357.0	358.5	360.0
6704900.813	606.5	350.94	0.000002984	39.44	357.02	299.40	350.9	351.6	351.6	352.4	352.3	352.5	352.4	353.2	352.7	353.5	353.3	354.0	353.1	357.0	358.5	360.1
6704910.812	599.7	350.93	0.000002984	39.21	356.97	299.40	350.9	351.7	351.6	352.4	352.3	352.4	352.4	353.2	352.7	353.5	353.3	354.0	353.1	357.0	358.5	360.0
6704920.812	604.2	350.92	0.000002984	39.45	357.01	299.39	350.9	351.6	351.5	352.4	352.3	352.4	352.3	353.2	352.6	353.5	353.3	354.1	353.0	357.0	358.5	360.1
6704930.811	595.8	350.90	0.000002984	38.80	357.01	299.40	350.9	351.6	351.5	352.4	352.3	352.4	352.3	353.1	352.6	353.4	353.3	354.0	353.0	357.0	358.6	360.1
6704940.811	605.4	350.91	0.000002984	39.40	356.96	299.41	350.9	351.5	351.5	352.4	352.3	352.4	352.3	353.1	352.6	353.4	353.2	353.9	353.0	357.0	358.5	360.0
6704950.810	603.0	350.87	0.000002984	39.38	356.99	299.41	350.9	351.6	351.5	352.4	352.2	352.4	352.3	353.1	352.5	353.4	353.2	353.9	353.0	357.0	358.6	360.0
6704960.760	605.4	350.87	0.000002984	39.18	357.06	299.41	350.9	351.5	351.5	352.4	352.2	352.4	352.3	353.1	352.6	353.4	353.2	353.9	353.0	357.1	358.5	360.1
6704970.809	605.6	350.85	0.000002984	39.28	357.02	299.44	350.8	351.5	351.5	352.3	352.2	352.4	352.3	353.1	352.5	353.4	353.2	353.9	353.0	357.0	358.5	360.1
6704980.758	601.4	350.84	0.000002984	39.48	357.00	299.43	350.8	351.5	351.5	352.3	352.2	352.3	352.3	353.1	352.5	353.3	353.2	354.0	353.0	357.0	358.6	360.0
6704990.808	605.5	350.82	0.000002984	39.33	357.06	299.43	350.8	351.5	351.4	352.3	352.2	352.3	352.2	353.0	352.5	353.3	353.2	353.9	353.0	357.1	358.6	360.0
6705000.757	598.0	350.79	0.000002984	39.04	357.00	299.44	350.8	351.5	351.4	352.3	352.1	352.3	352.2	353.0	352.5	353.3	353.1	353.9	353.0	357.0	358.5	360.0
6705010.807	598.4	350.77	0.000002984	39.11	357.00	299.46	350.8	351.4	351.4	352.3	352.1	352.3	352.2	353.0	352.5	353.3	353.1	353.9	353.0	357.0	358.5	360.0
6705020.806	604.1	350.76	0.000002984	39.44	356.97	299.46	350.8	351.5	351.4	352.2	352.1	352.3	352.2	353.0	352.5	353.3	353.1	353.9	353.0	357.0	358.5	360.0
6705030.806	605.4	350.74	0.000002984	39.43	356.95	299.46	350.7	351.4	351.4	352.2	352.1	352.3	352.2	353.0	352.5	353.3	353.1	353.8	353.0	356.9	358.5	360.0
6705040.755	603.9	350.73	0.000002984	39.48	356.99	299.45	350.7	351.4	351.4	352.2	352.1	352.2	352.2	353.0	352.5	353.3	353.1	353.8	352.9	357.0	358.5	360.1
6705050.754	604.0	350.71	0.000002984	39.25	356.91	299.47	350.7	351.4	351.3	352.2	352.1	352.3	352.1	353.0	352.5	353.3	353.1	353.9	353.0	356.9	358.5	360.1
6705060.804	601.9	350.72	0.000002984	39.25	356.96	299.49	350.7	351.4	351.3	352.2	352.1	352.2	352.1	352.9	352.4	353.2	353.1	353.8	353.0	357.0	358.5	360.0
6705070.803	602.5	350.73	0.000002984	39.41	356.90	299.48	350.7	351.4	351.3	352.2	352.1	352.2	352.1	352.9	352.4	353.2	353.1	353.8	353.0	356.9	358.5	360.0
6705080.803	598.6	350.74	0.000002984	39.14	356.96	299.49	350.7	351.4	351.3	352.2	352.1	352.2	352.1	352.9	352.4	353.3	353.1	353.7	353.0	357.0	358.5	360.1
6705090.802	595.5	350.75	0.000002984	38.88	356.87	299.48	350.7	351.4	351.3	352.2	352.1	352.2	352.1	352.9	352.4	353.2	353.1	353.8	353.0	356.9	358.6	360.0
6705100.752	596.3	350.76	0.000002984	38.67	356.91	299.48	350.8	351.5	351.4	352.2	352.1	352.3	352.2	353.0	352.4	353.2	353.1	353.8	353.0	356.9	358.5	360.0
6705110.751	595.2	350.82	0.000002984	38.71	356.94	299.48	350.8	351.5	351.4	352.2	352.2	352.3	352.2	353.0	352.5	353.3	353.1	353.8	353.0	356.9	358.5	360.0
6705120.800	596.8	350.85	0.000002983	38.98	356.95	299.48	350.9	351.5	351.4	352.3	352.2	352.3	352.2	353.0	352.5	353.3	353.1	353.8	353.0	357.0	358.6	360.0
6705130.800	598.7	350.87	0.000002983	39.18	356.94	299.50	350.9	351.5	351.4	352.3	352.2	352.3	352.2	353.0	352.5	353.3	353.1	353.9	353.0	356.9	358.6	360.1
6705140.799	601.2	350.90	0.000002983	38.98	357.00	299.50	350.9	351.6	351.5	352.4	352.2	352.3	352.2	353.0	352.5	353.3	353.1	353.8	353.1	357.0	358.7	360.1
6705150.749	596.7	350.92	0.000002983	38.74	356.99	299.49	350.9	351.6	351.5	352.4	352.2	352.3	352.2	353.0	352.5	353.3	353.2	353.9	353.1	357.0	358.6	360.2
6705160.798	592.3	350.95	0.000002983	38.61	357.01	299.48	351.0	351.6	351.5	352.4	352.3	352.4	352.3	353.1	352.5	353.4	353.2	353.8	353.1	357.0	358.6	360.1
6705170.798	591.9	351.02	0.000002983	38.51	356.97	299.47	351.0	351.6	351.6	352.5	352.3	352.4	352.3	353.1	352.6	353.4	353.2	354.1	353.2	357.0	358.7	360.1
6705180.797	592.1	351.03	0.000002983	38.60	356.99	299.48	351.0	351.7	351.6	352.4	352.4	352.5	352.3	353.1	352.6	353.4	353.3	353.9	353.2	357.0	358.7	360.1
6705190.796	594.1	351.06	0.000002983	38.64	357.02	299.47	351.1	351.7	351.6	352.5	352.4	352.5	352.4	353.2	352.7	353.5	353.3	354.0	353.2	357.0	358.6	360.1
6705200.796	593.3	351.05	0.000002983	38.67	357.08	299.48	351.1	351.7	351.6	352.5	352.4	352.5	352.4	353.2	352.7	353.5	353.3	354.1	353.2	357.1	358.6	360.0
6705210.795	594.6	351.07	0.000002983	38.61	357.08	299.49	351.1	351.7	351.7	352.6	352.4	352.5	352.4	353.2	352.7	353.5	353.3	354.1	353.2	357.1	358.6	360.0
6705220.795	595.2	351.06	0.000002983	39.03	357.10	299.49	351.1	351.8	351.7	352.6	352.4	352.5	352.4	353.2	352.7	353.5	353.3	354.1	353.2	357.1	358.6	360.1
6705230.744	599.3	351.06	0.000002983	39.01	357.11	299.47	351.1	351.7	351.7	352.6	352.4	352.5	352.4	353.2	352.7	353.5	353.3	354.0	353.2	357.1	358.6	360.1
6705240.744	600.1	351.03	0.000002983	39.02	357.10	299.49	351.0	351.7	351.7	352.5	352.4	352.5	352.4	353.2	352.7	353.5	353.4	354.1	353.2	357.1	358.6	360.2
6705250.793	603.3	351.04	0.000002983	39.20	357.13	299.48	351.0	351.7	351.6	352.5	352.4	352.5	352.4	353.2	352.7	353.5	353.4	354.2	353.2	357.1	358.6	360.2
6705260.792	602.6	351.03	0.000002983	39.18	357.14	299.49	351.0	351.7	351.6	352.5	352.4	352.5	352.4	353.2	352.7	353.5	353.4	354.1	353.2	357.1	358.7	360.2
6705270.742	601.7	351.03	0.000002983	39.38	357.12	299.49	351.0	351.7	351.6	352.5	352.4	352.5	352.4	353.2	352.7	353.5	353.4	354.1	353.2	357.1	358.7	360.2
6705280.741	605.4	351.03	0.000002983	39.57	357.14	299.48	351.0	351.7	351.6	352.5	352.4	352.5	352.4	353.2	352.7	353.5	353.3	354.1	353.2	357.1	358.7	360.2
6705290.791	604.9	351.01	0.000002983	38.94	357.14	299.47	351.0	351.7	351.6	352.5	352.4	352.4	352.4	353.2	352.7	353.5	353.3	354.1	353.2	357.1	358.7	360.2
6705300.790	595.2	350.98	0.000002983	38.77	357.14	299.45	351.0	351.6	351.6	352.5	352.3	352.5	352.4	353.2	352.7	353.5	353.3	354.0	353.2	357.1	358.6	360.1
6705310.740	598.5	350.96	0.000002984	39.05	357.12	299.46	351.0	351.6	351.6	352.5	352.4	352.4	352.4	353.2	352.6	353.5	353.3	354.1	353.1	357.1	358.5	360.0
6705320.789	597.9	350.95	0.000002984	39.01	357.18	299.46	350.9	351.6	351.6	352.4	352.3	352.5	352.3	353.1	352.6	353.4	353.3	354.0	353.1	357.2	358.5	360.1
6705330.788	597.0	350.92	0.000002984	38.77	357.16	299.47	350.9	351.6	351.5	352.4	352.3	352.4	352.3	353.1	352.6	353.4	353.3	354.2	353.1	357.2	358.5	360.0
6705340.788	597.9	350.91	0.000002984	39.33	357.11	299.46	350.9	351.6	351.5	352.4	352.3	352.4	352.3	353.1	352.6	353.5	353.3	354.2	353.1	357.1	358.5	360.0
6705350.787	602.5	350.88	0.000002984	38.97	357.12	299.47	350.9	351.5	351.5	352.4	352.2	352.4	352.3	353.1	352.6	353.4	353.3	353.9	353.0	357.1	358.5	360.1
6705360.737	602.9	350.88	0.000002984	39.22	357.07	299.46	350.9	351.5	351.5	352.4	352.2	352.4	352.2	353.0	352.5	353.3	353.2	354.0	353.0	357.1	358.5	360.0
6705370.736	600.1	350.87	0.000002984	38.85	357.03	299.46	350.9	351.5	351.5	352.4	352.2	352.3	352.2	353.0	352.5	353.3	353.2	354.0	353.0	357.0	358.5	360.1
6705380.786	595.5	350.84	0.000002984	38.75	357.05	299.44	350.8	351.5	351.4	352.4	352.2	352.3	352.2	353.0	352.5	353.3	353.2	353.9	353.0	357.0	358.4	359.9
6705390.785	589.7	350.84	0.000002984	37.85	357.06	299.44	350.8	351.5	351.4	352.3	352.2	352.2	352.2	353.0	352.5	353.4	353.2	353.9	353.0	357.1	358.4	359.8
6705400.784	589.3	350.80	0.000002984	38.15	356.97	299.45	350.8	351.4	351.4	352.3	352.2	352.3	352.2	353.0	352.5	353.3	353.2	354.0	352.9	357.0	358.3	359.7
6705410.734	578.8	350.79	0.000002984	38.04	356.89	299.43	350.8	351.5	351.4	352.2	352.2	352.3	352.2	353.0	352.5	353.3	353.1	353.9	352.9	356.9	358.2	359.4
6705420.783	578.9	350.77	0.000002984	37.74	356.86	299.42	350.8	351.5	351.4	352.2	352.2	352.2	352.2	353.0	352.5	353.3	353.1	353.9	352.9	356.9	358.2	359.4
6705430.733	588.1	350.73	0.000002984	38.12	356.85	299.41	350.7	351.4	351.4	352.2	352.1	352.2	352.1	352.9	352.4	353.2	353.1	353.8	352.8	356.9	358.2	359.5
6705440.732	594.0	350.73	0.000002984	38.87	356.81	299.42	350.7	351.4	351.4	352.2	352.1	352.2	352.1	352.9	352.4	353.2	353.1	353.8	352.8	356.8	358.2	359.6
6705450.782	604.5	350.73	0.000002984	39.50	356.84	299.42	350.7	351.4	351.3	352.2	352.1	352.2	352.1	352.9	352.4	353.2	353.0	353.9	352.8	356.8	358.4	359.9
6705460.781	609.6	350.74	0.000002984	39.75	356.85	299.44	350.7	351.4	351.3	352.2	352.0	352.1	352.1	352.9	352.3	353.1	353.0	353.8	352.9	356.9	358.5	360.0
6705470.730	599.8	350.74	0.000002983	38.68	356.90	299.43	350.7	351.4	351.3	352.2	352.1	352.1	352.1	352.8	352.3	353.1	353.0	353.7	352.9	356.9	358.6	360.1
6705480.780	597.8	350.77	0.000002983	37.98	357.03	299.45	350.8	351.4	351.3	352.2	352.1	352.1	352.0	352.9	352.3	353.1	353.0	353.7	353.0	357.0	358.5	360.1
6705490.779	568.4	350.81	0.000002983	36.81	356.96	299.44	350.8	351.5	351.4	352.2	352.1	352.2	352.1	352.9	352.4	353.2	353.0	353.8	353.1	357.0	358.3	359.7
6705500.779	583.4	350.85	0.000002983	38.11	356.99	299.42	350.8	351.5	351.4	352.3	352.2	352.3	352.1	352.9	352.4	353.2	353.0	353.9	353.0	357.0	358.3	359.6
6705510.778	593.3	350.90	0.000002983	37.75	356.94	299.43	350.9	351.5	351.5	352.4	352.3	352.3	352.2	353.1	352.5	353.3	353.1	353.9	353.0	356.9	358.4	359.7
6705520.778	579.7	350.94	0.000002983	37.45	356.96	299.46	350.9	351.6	351.5	352.4	352.3	352.4	352.3	353.1	352.5	353.4	353.2	353.9	353.0	357.0	358.3	359.7
6705530.727	579.7	350.99	0.000002983	37.49	356.97	299.46	351.0	351.6	351.5	352.5	352.3	352.4	352.3	353.1	352.6	353.4	353.2	354.0	353.1	357.0	358.3	359.6
6705540.726	583.7	351.01	0.000002983	37.38	356.96	299.45	351.0	351.7	351.6	352.3	352.3	352.4	352.3	353.1	352.6	353.4	353.2	353.9	353.1	357.0	358.3	359.7
6705550.776	573.2	351.04	0.000002983	37.42	356.96	299.46	351.0	351.7	351.6	352.4	352.3	352.4	352.3	353.0	352.6	353.4	353.2	353.9	353.1	357.0	358.4	359.6
6705560.725	586.9	351.07	0.000002983	37.75	356.92	299.43	351.1	351.7	351.6	352.5	352.3	352.4	352.3	353.1	352.5	353.3	353.2	354.0	353.1	356.9	358.4	359.7
6705570.775	582.8	351.12	0.000002983	37.08	357.01	299.43	351.1	351.7	351.7	352.5	352.4	352.4	352.4	353.1	352.6	353.4	353.2	354.0	353.1	357.0	358.4	359.7
6705580.774	575.2	351.14	0.000002983	35.85	356.99	299.42	351.1	351.7	351.7	352.5	352.4	352.5	352.4	353.1	352.6	353.4	353.2	354.0	353.1	357.0	358.3	359.5
6705590.774	571.0	351.14	0.000002983	34.65	356.97	299.45	351.1	351.8	351.7	352.6	352.4	352.5	352.4	353.2	352.6	353.4	353.3	354.0	353.1	357.0	358.1	359.2
6705600.773	574.0	351.13	0.000002983	33.32	356.99	299.44	351.1	351.8	351.7	352.5	352.4	352.5	352.4	353.2	352.7	353.4	353.3	354.0	353.1	357.0	357.9	358.9
6705610.722	560.9	351.13	0.000002983	30.62	357.00	299.45	351.1	351.8	351.7	352.5	352.4	352.5	352.4	353.1	352.6	353.5	353.2	354.1	353.0	357.0	357.5	358.4
6705620.772	553.1	351.13	0.000002983	28.00	356.97	299.42	351.1	351.8	351.7	352.5	352.4	352.5	352.4	353.2	352.6	353.4	353.2	354.1	352.9	357.0	357.1	357.8
6705630.721	566.5	351.13	0.000002983	26.11	356.88	299.43	351.1	351.8	351.7	352.5	352.4	352.5	352.4	353.2	352.6	353.5	353.3	354.0	352.7	356.9	356.8	357.2
6705640.771	559.0	351.12	0.000002983	23.04	356.85	299.42	351.1	351.7	351.6	352.4	352.3	352.4	352.3	353.1	352.6	353.3	353.2	353.9	352.5	356.8	356.2	356.4
6705650.720	560.5	351.09	0.000002983	20.35	356.78	299.41	351.1	351.7	351.6	352.4	352.3	352.3	352.2	353.0	352.5	353.2	353.1	353.8	352.2	356.8	355.6	355.8
6705660.720	560.5	351.07	0.000002984	17.50	356.71	299.41	351.1	351.6	351.6	352.3	352.2	352.2	352.1	352.9	352.4	353.1	353.0	353.8	352.0	356.7	355.0	355.2
6705670.719	567.6	351.06	0.000002984	14.60	356.49	299.40	351.1	351.6	351.5	352.2	352.1	352.1	352.0	352.7	352.3	353.0	352.8	353.5	351.7	356.5	354.4	354.5
6705680.768	567.5	351.03	0.000002984	11.88	356.36	299.41	351.0	351.5	351.5	352.0	352.0	351.9	351.9	352.6	352.1	352.8	352.6	353.3	351.4	356.4	353.8	353.9
6705690.768	571.4	351.00	0.000002984	9.19	356.10	299.41	351.0	351.4	351.4	351.9	351.8	351.7	351.7	352.3	351.8	352.5	352.4	353.0	351.1	356.1	353.2	353.3

