#1
double 11(5,5)
0.00	-1.1	-0.5	0	0.51	1.1
1.11	0.11	0.21	0.5	0.21	0.1
0.51	0.11	0.21	0.5	0.21	0.1
0.01	0.11	0.21	0.5	0.21	0.1
-0.5	0.11	0.21	0.5	0.21	0.1
-1.1	0.11	0.21	0.5	0.21	0.1

double 21(5,5)
0.00	-1.1	-0.5	0	0.51	1.1
1.11	0.11	0.21	0.5	0.21	0.1
0.51	0.11	0.21	0.5	0.21	0.1
0.01	0.11	0.21	0.5	0.21	0.1
-0.5	0.11	0.21	0.5	0.21	0.1
-1.1	0.11	0.21	0.5	0.21	0.1

double 51(5,5)
0.00	-1.1	-0.5	0	0.51	1.1
1.11	0.11	0.21	0.5	0.21	0.1
0.51	0.11	0.21	0.5	0.21	0.1
0.01	0.11	0.21	0.5	0.21	0.1
-0.5	0.11	0.21	0.5	0.21	0.1
-1.1	0.11	0.21	0.5	0.21	0.1

double 81(5,5)
0.00	-1.1	-0.5	0	0.51	1.1
1.11	0.11	0.21	0.5	0.21	0.1
0.51	0.11	0.21	0.5	0.21	0.1
0.01	0.11	0.21	0.5	0.21	0.1
-0.5	0.11	0.21	0.5	0.21	0.1
-1.1	0.11	0.21	0.5	0.21	0.1

double 91(5,5)
0.00	-1.1	-0.5	0	0.51	1.1
1.11	0.11	0.21	0.5	0.21	0.1
0.51	0.11	0.21	0.5	0.21	0.1
0.01	0.11	0.21	0.5	0.21	0.1
-0.5	0.11	0.21	0.5	0.21	0.1
-1.1	0.11	0.21	0.5	0.21	0.1

double 12(5,5)
0.00	-1.1	-0.5	0	0.51	1.1
1.11	0.11	0.21	0.5	0.21	0.1
0.51	0.11	0.21	1.0	0.21	0.1
0.01	0.11	0.21	1.0	0.21	0.1
-0.5	0.11	0.21	1.0	0.21	0.1
-1.1	0.11	0.21	0.5	0.21	0.1

double 22(5,5)
0.00	-1.1	-0.5	0	0.51	1.1
1.11	0.11	0.21	0.5	0.21	0.1
0.51	0.11	0.21	1.0	0.21	0.1
0.01	0.11	0.21	1.0	0.21	0.1
-0.5	0.11	0.21	1.0	0.21	0.1
-1.1	0.11	0.21	0.5	0.21	0.1

double 52(5,5)
0.00	-1.1	-0.5	0	0.51	1.1
1.11	0.11	0.21	0.5	0.21	0.1
0.51	0.11	0.21	1.0	0.21	0.1
0.01	0.11	0.21	1.0	0.21	0.1
-0.5	0.11	0.21	1.0	0.21	0.1
-1.1	0.11	0.21	0.5	0.21	0.1

double 82(5,5)
0.00	-1.1	-0.5	0	0.51	1.1
1.11	0.11	0.21	0.5	0.21	0.1
0.51	0.11	0.21	1.0	0.21	0.1
0.01	0.11	0.21	1.0	0.21	0.1
-0.5	0.11	0.21	1.0	0.21	0.1
-1.1	0.11	0.21	0.5	0.21	0.1

double 92(5,5)
0.00	-1.1	-0.5	0	0.51	1.1
1.11	0.11	0.21	0.5	0.21	0.1
0.51	0.11	0.21	1.0	0.21	0.1
0.01	0.11	0.21	1.0	0.21	0.1
-0.5	0.11	0.21	1.0	0.21	0.1
-1.1	0.11	0.21	0.5	0.21	0.1

