#1					
float	DNI_THTFin_vdot(1775,6)				
0	0	297.21	0	0.00	297.21
7119722.711	0.9	297.21	0.000003236	0.00	297.97
7119922.370	1.6	297.95	0.000003242	0.00	297.53
7120222.333	0.9	296.48	0.000000000	0.00	297.58
7120232.383	1.0	296.54	0.000000000	0.00	297.60
7120242.334	1.0	296.56	0.000000000	0.00	297.61
7120252.334	1.0	296.56	0.000000000	0.00	297.61
7120262.335	0.9	296.58	0.000000000	0.00	297.61
7120272.385	0.9	296.58	0.000000000	0.00	297.61
7120282.335	0.9	296.58	0.000000000	0.00	297.61
7120292.336	1.0	296.62	0.000000000	0.00	297.59
7120302.386	1.0	296.71	0.000000000	0.00	297.56
7120312.387	1.0	296.85	0.000000000	0.00	297.52
7120322.387	1.0	297.06	0.000000000	0.00	297.47
7120332.338	0.9	297.41	0.000000000	0.00	297.39
7120342.388	0.9	297.71	0.000000000	0.00	297.32
7120352.388	1.0	298.15	0.000000000	0.00	297.20
7120362.389	1.0	298.54	0.000000000	0.00	297.17
7120372.339	1.0	298.92	0.000000000	0.00	297.08
7120382.390	1.0	299.31	0.000000000	0.00	297.00
7120392.340	0.9	300.16	0.000000000	0.00	296.85
7120402.391	0.9	300.89	0.000000000	0.00	296.84
7120412.391	1.0	301.45	0.000000000	0.00	297.03
7120422.391	0.9	301.84	0.000000000	0.00	297.42
7120432.392	0.9	302.13	0.000000000	0.00	297.95
7120442.392	1.0	302.31	0.000000000	0.00	298.49
7120452.343	1.0	302.47	0.000000000	0.00	299.14
7120462.393	0.9	302.62	0.000000000	0.00	299.50
7120472.394	1.0	302.78	0.000000000	0.00	299.81
7120482.394	1.0	302.88	0.000000000	0.00	300.12
7120492.344	1.0	303.01	0.000000000	0.00	300.38
7120502.395	1.0	303.14	0.000000000	0.00	300.59
7120512.395	1.0	303.30	0.000000000	0.00	300.79
7120522.346	1.0	303.41	0.000000000	0.00	300.95
7120532.396	1.0	303.42	0.000000000	0.00	301.13
7120542.397	1.0	303.56	0.000000000	0.00	301.29
7120552.397	1.0	303.65	0.000000000	0.00	301.33
7120562.347	1.0	303.72	0.000000000	0.00	301.46
7120572.398	1.0	303.73	0.000000000	0.00	301.57
7120582.348	1.0	303.48	0.000000000	0.00	301.31
7120592.399	0.9	303.28	0.000000000	0.00	301.10
7120602.399	1.0	303.18	0.000000000	0.00	300.99
7120612.400	1.0	303.08	0.000000000	0.00	300.90
7120622.400	1.0	303.00	0.000000000	0.00	300.80
7120632.400	1.0	302.91	0.000000000	0.00	300.73
7120642.401	1.0	302.82	0.000000000	0.00	300.66
7120652.401	1.0	302.77	0.000000000	0.00	300.60
7120662.402	1.0	302.71	0.000000000	0.00	300.53
7120672.352	1.1	302.67	0.000000000	0.00	300.49
7120682.403	1.0	302.61	0.000000000	0.00	300.45
7120692.403	1.0	302.57	0.000000000	0.00	300.43
7120702.403	0.9	302.53	0.000000000	0.00	300.41
7120712.354	1.0	302.50	0.000000000	0.00	300.41
7120722.354	1.0	302.45	0.000000000	0.00	300.40
7120732.405	1.0	302.43	0.000000000	0.00	300.37
7120742.405	1.0	302.40	0.000000000	0.00	300.37
7120752.356	1.0	302.37	0.000000000	0.00	300.35
7120762.356	0.9	302.32	0.000000000	0.00	300.34
7120772.356	1.0	302.28	0.000000000	0.00	300.32
7120782.407	1.0	302.24	0.000000000	0.00	300.31
7120792.407	1.0	302.21	0.000000000	0.00	300.29
7120802.408	1.0	302.18	0.000000000	0.00	300.28
7120812.358	1.0	302.15	0.000000000	0.00	300.26
7120822.409	1.0	302.10	0.000000000	0.00	300.25
7120832.409	1.0	302.07	0.000000000	0.00	300.23
7120842.409	1.0	302.05	0.000000000	0.00	300.22
7120852.410	1.0	302.01	0.000000000	0.00	300.20
7120862.360	1.0	301.98	0.000000000	0.00	300.19
7120872.361	0.9	301.95	0.000000000	0.00	300.19
7120882.361	1.0	301.91	0.000000000	0.00	300.18
7120892.362	1.0	301.88	0.000000000	0.00	300.17
7120902.362	1.0	301.85	0.000000000	0.00	300.14
7120912.412	1.0	301.83	0.000000000	0.00	300.14
7120922.363	1.0	301.80	0.000000000	0.00	300.14
7120932.413	1.0	301.76	0.000000000	0.00	300.12
7120942.414	1.0	301.73	0.000000000	0.00	300.11
7120952.364	1.0	301.69	0.000000000	0.00	300.09
7120962.415	1.0	301.68	0.000000000	0.00	300.08
7120972.415	1.0	301.65	0.000000000	0.00	300.08
7120982.415	1.0	301.62	0.000000000	0.00	300.08
7120992.416	1.0	301.59	0.000000000	0.00	300.05
7121002.416	1.0	301.56	0.000000000	0.00	300.05
7121012.367	1.0	301.55	0.000000000	0.00	300.04
7121022.367	1.0	301.51	0.000000000	0.00	300.02
7121032.418	1.0	301.48	0.000000000	0.00	300.02
7121042.418	1.0	301.46	0.000000000	0.00	300.01
7121052.418	1.0	301.44	0.000000000	0.00	300.00
7121062.419	1.0	301.41	0.000000000	0.00	300.00
7121072.369	1.0	301.39	0.000000000	0.00	299.99
7121082.420	1.0	301.34	0.000000000	0.00	299.98
7121092.370	1.0	301.32	0.000000000	0.00	299.97
7121102.371	1.0	301.30	0.000000000	0.00	299.96
7121112.421	1.0	301.26	0.000000000	3.20	299.95
7121122.371	1.0	301.25	0.000000000	0.00	299.94
7121132.372	1.0	301.21	0.000000000	0.00	299.92
7121142.422	1.0	301.19	0.000000000	0.00	299.92
7121152.423	1.0	301.16	0.000000000	0.00	299.92
7121162.373	1.0	301.14	0.000000000	6.41	299.92
7121172.424	1.0	301.11	0.000000000	0.00	299.91
7121182.424	1.0	301.08	0.000000000	0.00	299.89
7121192.424	1.0	301.06	0.000000000	0.00	299.88
7121202.425	1.0	301.04	0.000000000	0.00	299.87
7121212.375	1.1	301.00	0.000000000	3.20	299.85
7121222.376	1.0	300.98	0.000000000	0.00	299.84
7121232.426	1.0	300.95	0.000000000	0.00	299.82
7121242.427	1.0	300.93	0.000000000	0.00	299.80
7121252.427	1.0	300.90	0.000000000	0.00	299.79
7121262.427	1.0	300.88	0.000000000	0.00	299.79
7121272.378	1.0	300.84	0.000000000	0.00	299.77
7121282.378	1.0	300.84	0.000000000	0.00	299.75
7121292.379	1.0	300.82	0.000000000	0.00	299.74
7121302.429	1.0	300.81	0.000000000	0.00	299.74
7121312.380	0.9	300.78	0.000000000	0.00	299.72
7121322.430	1.0	300.77	0.000000000	0.00	299.72
7121332.430	1.0	300.75	0.000000000	0.00	299.71
7121342.381	1.0	300.73	0.000000000	0.00	299.68
7121352.431	1.0	300.70	0.000000000	0.00	299.68
7121362.432	1.0	300.70	0.000000000	0.00	299.66
7121372.382	1.0	300.67	0.000000000	0.00	299.65
7121382.433	1.0	300.66	0.000000000	0.00	299.63
7121392.433	1.1	300.65	0.000000000	0.00	299.63
7121402.383	1.0	300.63	0.000000000	0.00	299.60
7121412.434	1.0	300.61	0.000000000	0.00	299.60
7121422.434	1.0	300.61	0.000000000	0.00	299.58
7121432.435	1.0	300.59	0.000000000	0.00	299.58
7121442.435	1.0	300.57	0.000000000	0.00	299.56
7121452.436	1.0	300.56	0.000000000	0.00	299.54
7121462.436	1.0	300.54	0.000000000	0.00	299.54
7121472.436	1.0	300.55	0.000000000	0.00	299.51
7121482.437	1.0	300.53	0.000000000	0.00	299.51
7121492.437	1.0	300.52	0.000000000	0.00	299.49
7121502.388	1.0	300.53	0.000000000	0.00	299.48
7121512.388	1.0	300.52	0.000000000	0.00	299.47
7121522.439	0.9	300.50	0.000000000	0.00	299.45
7121532.389	1.0	300.48	0.000000000	0.00	299.43
7121542.439	1.0	300.47	0.000000000	0.00	299.43
7121552.440	1.0	300.45	0.000000000	0.00	299.42
7121562.440	1.0	300.45	0.000000000	0.00	299.40
7121572.441	1.0	300.42	0.000000000	0.00	299.39
7121582.441	1.0	300.42	0.000000000	0.00	299.38
7121592.441	1.0	300.41	0.000000000	0.00	299.37
7121602.392	1.0	300.41	0.000000000	0.00	299.36
7121612.442	1.0	300.40	0.000000000	0.00	299.36
7121622.443	1.0	300.41	0.000000000	0.00	299.35
7121632.393	1.0	300.40	0.000000000	0.00	299.34
7121642.394	1.0	300.39	0.000000000	0.00	299.32
7121652.444	1.0	300.44	0.000000000	0.00	299.31
7121662.444	1.0	300.45	0.000000000	0.00	299.29
7121672.445	1.0	300.47	0.000000000	0.00	299.28
7121682.445	1.0	300.48	0.000000000	0.00	299.28
7121692.396	1.0	300.48	0.000000000	0.00	299.26
7121702.396	1.0	300.48	0.000000000	0.00	299.25
7121712.397	1.0	300.48	0.000000000	0.00	299.25
7121722.447	1.0	300.49	0.000000000	0.00	299.23
7121732.447	1.0	300.50	0.000000000	0.00	299.23
7121742.448	1.0	300.49	0.000000000	0.00	299.22
7121752.398	1.0	300.50	0.000000000	0.00	299.21
7121762.449	1.0	300.50	0.000000000	0.00	299.20
7121772.399	0.9	300.53	0.000000000	0.00	299.19
7121782.450	1.0	300.54	0.000000000	0.00	299.17
7121792.400	0.9	300.56	0.000000000	0.00	299.16
7121802.450	1.0	300.58	0.000000000	0.00	299.15
7121812.451	1.0	300.62	0.000000000	0.00	299.15
7121822.401	0.9	300.61	0.000000000	0.00	299.14
7121832.452	1.0	300.64	0.000000000	0.00	299.13
7121842.402	0.9	300.65	0.000000000	0.00	299.12
7121852.453	1.0	300.65	0.000000000	0.00	299.11
7121862.453	0.9	300.69	0.000000000	0.00	299.09
7121872.403	1.0	300.71	0.000000000	0.00	299.09
7121882.404	1.0	300.72	0.000000000	0.00	299.08
7121892.404	1.0	300.70	0.000000000	0.00	299.08
7121902.405	1.0	300.72	0.000000000	0.00	299.07
7121912.405	1.0	300.73	0.000000000	0.00	299.05
7121922.456	1.0	300.71	0.000000000	0.00	299.05
7121932.456	1.0	300.71	0.000000000	0.00	299.03
7121942.406	1.0	300.72	0.000000000	0.00	299.03
7121952.457	1.0	300.71	0.000000000	0.00	299.02
7121962.407	1.0	300.72	0.000000000	0.00	299.01
7121972.458	0.9	300.72	0.000000000	0.00	299.00
7121982.408	0.9	300.72	0.000000000	0.00	298.98
7121992.459	1.0	300.73	0.000000000	0.00	298.98
7122002.459	1.0	300.74	0.000000000	0.00	298.98
7122012.409	1.0	300.73	0.000000000	0.00	298.95
7122022.460	1.0	300.74	0.000000000	0.00	298.95
7122032.460	1.0	300.75	0.000000000	0.00	298.95
7122042.411	1.0	300.74	0.000000000	0.00	298.93
7122052.411	1.0	300.75	0.000000000	0.00	298.92
7122062.412	1.0	300.75	0.000000000	0.00	298.92
7122072.462	1.0	300.75	0.000000000	0.00	298.91
7122082.412	1.0	300.75	0.000000000	0.00	298.89
7122092.463	0.9	300.76	0.000000000	0.00	298.88
7122102.463	1.0	300.75	0.000000000	0.00	298.88
7122112.464	1.0	300.76	0.000000000	0.00	298.86
7122122.414	1.0	300.77	0.000000000	0.00	298.86
7122132.465	1.0	300.77	0.000000000	0.00	298.84
7122142.465	1.0	300.77	0.000000000	0.00	298.84
7122152.415	1.0	300.77	0.000000000	0.00	298.84
7122162.466	1.0	300.78	0.000000000	0.00	298.81
7122172.416	1.0	300.77	0.000000000	0.00	298.80
7122182.467	0.9	300.78	0.000000000	0.00	298.80
7122192.467	0.9	300.78	0.000000000	0.00	298.80
7122202.468	1.0	300.77	0.000000000	0.00	298.79
7122212.468	1.0	300.77	0.000000000	0.00	298.77
7122222.468	1.0	300.76	0.000000000	0.00	298.77
7122232.469	0.9	300.75	0.000000000	0.00	298.77
7122242.469	1.0	300.77	0.000000000	0.00	298.75
7122252.470	1.0	300.77	0.000000000	0.00	298.75
7122262.420	1.0	300.77	0.000000000	0.00	298.73
7122272.471	1.0	300.77	0.000000000	0.00	298.72
7122282.471	1.0	300.75	0.000000000	0.00	298.71
7122292.471	1.0	300.76	0.000000000	0.00	298.71
7122302.422	1.0	300.79	0.000000000	0.00	298.69
7122312.422	1.0	300.81	0.000000000	0.00	298.69
7122322.473	1.0	300.83	0.000000000	0.00	298.67
7122332.473	0.9	300.84	0.000000000	0.00	298.67
7122342.474	1.0	300.84	0.000000000	0.00	298.68
7122352.474	1.0	300.83	0.000000000	0.00	298.65
7122362.424	1.0	300.82	0.000000000	0.00	298.65
7122372.475	1.0	300.82	0.000000000	0.00	298.64
7122382.475	1.0	300.82	0.000000000	0.00	298.64
7122392.476	1.0	300.82	0.000000000	0.00	298.64
7122402.476	1.0	300.82	0.000000000	0.00	298.62
7122412.477	1.0	300.81	0.000000000	0.00	298.61
7122422.477	1.0	300.81	0.000000000	0.00	298.60
7122432.427	1.0	300.81	0.000000000	0.00	298.60
7122442.428	1.0	300.80	0.000000000	0.00	298.58
7122452.478	1.0	300.79	0.000000000	0.00	298.59
7122462.429	1.0	300.81	0.000000000	0.00	298.57
7122472.429	1.0	300.81	0.000000000	0.00	298.56
7122482.480	1.0	300.79	0.000000000	0.00	298.55
7122492.480	1.0	300.82	0.000000000	0.00	298.54
7122502.430	1.0	300.83	0.000000000	0.00	298.53
7122512.481	1.0	300.74	0.000000000	0.00	298.51
7122522.481	1.0	300.67	0.000000000	0.00	298.50
7122532.432	1.0	300.62	0.000000000	0.00	298.50
7122542.482	0.9	300.57	0.000000000	0.00	298.51
7122552.433	1.0	300.50	0.000000000	0.00	298.50
7122562.483	1.0	300.44	0.000000000	0.00	298.51
7122572.483	1.0	300.37	0.000000000	0.00	298.49
7122582.484	1.0	300.36	0.000000000	0.00	298.50
7122592.434	0.9	300.27	0.000000000	0.00	298.49
7122602.485	1.0	300.27	0.000000000	0.00	298.49
7122612.435	1.0	300.28	0.000000000	0.00	298.47
7122622.436	1.0	300.28	0.000000000	0.00	298.47
7122632.486	1.0	300.29	0.000000000	0.00	298.45
7122642.436	0.9	300.28	0.000000000	0.00	298.45
7122652.487	1.0	300.28	0.000000000	0.00	298.44
7122662.437	1.0	300.27	0.000000000	0.00	298.44
7122672.488	1.0	300.26	0.000000000	0.00	298.43
7122682.488	1.0	300.26	0.000000000	0.00	298.42
7122692.439	1.0	300.29	0.000000000	0.00	298.42
7122702.489	1.0	301.72	0.000000000	0.00	298.40
7122712.489	1.0	301.05	0.000000000	0.00	298.40
7122722.490	1.0	300.87	0.000000000	0.00	298.38
7122732.440	1.0	300.89	0.000000000	0.00	298.36
7122742.491	1.0	300.80	0.000000000	0.00	298.36
7122752.441	0.9	300.78	0.000000000	0.00	298.35
7122762.442	1.0	300.75	0.000000000	0.00	298.35
7122772.492	1.0	300.73	0.000000000	0.00	298.34
7122782.442	1.0	300.71	0.000000000	0.00	298.33
7122792.493	1.0	300.71	0.000000000	0.00	298.32
7122802.443	0.9	300.69	0.000000000	0.00	298.31
7122812.444	1.0	300.68	0.000000000	0.00	298.32
7122822.444	1.0	300.67	0.000000000	0.00	298.29
7122832.445	1.0	300.66	0.000000000	0.00	298.30
7122842.445	0.9	300.66	0.000000000	0.00	298.28
7122852.495	1.0	300.63	0.000000000	0.00	298.28
7122862.446	0.9	300.63	0.000000000	0.00	298.26
7122872.496	1.0	300.61	0.000000000	0.00	298.27
7122882.497	0.9	300.61	0.000000000	0.00	298.26
7122892.497	1.0	300.59	0.000000000	0.00	298.25
7122902.498	1.0	300.59	0.000000000	0.00	298.25
7122912.498	1.0	300.59	0.000000000	0.00	298.24
7122922.498	1.0	300.58	0.000000000	0.00	298.24
7122932.499	1.0	300.57	0.000000000	0.00	298.23
7122942.499	1.0	300.56	0.000000000	0.00	298.23
7122952.500	1.0	300.52	0.000000000	0.00	298.22
7122962.500	1.0	300.52	0.000000000	0.00	298.21
7122972.451	1.0	300.49	0.000000000	0.00	298.20
7122982.501	1.0	300.48	0.000000000	0.00	298.20
7122992.501	0.9	300.46	0.000000000	0.00	298.19
7123002.502	1.0	300.45	0.000000000	0.00	298.19
7123012.502	1.0	300.50	0.000000000	0.00	298.19
7123022.503	0.9	300.53	0.000000000	0.00	298.17
7123032.453	1.0	300.52	0.000000000	0.00	298.17
7123042.504	0.9	300.51	0.000000000	0.00	298.15
7123052.504	0.9	300.51	0.000000000	0.00	298.15
7123062.454	1.0	300.50	0.000000000	0.00	298.14
7123072.505	0.9	300.50	0.000000000	0.00	298.14
7123082.455	1.0	300.47	0.000000000	0.00	298.13
7123092.506	0.9	300.48	0.000000000	0.00	298.11
7123102.506	1.0	300.47	0.000000000	0.00	298.12
7123112.507	0.9	300.46	0.000000000	0.00	298.10
7123122.457	1.0	300.43	0.000000000	0.00	298.11
7123132.457	1.0	300.42	0.000000000	0.00	298.10
7123142.458	1.0	300.41	0.000000000	0.00	298.08
7123152.458	1.0	300.40	0.000000000	0.00	298.09
7123162.509	1.0	300.39	0.000000000	0.00	298.08
7123172.509	1.0	300.37	0.000000000	0.00	298.08
7123182.460	0.9	300.35	0.000000000	0.00	298.07
7123192.510	1.0	300.32	0.000000000	0.00	298.09
7123202.460	1.0	300.30	0.000000000	0.00	298.08
7123212.461	1.0	300.26	0.000000000	0.00	298.09
7123222.461	1.0	300.23	0.000000000	0.00	298.07
7123232.512	1.0	300.21	0.000000000	0.00	298.06
7123242.462	0.9	300.17	0.000000000	0.00	298.06
7123252.463	1.0	300.16	0.000000000	0.00	298.05
7123262.463	1.0	300.15	0.000000000	0.00	298.06
7123272.513	0.9	300.15	0.000000000	0.00	298.06
7123282.464	0.9	300.13	0.000000000	0.00	298.05
7123292.514	0.9	300.11	0.000000000	0.00	298.03
7123302.515	1.0	300.12	0.000000000	0.00	298.03
7123312.515	0.9	300.11	0.000000000	0.00	298.03
7123322.466	1.0	300.10	0.000000000	0.00	298.03
7123332.516	1.0	300.10	0.000000000	0.00	298.01
7123342.516	1.0	300.10	0.000000000	0.00	298.00
7123352.517	1.0	300.07	0.000000000	0.00	298.01
7123362.517	1.0	300.05	0.000000000	0.00	298.02
7123372.468	1.0	300.04	0.000000000	0.00	298.01
7123382.468	1.0	300.03	0.000000000	0.00	297.99
7123392.519	1.0	300.01	0.000000000	0.00	297.99
7123402.519	1.0	299.99	0.000000000	0.00	297.99
7123412.519	1.0	299.96	0.000000000	0.00	297.98
7123422.520	1.0	299.95	0.000000000	0.00	297.98
7123432.520	1.0	299.92	0.000000000	0.00	297.98
7123442.521	1.0	299.91	0.000000000	0.00	297.96
7123452.471	1.0	299.90	0.000000000	0.00	297.95
7123462.472	0.9	299.87	0.000000000	0.00	297.95
7123472.472	1.0	299.87	0.000000000	0.00	297.95
7123482.522	0.9	299.85	0.000000000	0.00	297.94
7123492.473	0.9	299.85	0.000000000	0.00	297.93
7123502.523	1.0	299.82	0.000000000	0.00	297.94
7123512.524	1.0	299.81	0.000000000	0.00	297.93
7123522.524	0.9	299.80	0.000000000	0.00	297.93
7123532.475	1.0	299.78	0.000000000	0.00	297.92
7123542.475	1.0	299.78	0.000000000	0.00	297.92
7123552.525	1.0	299.75	0.000000000	0.00	297.91
7123562.476	0.9	299.74	0.000000000	0.00	297.90
7123572.476	1.0	299.74	0.000000000	0.00	297.89
7123582.527	0.9	299.73	0.000000000	0.00	297.88
7123592.477	0.9	299.73	0.000000000	0.00	297.88
7123602.478	1.0	299.73	0.000000000	0.00	297.88
7123612.478	1.0	299.70	0.000000000	0.00	297.88
7123622.478	1.0	299.69	0.000000000	0.00	297.87
7123632.529	0.9	299.70	0.000000000	0.00	297.86
7123642.529	1.0	299.71	0.000000000	0.00	297.86
7123652.480	0.9	299.69	0.000000000	0.00	297.85
7123662.480	1.0	299.69	0.000000000	0.00	297.86
7123672.531	0.9	299.66	0.000000000	0.00	297.85
7123682.531	0.9	299.65	0.000000000	0.00	297.82
7123692.481	1.0	299.66	0.000000000	0.00	297.84
7123702.482	0.9	299.65	0.000000000	0.00	297.84
7123712.482	1.0	299.64	0.000000000	0.00	297.83
7123722.533	0.9	298.09	0.000000000	0.00	298.98
7123732.483	0.9	298.31	0.000000000	0.00	297.84
7123742.484	1.0	298.31	0.000000000	0.00	297.83
7123752.534	1.0	298.38	0.000000000	0.00	297.92
7123762.484	0.9	298.54	0.000000000	0.00	297.97
7123772.535	1.0	298.68	0.000000000	0.00	298.00
7123782.535	0.9	298.78	0.000000000	0.00	298.01
7123792.486	1.0	298.86	0.000000000	0.00	298.00
7123802.486	0.9	299.26	0.000000000	0.00	297.98
7123812.537	0.9	300.35	0.000000000	0.00	297.96
7123822.487	0.9	301.17	0.000000000	0.00	297.96
7123832.537	1.0	300.56	0.000000000	0.00	297.96
7123842.538	1.0	300.46	0.000000000	0.00	297.94
7123852.538	1.0	300.34	0.000000000	0.00	297.93
7123862.539	1.0	300.24	0.000000000	0.00	297.92
7123872.489	0.9	300.17	0.000000000	0.00	297.91
7123882.540	0.9	300.09	0.000000000	0.00	297.90
7123892.490	1.0	300.03	0.000000000	0.00	297.91
7123902.540	0.9	300.00	0.000000000	0.00	297.91
7123912.491	0.9	299.95	0.000000000	0.00	297.90
7123922.491	1.0	299.92	0.000000000	0.00	297.91
7123932.542	1.0	299.90	0.000000000	0.00	297.90
7123942.542	0.9	299.88	0.000000000	0.00	297.89
7123952.543	1.0	299.88	0.000000000	0.00	297.89
7123962.543	1.0	299.86	0.000000000	0.00	297.90
7123972.493	0.9	299.85	0.000000000	0.00	297.89
7123982.544	1.0	299.83	0.000000000	0.00	297.88
7123992.544	1.0	299.83	0.000000000	0.00	297.89
7124002.545	1.0	299.82	0.000000000	0.00	297.88
7124012.495	1.0	299.83	0.000000000	0.00	297.89
7124022.546	1.0	299.80	0.000000000	0.00	297.88
7124032.546	1.0	299.80	0.000000000	0.00	297.88
7124042.496	1.0	299.79	0.000000000	0.00	297.88
7124052.497	1.0	299.78	0.000000000	0.00	297.87
7124062.497	0.9	299.77	0.000000000	0.00	297.87
7124072.548	0.9	299.78	0.000000000	0.00	297.87
7124082.548	1.0	299.76	0.000000000	0.00	297.86
7124092.549	1.0	299.76	0.000000000	0.00	297.86
7124102.549	1.0	299.75	0.000000000	0.00	297.85
7124112.549	1.0	299.74	0.000000000	0.00	297.85
7124122.500	1.0	299.73	0.000000000	0.00	297.84
7124132.500	0.9	299.74	0.000000000	0.00	297.85
7124142.501	1.0	299.71	0.000000000	0.00	297.84
7124152.501	0.9	299.72	0.000000000	0.00	297.84
7124162.502	1.0	299.71	0.000000000	0.00	297.83
7124172.552	1.0	299.69	0.000000000	0.00	297.83
7124182.552	0.9	299.69	0.000000000	0.00	297.84
7124192.503	1.0	299.68	0.000000000	0.00	297.83
7124202.553	1.0	299.65	0.000000000	0.00	297.83
7124212.504	0.9	299.65	0.000000000	0.00	297.82
7124222.554	1.0	299.64	0.000000000	0.00	297.83
7124232.505	0.9	299.64	0.000000000	0.00	297.82
7124242.505	1.0	299.62	0.000000000	0.00	297.81
7124252.555	1.0	299.63	0.000000000	0.00	297.80
7124262.556	1.0	299.61	0.000000000	0.00	297.80
7124272.506	1.0	299.61	0.000000000	0.00	297.80
7124282.507	0.9	299.59	0.000000000	0.00	297.79
7124292.557	1.0	299.58	0.000000000	0.00	297.80
7124302.557	1.0	299.58	0.000000000	0.00	297.80
7124312.558	1.0	299.56	0.000000000	0.00	297.80
7124322.558	0.9	299.55	0.000000000	0.00	297.79
7124332.509	0.9	299.54	0.000000000	0.00	297.79
7124342.559	1.0	299.55	0.000000000	0.00	297.77
7124352.560	1.0	299.51	0.000000000	0.00	297.79
7124362.560	1.0	299.49	0.000000000	0.00	297.78
7124372.560	1.0	299.49	0.000000000	0.00	297.77
7124382.561	1.0	299.48	0.000000000	0.00	297.77
7124392.511	0.9	299.47	0.000000000	0.00	297.76
7124402.512	0.9	299.45	0.000000000	0.00	297.77
7124412.512	1.0	299.44	0.000000000	0.00	297.76
7124422.563	0.9	299.43	0.000000000	0.00	297.77
7124432.563	0.9	299.41	0.000000000	0.00	297.75
7124442.513	1.0	299.42	0.000000000	0.00	297.75
7124452.514	1.0	299.42	0.000000000	0.00	297.75
7124462.514	1.0	299.40	0.000000000	0.00	297.75
7124472.565	1.0	299.39	0.000000000	0.00	297.74
7124482.565	1.0	299.38	0.000000000	0.00	297.75
7124492.516	1.0	299.37	0.000000000	0.00	297.74
7124502.516	0.9	299.35	0.000000000	0.00	297.73
7124512.566	1.0	299.34	0.000000000	0.00	297.74
7124522.567	1.0	299.34	0.000000000	0.00	297.74
7124532.567	1.0	299.33	0.000000000	0.00	297.73
7124542.568	1.0	299.32	0.000000000	0.00	297.73
7124552.518	0.9	299.31	0.000000000	0.00	297.72
7124562.519	1.0	299.29	0.000000000	0.00	297.72
7124572.569	0.9	299.29	0.000000000	0.00	297.72
7124582.569	0.9	299.27	0.000000000	0.00	297.71
7124592.570	1.0	299.28	0.000000000	0.00	297.72
7124602.520	1.0	299.26	0.000000000	0.00	297.71
7124612.571	1.0	299.25	0.000000000	0.00	297.71
7124622.571	1.0	299.23	0.000000000	0.00	297.70
7124632.522	1.0	299.22	0.000000000	0.00	297.69
7124642.522	1.0	299.20	0.000000000	0.00	297.69
7124652.572	1.0	299.19	0.000000000	0.00	297.68
7124662.523	1.0	299.17	0.000000000	0.00	297.69
7124672.573	0.9	299.16	0.000000000	0.00	297.68
7124682.574	1.0	299.15	0.000000000	0.00	297.68
7124692.574	1.0	299.13	0.000000000	0.00	297.68
7124702.575	1.0	299.11	0.000000000	0.00	297.67
7124712.525	1.0	299.10	0.000000000	0.00	297.66
7124722.575	0.9	299.09	0.000000000	0.00	297.66
7124732.526	1.0	299.08	0.000000000	0.00	297.66
7124742.526	0.9	299.08	0.000000000	0.00	297.65
7124752.577	1.0	299.06	0.000000000	0.00	297.65
7124762.527	0.9	299.07	0.000000000	0.00	297.64
7124772.528	0.9	299.06	0.000000000	0.00	297.64
7124782.528	1.0	299.04	0.000000000	0.00	297.64
7124792.578	1.0	299.03	0.000000000	0.00	297.63
7124802.579	1.0	299.02	0.000000000	0.00	297.62
7124812.579	0.9	298.99	0.000000000	0.00	297.61
7124822.580	0.9	298.98	0.000000000	0.00	297.63
7124832.580	0.9	298.99	0.000000000	0.00	297.62
7124842.581	1.0	298.96	0.000000000	0.00	297.61
7124852.581	1.0	298.94	0.000000000	0.00	297.61
7124862.531	0.9	298.92	0.000000000	0.00	297.60
7124872.582	1.0	298.92	0.000000000	0.00	297.60
7124882.582	1.0	298.91	0.000000000	0.00	297.59
7124892.533	0.9	298.89	0.000000000	0.00	297.58
7124902.583	1.0	298.86	0.000000000	0.00	297.58
7124912.534	0.9	298.86	0.000000000	0.00	297.58
7124922.584	0.9	298.84	0.000000000	0.00	297.57
7124932.534	0.9	298.82	0.000000000	0.00	297.56
7124942.535	0.9	298.81	0.000000000	0.00	297.56
7124952.585	1.0	298.78	0.000000000	0.00	297.55
7124962.536	1.0	298.78	0.000000000	0.00	297.56
7124972.586	1.0	298.76	0.000000000	0.00	297.55
7124982.537	1.0	298.74	0.000000000	0.00	297.55
7124992.537	0.9	298.73	0.000000000	0.00	297.54
7125002.587	0.9	298.72	0.000000000	0.00	297.54
7125012.538	0.9	298.70	0.000000000	0.00	297.51
7125022.588	1.0	298.70	0.000000000	0.00	297.53
7125032.589	1.0	298.68	0.000000000	0.00	297.52
7125042.589	0.9	298.67	0.000000000	0.00	297.50
7125052.590	1.0	298.64	0.000000000	0.00	297.50
7125062.540	1.0	298.64	0.000000000	0.00	297.51
7125072.590	1.0	298.64	0.000000000	0.00	297.51
7125082.591	1.0	298.62	0.000000000	0.00	297.51
7125092.591	1.0	298.61	0.000000000	0.00	297.49
7125102.592	1.0	298.61	0.000000000	0.00	297.49
7125112.592	0.9	298.60	0.000000000	0.00	297.47
7125122.593	1.0	298.59	0.000000000	0.00	297.48
7125132.543	0.9	298.60	0.000000000	0.00	297.46
7125142.593	0.9	298.58	0.000000000	0.00	297.46
7125152.594	1.0	298.59	0.000000000	0.00	297.45
7125162.594	0.9	298.57	0.000000000	0.00	297.45
7125172.595	0.9	298.58	0.000000000	0.00	297.43
7125182.595	1.0	298.58	0.000000000	0.00	297.44
7125192.596	1.0	298.57	0.000000000	0.00	297.44
7125202.546	1.0	298.57	0.000000000	0.00	297.44
7125212.546	0.9	298.55	0.000000000	0.00	297.42
7125222.597	1.0	298.55	0.000000000	0.00	297.43
7125232.597	1.0	298.54	0.000000000	0.00	297.43
7125242.598	1.0	298.53	0.000000000	0.00	297.42
7125252.598	0.9	298.53	0.000000000	0.00	297.41
7125262.599	0.9	298.52	0.000000000	0.00	297.42
7125272.549	0.9	298.49	0.000000000	0.00	297.41
7125282.599	0.9	298.49	0.000000000	0.00	297.41
7125292.600	1.0	298.48	0.000000000	0.00	297.40
7125302.600	1.0	298.47	0.000000000	0.00	297.40
7125312.601	1.0	298.47	0.000000000	0.00	297.40
7125322.551	1.0	298.47	0.000000000	0.00	297.40
7125332.602	1.0	298.47	0.000000000	0.00	297.38
7125342.552	1.0	298.44	0.000000000	0.00	297.39
7125352.602	1.0	298.44	0.000000000	0.00	297.39
7125362.603	0.9	298.44	0.000000000	0.00	297.39
7125372.553	1.0	298.42	0.000000000	0.00	297.37
7125382.604	1.0	298.43	0.000000000	0.00	297.38
7125392.554	1.0	298.40	0.000000000	0.00	297.37
7125402.605	1.0	298.41	0.000000000	0.00	297.37
7125412.555	1.0	298.40	0.000000000	0.00	297.38
7125422.605	1.0	298.38	0.000000000	0.00	297.36
7125432.606	0.9	298.37	0.000000000	0.00	297.36
7125442.556	0.9	298.36	0.000000000	0.00	297.36
7125452.557	1.0	298.34	0.000000000	0.00	297.36
7125462.607	1.0	298.33	0.000000000	0.00	297.36
7125472.558	0.9	298.33	0.000000000	0.00	297.36
7125482.558	1.0	298.32	0.000000000	0.00	297.35
7125492.608	1.0	298.31	0.000000000	0.00	297.36
7125502.609	1.0	298.30	0.000000000	0.00	297.35
7125512.559	0.9	298.31	0.000000000	0.00	297.35
7125522.610	1.0	298.30	0.000000000	0.00	297.34
7125532.610	1.0	298.26	0.000000000	0.00	297.33
7125542.611	1.0	298.26	0.000000000	0.00	297.33
7125552.561	1.0	298.24	0.000000000	0.00	297.34
7125562.611	1.0	298.24	0.000000000	0.00	297.33
7125572.612	1.0	298.23	0.000000000	0.00	297.33
7125582.612	1.0	298.23	0.000000000	0.00	297.32
7125592.613	1.0	298.22	0.000000000	0.00	297.31
7125602.613	1.0	298.20	0.000000000	0.00	297.32
7125612.614	1.0	298.22	0.000000000	0.00	297.32
7125622.614	1.0	298.19	0.000000000	0.00	297.32
7125632.614	1.0	298.19	0.000000000	0.00	297.30
7125642.615	1.0	298.18	0.000000000	0.00	297.31
7125652.615	1.0	298.16	0.000000000	0.00	297.30
7125662.566	1.0	298.15	0.000000000	0.00	297.29
7125672.616	0.9	298.15	0.000000000	0.00	297.28
7125682.617	0.9	298.14	0.000000000	0.00	297.28
7125692.617	1.0	298.13	0.000000000	0.00	297.28
7125702.617	1.0	298.12	0.000000000	0.00	297.28
7125712.618	1.0	298.12	0.000000000	0.00	297.28
7125722.618	1.0	298.11	0.000000000	0.00	297.27
7125732.619	1.0	298.11	0.000000000	0.00	297.26
7125742.619	1.0	298.11	0.000000000	0.00	297.28
7125752.570	1.0	298.09	0.000000000	0.00	297.27
7125762.620	1.0	298.09	0.000000000	0.00	297.26
7125772.620	1.0	298.09	0.000000000	0.00	297.27
7125782.621	1.0	298.09	0.000000000	0.00	297.24
7125792.621	1.0	298.07	0.000000000	0.00	297.26
7125802.622	1.0	298.06	0.000000000	0.00	297.27
7125812.622	1.0	298.06	0.000000000	0.00	297.26
7125822.623	1.0	298.05	0.000000000	0.00	297.25
7125832.623	1.0	298.05	0.000000000	0.00	297.26
7125842.623	1.0	298.04	0.000000000	0.00	297.24
7125852.574	0.9	298.02	0.000000000	0.00	297.24
7125862.574	1.0	298.02	0.000000000	0.00	297.23
7125872.625	1.0	298.02	0.000000000	0.00	297.24
7125882.625	1.0	298.02	0.000000000	0.00	297.24
7125892.626	1.0	298.00	0.000000000	0.00	297.23
7125902.626	1.0	297.99	0.000000000	0.00	297.23
7125912.626	1.0	297.99	0.000000000	0.00	297.22
7125922.627	1.0	297.97	0.000000000	0.00	297.22
7125932.627	1.0	297.97	0.000000000	0.00	297.23
7125942.628	1.0	297.97	0.000000000	0.00	297.23
7125952.628	1.0	297.96	0.000000000	0.00	297.22
7125962.629	1.0	297.94	0.000000000	0.00	297.23
7125972.579	1.0	297.94	0.000000000	0.00	297.22
7125982.579	1.0	297.94	0.000000000	0.00	297.21
7125992.580	1.0	297.93	0.000000000	0.00	297.20
7126002.630	1.1	297.93	0.000000000	0.00	297.21
7126012.631	1.0	297.92	0.000000000	0.00	297.21
7126022.631	1.0	297.91	0.000000000	0.00	297.21
7126032.582	1.0	297.90	0.000000000	0.00	297.20
7126042.582	1.0	297.88	0.000000000	0.00	297.20
7126052.582	1.0	297.88	0.000000000	0.00	297.20
7126062.633	1.0	297.86	0.000000000	0.00	297.19
7126072.583	1.0	297.86	0.000000000	0.00	297.19
7126082.584	1.0	297.84	0.000000000	0.00	297.19
7126092.634	1.0	297.82	0.000000000	0.00	297.18
7126102.635	1.0	297.82	0.000000000	0.00	297.18
7126112.585	1.0	297.81	0.000000000	0.00	297.18
7126122.585	1.0	297.82	0.000000000	0.00	297.18
7126132.636	1.0	297.80	0.000000000	0.00	297.18
7126142.636	1.0	297.78	0.000000000	0.00	297.17
7126152.637	1.0	297.76	0.000000000	0.00	297.17
7126162.637	1.0	297.76	0.000000000	0.00	297.17
7126172.638	1.0	297.75	0.000000000	0.00	297.16
7126182.638	1.1	297.75	0.000000000	0.00	297.17
7126192.638	1.0	297.76	0.000000000	0.00	297.16
7126202.639	1.0	297.74	0.000000000	0.00	297.17
7126212.589	1.0	297.73	0.000000000	0.00	297.15
7126222.640	1.0	297.72	0.000000000	0.00	297.16
7126232.640	1.0	297.72	0.000000000	0.00	297.16
7126242.641	1.0	297.71	0.000000000	0.00	297.15
7126252.641	1.1	297.70	0.000000000	0.00	297.17
7126262.591	1.0	297.70	0.000000000	0.00	297.15
7126272.642	1.0	297.70	0.000000000	0.00	297.15
7126282.592	1.0	297.69	0.000000000	0.00	297.13
7126292.643	1.0	297.68	0.000000000	0.00	297.14
7126302.643	1.0	297.68	0.000000000	0.00	297.14
7126312.644	1.0	297.68	0.000000000	0.00	297.13
7126322.594	1.0	297.69	0.000000000	0.00	297.14
7126332.594	1.0	297.68	0.000000000	0.00	297.14
7126342.595	1.0	297.68	0.000000000	0.00	297.13
7126352.595	1.0	297.68	0.000000000	0.00	297.13
7126362.596	1.0	297.66	0.000000000	0.00	297.14
7126372.646	1.0	297.66	0.000000000	0.00	297.13
7126382.647	1.0	297.66	0.000000000	0.00	297.12
7126392.597	1.0	297.65	0.000000000	0.00	297.12
7126402.597	1.0	297.66	0.000000000	0.00	297.12
7126412.648	1.0	297.65	0.000000000	0.00	297.12
7126422.648	1.0	297.66	0.000000000	0.00	297.11
7126432.599	1.0	297.65	0.000000000	0.00	297.11
7126442.649	1.0	297.66	0.000000000	0.00	297.13
7126452.600	1.0	297.66	0.000000000	0.00	297.12
7126462.600	1.0	297.66	0.000000000	0.00	297.11
7126472.650	1.0	297.66	0.000000000	0.00	297.11
7126482.651	1.1	297.65	0.000000000	0.00	297.12
7126492.651	1.0	297.67	0.000000000	0.00	297.11
7126502.652	1.0	297.65	0.000000000	0.00	297.11
7126512.652	1.1	297.65	0.000000000	0.00	297.11
7126522.603	1.0	297.66	0.000000000	0.00	297.11
7126532.653	1.0	297.65	0.000000000	0.00	297.10
7126542.653	1.1	297.65	0.000000000	0.00	297.12
7126552.654	1.0	297.65	0.000000000	0.00	297.11
7126562.654	1.1	297.64	0.000000000	0.00	297.11
7126572.605	1.0	297.63	0.000000000	0.00	297.10
7126582.655	1.0	297.62	0.000000000	0.00	297.10
7126592.606	1.1	297.62	0.000000000	0.00	297.11
7126602.606	1.0	297.62	0.000000000	0.00	297.09
7126612.606	1.1	297.62	0.000000000	0.00	297.10
7126622.657	1.0	297.62	0.000000000	0.00	297.09
7126632.657	1.0	297.63	0.000000000	0.00	297.09
7126642.658	1.0	297.61	0.000000000	0.00	297.09
7126652.658	1.0	297.62	0.000000000	0.00	297.10
7126662.659	1.0	297.61	0.000000000	0.00	297.09
7126672.659	1.0	297.60	0.000000000	0.00	297.09
7126682.609	1.1	297.61	0.000000000	0.00	297.09
7126692.610	1.0	297.61	0.000000000	0.00	297.10
7126702.660	1.0	297.59	0.000000000	0.00	297.08
7126712.661	1.0	297.58	0.000000000	0.00	297.08
7126722.611	1.1	297.57	0.000000000	0.00	297.09
7126732.662	1.1	297.58	0.000000000	0.00	297.08
7126742.662	1.1	297.57	0.000000000	0.00	297.09
7126752.662	1.1	297.58	0.000000000	0.00	297.07
7126762.613	1.1	297.57	0.000000000	0.00	297.09
7126772.663	1.1	297.58	0.000000000	0.00	297.07
7126782.614	1.0	297.56	0.000000000	0.00	297.08
7126792.614	1.0	297.57	0.000000000	0.00	297.08
7126802.615	1.0	297.56	0.000000000	0.00	297.07
7126812.665	1.0	297.56	0.000000000	0.00	297.07
7126822.665	1.1	297.56	0.000000000	0.00	297.07
7126832.666	1.1	297.55	0.000000000	0.00	297.07
7126842.666	1.0	297.56	0.000000000	0.00	297.06
7126852.617	1.0	297.55	0.000000000	0.00	297.07
7126862.617	1.0	297.53	0.000000000	0.00	297.07
7126872.618	1.1	297.53	0.000000000	0.00	297.07
7126882.668	1.0	297.52	0.000000000	0.00	297.06
7126892.668	1.0	297.53	0.000000000	0.00	297.07
7126902.669	1.1	297.51	0.000000000	0.00	297.07
7126912.619	1.0	297.52	0.000000000	0.00	297.06
7126922.670	1.1	297.51	0.000000000	0.00	297.05
7126932.670	1.0	297.50	0.000000000	0.00	297.06
7126942.670	1.1	297.50	0.000000000	0.00	297.06
7126952.671	1.0	297.50	0.000000000	0.00	297.06
7126962.621	1.1	297.49	0.000000000	0.00	297.06
7126972.672	1.0	297.49	0.000000000	0.00	297.05
7126982.622	1.1	297.47	0.000000000	0.00	297.04
7126992.673	1.1	297.48	0.000000000	0.00	297.05
7127002.673	1.1	297.47	0.000000000	0.00	297.05
7127012.673	1.1	297.46	0.000000000	0.00	297.04
7127022.624	1.0	297.46	0.000000000	0.00	297.03
7127032.674	1.1	297.45	0.000000000	0.00	297.03
7127042.625	1.1	297.46	0.000000000	0.00	297.04
7127052.625	1.1	297.44	0.000000000	0.00	297.04
7127062.676	1.1	297.44	0.000000000	0.00	297.03
7127072.676	1.1	297.45	0.000000000	0.00	297.04
7127082.676	1.1	297.45	0.000000000	0.00	297.03
7127092.677	1.1	297.44	0.000000000	0.00	297.02
7127102.627	1.1	297.44	0.000000000	0.00	297.03
7127112.678	1.1	297.44	0.000000000	0.00	297.03
7127122.678	1.1	297.41	0.000000000	0.00	297.03
7127132.629	1.1	297.42	0.000000000	0.00	297.01
7127142.679	1.1	297.39	0.000000000	0.00	297.02
7127152.629	1.0	297.39	0.000000000	0.00	297.01
7127162.680	1.1	297.38	0.000000000	0.00	297.01
7127172.630	1.1	297.37	0.000000000	0.00	297.02
7127182.681	1.1	297.36	0.000000000	0.00	297.01
7127192.631	1.1	297.37	0.000000000	0.00	297.01
7127202.632	1.1	297.36	0.000000000	0.00	297.00
7127212.682	1.0	297.37	0.000000000	0.00	297.01
7127222.632	1.0	297.37	0.000000000	0.00	296.99
7127232.633	1.1	297.36	0.000000000	0.00	297.01
7127242.683	1.1	297.36	0.000000000	0.00	297.00
7127252.634	1.0	297.37	0.000000000	0.00	296.99
7127262.684	1.1	297.36	0.000000000	0.00	297.00
7127272.635	1.1	297.35	0.000000000	0.00	297.00
7127282.685	1.1	297.36	0.000000000	0.00	297.00
7127292.635	1.1	297.35	0.000000000	0.00	296.99
7127302.636	1.1	297.35	0.000000000	0.00	297.00
7127312.636	1.1	297.35	0.000000000	0.00	296.99
7127322.637	1.0	297.33	0.000000000	0.00	296.98
7127332.637	1.1	297.33	0.000000000	0.00	297.00
7127342.688	1.1	297.33	0.000000000	0.00	296.98
7127352.638	1.1	297.34	0.000000000	0.00	297.00
7127362.638	1.1	297.32	0.000000000	0.00	296.98
7127372.689	1.0	297.32	0.000000000	0.00	296.98
7127382.639	1.1	297.33	0.000000000	0.00	296.98
7127392.640	1.1	297.32	0.000000000	0.00	296.98
7127402.690	1.0	297.33	0.000000000	0.00	296.97
7127412.691	1.1	297.33	0.000000000	0.00	296.98
7127422.641	1.1	297.32	0.000000000	0.00	296.98
7127432.691	1.1	297.32	0.000000000	0.00	296.98
7127442.642	1.1	297.33	0.000000000	0.00	296.97
7127452.692	1.1	297.31	0.000000000	0.00	296.96
7127462.643	1.1	297.32	0.000000000	0.00	296.97
7127472.643	1.0	297.31	0.000000000	0.00	296.96
7127482.694	1.1	297.32	0.000000000	0.00	296.97
7127492.644	1.1	297.32	0.000000000	0.00	296.96
7127502.694	1.1	297.32	0.000000000	0.00	296.97
7127512.695	1.1	297.30	0.000000000	0.00	296.98
7127522.645	1.1	297.30	0.000000000	0.00	296.97
7127532.696	1.1	297.31	0.000000000	0.00	296.98
7127542.696	1.1	297.30	0.000000000	0.00	296.97
7127552.647	1.1	297.31	0.000000000	0.00	296.97
7127562.697	1.1	297.30	0.000000000	0.00	296.97
7127572.697	1.1	297.31	0.000000000	0.00	296.96
7127582.698	1.1	297.30	0.000000000	0.00	296.97
7127592.698	1.1	297.30	0.000000000	0.00	296.97
7127602.649	1.1	297.29	0.000000000	0.00	296.97
7127612.699	1.1	297.29	0.000000000	0.00	296.96
7127622.700	1.1	297.30	0.000000000	0.00	296.97
7127632.650	1.1	297.30	0.000000000	0.00	296.96
7127642.650	1.0	297.29	0.000000000	0.00	296.96
7127652.651	1.1	297.29	0.000000000	0.00	296.97
7127662.651	1.1	297.29	0.000000000	0.00	296.95
7127672.652	1.1	297.28	0.000000000	0.00	296.95
7127682.652	1.1	297.27	0.000000000	0.00	296.96
7127692.703	1.1	297.28	0.000000000	0.00	296.96
7127702.703	1.1	297.28	0.000000000	0.00	296.96
7127712.703	1.1	297.27	0.000000000	0.00	296.97
7127722.704	1.1	297.28	0.000000000	0.00	296.95
7127732.654	1.1	297.29	0.000000000	0.00	296.96
7127742.655	1.1	297.28	0.000000000	0.00	296.95
7127752.655	1.1	297.28	0.000000000	0.00	296.96
7127762.706	1.1	297.29	0.000000000	0.00	296.95
7127772.656	1.1	297.28	0.000000000	0.00	296.96
7127782.656	1.1	297.29	0.000000000	0.00	296.97
7127792.707	1.1	297.29	0.000000000	0.00	296.96
7127802.707	1.1	297.28	0.000000000	0.00	296.97
7127812.658	1.1	297.29	0.000000000	0.00	296.95
7127822.658	1.1	297.27	0.000000000	0.00	296.96
7127832.659	1.1	297.29	0.000000000	0.00	296.96
7127842.709	1.1	297.28	0.000000000	0.00	296.96
7127852.709	1.1	297.31	0.000000000	0.00	296.97
7127862.710	1.1	297.29	0.000000000	0.00	296.96
7127872.660	1.1	297.29	0.000000000	0.00	296.96
7127882.711	1.1	297.29	0.000000000	0.00	296.96
7127892.711	1.1	297.27	0.000000000	0.00	296.97
7127902.712	1.1	297.28	0.000000000	0.00	296.96
7127912.712	1.1	297.28	0.000000000	0.00	296.96
7127922.712	1.1	297.27	0.000000000	0.00	296.96
7127932.663	1.1	297.27	0.000000000	0.00	296.97
7127942.663	1.1	297.26	0.000000000	0.00	296.96
7127952.714	1.1	297.26	0.000000000	0.00	296.96
7127962.664	1.1	297.27	0.000000000	0.00	296.96
7127972.665	1.1	297.26	0.000000000	0.00	296.96
7127982.715	1.1	297.26	0.000000000	0.00	296.95
7127992.665	1.1	297.25	0.000000000	0.00	296.96
7128002.716	1.1	297.27	0.000000000	0.00	296.95
7128012.716	1.1	297.25	0.000000000	0.00	296.96
7128022.667	1.1	297.26	0.000000000	0.00	296.96
7128032.667	1.1	297.24	0.000000000	0.00	296.94
7128042.668	1.1	297.24	0.000000000	0.00	296.96
7128052.718	1.1	297.25	0.000000000	0.00	296.96
7128062.668	1.1	297.25	0.000000000	0.00	296.95
7128072.719	1.1	297.23	0.000000000	0.00	296.95
7128082.719	1.1	297.23	0.000000000	0.00	296.95
7128092.670	1.1	297.22	0.000000000	0.00	296.96
7128102.670	1.1	297.24	0.000000000	0.00	296.94
7128112.671	1.1	297.23	0.000000000	0.00	296.94
7128122.721	1.1	297.22	0.000000000	0.00	296.94
7128132.721	1.1	297.22	0.000000000	0.00	296.95
7128142.722	1.2	297.23	0.000000000	0.00	296.96
7128152.722	1.1	297.24	0.000000000	0.00	296.95
7128162.723	1.1	297.23	0.000000000	0.00	296.95
7128172.723	1.2	297.24	0.000000000	0.00	296.95
7128182.724	1.1	297.23	0.000000000	0.00	296.94
7128192.674	1.1	297.24	0.000000000	0.00	296.94
7128202.674	1.0	297.24	0.000000000	0.00	296.94
7128212.675	1.1	297.24	0.000000000	0.00	296.95
7128222.675	1.1	297.24	0.000000000	0.00	296.95
7128232.676	1.1	297.23	0.000000000	0.00	296.94
7128242.726	1.0	297.24	0.000000000	0.00	296.94
7128252.677	1.1	297.23	0.000000000	0.00	296.95
7128262.727	1.1	297.24	0.000000000	0.00	296.95
7128272.727	1.1	297.24	0.000000000	0.00	296.94
7128282.678	1.1	297.24	0.000000000	0.00	296.94
7128292.678	1.1	297.23	0.000000000	0.00	296.95
7128302.679	1.2	297.23	0.000000000	0.00	296.95
7128312.729	1.1	297.23	0.000000000	0.00	296.95
7128322.730	1.1	297.23	0.000000000	0.00	296.94
7128332.730	1.2	297.22	0.000000000	0.00	296.95
7128342.730	1.1	297.22	0.000000000	0.00	296.94
7128352.681	1.1	297.23	0.000000000	0.00	296.94
7128362.731	1.1	297.23	0.000000000	0.00	296.95
7128372.732	1.1	297.22	0.000000000	0.00	296.95
7128382.682	1.2	297.21	0.000000000	0.00	296.96
7128392.733	1.1	297.21	0.000000000	0.00	296.95
7128402.733	1.2	297.22	0.000000000	0.00	296.95
7128412.733	1.1	297.21	0.000000000	0.00	296.95
7128422.734	1.1	297.22	0.000000000	0.00	296.94
7128432.734	1.1	297.22	0.000000000	0.00	296.95
7128442.735	1.1	297.21	0.000000000	0.00	296.94
7128452.735	1.1	297.21	0.000000000	0.00	296.95
7128462.736	1.1	297.22	0.000000000	0.00	296.94
7128472.736	1.2	297.24	0.000000000	0.00	296.96
7128482.686	1.1	297.23	0.000000000	0.00	296.95
7128492.737	1.2	297.22	0.000000000	0.00	296.95
7128502.737	1.1	297.22	0.000000000	0.00	296.94
7128512.738	1.1	297.23	0.000000000	0.00	296.95
7128522.688	1.1	297.23	0.000000000	0.00	296.94
7128532.689	1.1	297.24	0.000000000	0.00	296.94
7128542.739	1.1	297.25	0.000000000	0.00	296.95
7128552.739	1.1	297.23	0.000000000	0.00	296.94
7128562.690	1.2	297.22	0.000000000	0.00	296.96
7128572.740	1.1	297.23	0.000000000	0.00	296.95
7128582.741	1.2	297.23	0.000000000	0.00	296.95
7128592.691	1.2	297.23	0.000000000	0.00	296.96
7128602.692	1.1	297.23	0.000000000	0.00	296.96
7128612.742	1.2	297.22	0.000000000	0.00	296.95
7128622.692	1.2	297.22	0.000000000	0.00	296.94
7128632.693	1.1	297.22	0.000000000	0.00	296.94
7128642.693	1.1	297.22	0.000000000	0.00	296.95
7128652.744	1.1	297.21	0.000000000	0.00	296.94
7128662.694	1.1	297.22	0.000000000	0.00	296.95
7128672.745	1.1	297.21	0.000000000	0.00	296.94
7128682.745	1.1	297.20	0.000000000	0.00	296.94
7128692.745	1.1	297.20	0.000000000	0.00	296.94
7128702.696	1.1	297.21	0.000000000	0.00	296.94
7128712.696	1.2	297.20	0.000000000	0.00	296.95
7128722.747	1.1	297.19	0.000000000	0.00	296.95
7128732.697	1.2	297.20	0.000000000	0.00	296.94
7128742.748	1.2	297.18	0.000000000	0.00	296.94
7128752.748	1.1	297.18	0.000000000	0.00	296.94
7128762.748	1.2	297.18	0.000000000	0.00	296.93
7128772.749	1.1	297.18	0.000000000	0.00	296.92
7128782.699	1.2	297.17	0.000000000	0.00	296.94
7128792.750	1.1	297.17	0.000000000	0.00	296.93
7128802.700	1.1	297.18	0.000000000	0.00	296.93
7128812.751	1.2	297.16	0.000000000	0.00	296.93
7128822.751	1.1	297.18	0.000000000	0.00	296.93
7128832.701	1.1	297.17	0.000000000	0.00	296.94
7128842.752	1.2	297.17	0.000000000	0.00	296.94
7128852.752	1.2	297.19	0.000000000	0.00	296.94
7128862.753	1.1	297.17	0.000000000	0.00	296.93
7128872.703	1.2	297.18	0.000000000	0.00	296.94
7128882.754	1.1	297.19	0.000000000	0.00	296.93
7128892.704	1.2	297.19	0.000000000	0.00	296.92
7128902.754	1.2	297.19	0.000000000	0.00	296.94
7128912.755	1.2	297.19	0.000000000	0.00	296.95
7128922.755	1.2	297.19	0.000000000	0.00	296.93
7128932.756	1.2	297.19	0.000000000	0.00	296.94
7128942.756	1.2	297.18	0.000000000	0.00	296.94
7128952.757	1.2	297.19	0.000000000	0.00	296.93
7128962.707	1.2	297.19	0.000000000	0.00	296.94
7128972.707	1.2	297.18	0.000000000	0.00	296.94
7128982.758	1.1	297.19	0.000000000	0.00	296.93
7128992.708	1.2	297.18	0.000000000	0.00	296.93
7129002.709	1.1	297.17	0.000000000	0.00	296.93
7129012.759	1.1	297.18	0.000000000	0.00	296.94
7129022.760	1.2	297.19	0.000000000	0.00	296.93
7129032.760	1.2	297.18	0.000000000	0.00	296.94
7129042.760	1.2	297.18	0.000000000	0.00	296.93
7129052.761	1.1	297.19	0.000000000	0.00	296.94
7129062.761	1.1	297.19	0.000000000	0.00	296.94
7129072.762	1.1	297.19	0.000000000	0.00	296.93
7129082.712	1.2	297.20	0.000000000	0.00	296.94
7129092.713	1.1	297.19	0.000000000	0.00	296.93
7129102.763	1.2	297.18	0.000000000	0.00	296.94
7129112.763	1.1	297.19	0.000000000	0.00	296.93
7129122.714	1.2	297.18	0.000000000	0.00	296.94
7129132.764	1.2	297.19	0.000000000	0.00	296.93
7129142.765	1.1	297.18	0.000000000	0.00	296.93
7129152.765	1.2	297.18	0.000000000	0.00	296.93
7129162.766	1.2	297.17	0.000000000	0.00	296.93
7129172.766	1.2	297.18	0.000000000	0.00	296.94
7129182.766	1.1	297.17	0.000000000	0.00	296.94
7129192.767	1.2	297.17	0.000000000	0.00	296.93
7129202.767	1.2	297.17	0.000000000	0.00	296.94
7129212.768	1.1	297.17	0.000000000	0.00	296.93
7129222.768	1.2	297.16	0.000000000	0.00	296.94
7129232.719	1.2	297.18	0.000000000	0.00	296.93
7129242.719	1.1	297.16	0.000000000	0.00	296.93
7129252.769	1.1	297.17	0.000000000	0.00	296.93
7129262.720	1.2	297.17	0.000000000	0.00	296.94
7129272.770	1.2	297.17	0.000000000	0.00	296.93
7129282.771	1.2	297.16	0.000000000	0.00	296.93
7129292.721	1.2	297.17	0.000000000	0.00	296.93
7129302.772	1.1	297.16	0.000000000	0.00	296.92
7129312.772	1.2	297.16	0.000000000	0.00	296.93
7129322.722	1.2	297.16	0.000000000	0.00	296.94
7129332.723	1.2	297.14	0.000000000	0.00	296.94
7129342.773	1.2	297.14	0.000000000	0.00	296.94
7129352.724	1.2	297.14	0.000000000	0.00	296.93
7129362.774	1.2	297.13	0.000000000	0.00	296.93
7129372.775	1.2	297.13	0.000000000	0.00	296.92
7129382.775	1.1	297.14	0.000000000	0.00	296.92
7129392.725	1.2	297.13	0.000000000	0.00	296.93
7129402.776	1.2	297.13	0.000000000	0.00	296.93
7129412.776	1.2	297.13	0.000000000	0.00	296.92
7129422.777	1.2	296.93	0.000000000	0.00	296.96
7129432.777	1.1	296.74	0.000000000	0.00	297.02
7129442.778	1.2	297.11	0.000000000	0.00	296.92
7129452.728	1.1	297.72	0.000000000	0.00	296.77
7129462.778	1.2	298.01	0.000000000	0.00	296.72
7129472.779	1.2	298.35	0.000000000	0.00	296.72
7129482.779	1.2	298.76	0.000000000	0.00	296.74
7129492.730	1.2	299.19	0.000000000	0.00	296.74
7129502.780	1.2	299.88	0.000000000	0.00	296.75
7129512.781	1.1	301.91	0.000000000	0.00	296.74
7129522.781	1.2	304.44	0.000000000	0.00	296.72
7129532.731	1.2	307.52	0.000000000	0.00	296.73
7129542.782	1.2	310.92	0.000000000	0.00	296.73
7129552.732	1.2	314.18	0.000000000	0.00	296.75
7129562.733	1.2	316.92	0.000000000	0.00	296.79
7129572.783	1.1	319.47	0.000000000	0.00	296.84
7129582.783	1.2	323.07	0.000000000	0.00	296.98
7129592.734	1.2	326.52	0.000000000	0.00	297.32
7129602.784	1.2	327.40	0.000000000	0.00	297.66
7129612.735	1.2	328.72	0.000000000	0.00	298.32
7129622.785	1.2	331.48	0.000000000	0.00	299.08
7129632.786	1.2	332.89	0.000000000	0.00	300.08
7129642.736	1.2	333.94	0.000000000	0.00	301.47
7129652.786	1.2	334.28	0.000000000	0.00	302.94
7129662.737	1.2	335.54	0.000000000	0.00	303.76
7129672.787	1.2	335.94	0.000000000	0.00	304.99
7129682.788	1.1	336.25	0.000000000	0.00	306.35
7129692.788	1.1	336.53	0.000000000	0.00	308.42
7129702.789	1.2	339.23	0.000000000	0.00	312.83
7129712.789	1.2	342.18	0.000000000	0.00	315.18
7129722.789	1.2	342.74	0.000000000	0.00	319.43
7129732.740	1.2	343.36	0.000000000	0.00	322.48
7129742.740	1.2	343.81	0.000000000	0.00	324.71
7129752.791	1.2	344.12	0.000000000	0.00	326.88
7129762.741	1.2	344.48	0.000000000	0.00	329.55
7129772.742	1.2	344.69	0.000000000	0.00	331.08
7129782.742	1.1	344.88	0.000000000	0.00	332.35
7129792.792	1.2	344.83	0.000000000	0.00	333.01
7129802.743	1.2	344.40	0.000000000	0.00	332.42
7129812.793	1.2	344.05	0.000000000	0.00	332.00
7129822.794	1.2	343.69	0.000001385	0.00	331.72
7129832.744	1.1	343.24	0.000001384	0.00	331.55
7129842.745	1.1	342.87	0.000001384	0.00	331.46
7129852.795	1.1	342.64	0.000001383	0.00	331.36
7129862.795	1.2	342.51	0.000001383	0.00	331.31
7129872.746	1.2	342.44	0.000001383	0.00	331.20
7129882.796	1.1	342.39	0.000001382	0.00	331.15
7129892.797	1.2	342.37	0.000001382	0.00	331.12
7129902.797	1.1	342.37	0.000001382	0.00	331.10
7129912.798	1.1	342.39	0.000001382	0.00	331.09
7129922.798	1.2	342.40	0.000001382	0.00	331.09
7129932.748	1.1	342.43	0.000001382	0.00	331.06
7129942.749	1.1	342.48	0.000001381	0.00	331.07
7129952.749	1.2	342.51	0.000001381	0.00	331.05
7129962.800	1.2	342.53	0.000001381	0.00	331.05
7129972.750	1.1	342.56	0.000001381	0.00	331.05
7129982.751	1.2	342.60	0.000001381	0.00	331.08
7129992.751	1.2	342.61	0.000001381	0.00	331.11
7130002.751	1.1	342.66	0.000001381	0.00	331.13
7130012.802	1.2	342.70	0.000001381	0.00	331.16
7130022.802	1.1	342.73	0.000001381	0.00	331.21
7130032.753	1.2	342.75	0.000001381	0.00	331.29
7130042.753	1.2	342.77	0.000001381	0.00	331.33
7130052.804	1.1	342.80	0.000001381	0.00	331.41
7130062.804	1.2	342.82	0.000001381	0.00	331.45
7130072.804	1.1	342.85	0.000001381	0.00	331.54
7130082.805	1.2	342.89	0.000001381	0.00	331.62
7130092.805	1.2	342.91	0.000001381	0.00	331.68
7130102.806	1.2	342.94	0.000001381	0.00	331.75
7130112.756	1.1	342.95	0.000001381	0.00	331.82
7130122.807	1.1	342.98	0.000001381	0.00	331.88
7130132.807	1.2	342.99	0.000001381	0.00	331.94
7130142.757	1.2	343.00	0.000001381	0.00	332.01
7130152.808	1.2	343.03	0.000001381	0.00	332.10
7130162.808	1.2	343.05	0.000001381	0.00	332.16
7130172.759	1.1	343.07	0.000001381	0.00	332.22
7130182.809	1.1	343.09	0.000001381	0.00	332.28
7130192.760	1.1	343.11	0.000001381	0.00	332.38
7130202.760	1.2	343.12	0.000001381	0.00	332.44
7130212.760	1.2	343.14	0.000001381	0.00	332.50
7130222.761	1.2	343.14	0.000001381	0.00	332.54
7130232.811	1.1	343.15	0.000001381	0.00	332.61
7130242.812	1.2	343.18	0.000001381	0.00	332.66
7130252.762	1.2	343.19	0.000001381	0.00	332.71
7130262.763	1.2	343.21	0.000001381	0.00	332.77
7130272.813	1.2	343.21	0.000001381	0.00	332.85
7130282.813	1.2	343.22	0.000001381	0.00	332.89
7130292.814	1.1	343.22	0.000001381	0.00	332.94
7130302.764	1.1	343.22	0.000001381	0.00	333.01
7130312.765	1.1	343.23	0.000001381	0.00	333.03
7130322.765	1.1	343.24	0.000001381	0.00	333.11
7130332.766	1.2	343.22	0.000001381	0.00	333.15
7130342.816	1.1	343.24	0.000001381	0.00	333.19
7130352.816	1.1	343.24	0.000001381	0.00	333.25
7130362.767	1.1	343.23	0.000001381	0.00	333.26
7130372.767	1.1	343.23	0.000001381	0.00	333.33
7130382.818	1.1	343.23	0.000001381	0.00	333.35
7130392.818	1.2	343.23	0.000001381	0.00	333.39
7130402.769	1.1	343.22	0.000001381	0.00	333.43
7130412.769	1.2	343.22	0.000001381	0.00	333.48
7130422.819	1.2	343.22	0.000001381	0.00	333.52
7130432.770	1.2	343.20	0.000001381	0.00	333.54
7130442.820	1.1	343.21	0.000001381	0.00	333.59
7130452.821	1.1	343.21	0.000001381	0.00	333.61
7130462.821	1.1	343.20	0.000001381	0.00	333.64
7130472.772	1.1	343.20	0.000001381	0.00	333.67
7130482.772	1.1	343.20	0.000001381	0.00	333.71
7130492.772	1.2	343.19	0.000001381	0.00	333.74
7130502.823	1.1	343.19	0.000001381	0.00	333.76
7130512.773	1.1	343.18	0.000001381	0.00	333.80
7130522.824	1.2	343.15	0.000001381	0.00	333.83
7130532.824	1.1	343.16	0.000001381	0.00	333.83
7130542.775	1.2	343.15	0.000001381	0.00	333.88
7130552.775	1.1	343.14	0.000001381	0.00	333.90
7130562.775	1.2	343.14	0.000001381	0.00	333.93
7130572.776	1.2	343.12	0.000001381	0.00	333.95
7130582.776	1.2	343.13	0.000001381	0.00	333.97
7130592.827	1.1	343.11	0.000001381	0.00	334.00
7130602.777	1.1	343.11	0.000001381	0.00	334.02
7130612.778	1.2	343.11	0.000001381	0.00	334.05
7130622.828	1.1	343.09	0.000001381	0.00	334.07
7130632.828	1.1	343.09	0.000001382	0.00	334.09
7130642.779	1.1	343.09	0.000001382	0.00	334.12
7130652.829	1.1	343.07	0.000001382	0.00	334.15
7130662.830	1.2	343.05	0.000001382	0.00	334.15
7130672.830	1.2	343.03	0.000001382	0.00	334.18
7130682.831	1.1	343.03	0.000001382	0.00	334.20
7130692.831	1.1	343.04	0.000001382	0.00	334.20
7130702.781	1.2	343.02	0.000001382	0.00	334.24
7130712.832	1.2	343.01	0.000001382	0.00	334.25
7130722.782	1.2	343.00	0.000001382	0.00	334.27
7130732.833	1.1	342.99	0.000001382	0.00	334.29
7130742.783	1.1	342.97	0.000001382	0.00	334.28
7130752.834	1.2	342.96	0.000001382	0.00	334.30
7130762.834	1.2	342.94	0.000001382	0.00	334.32
7130772.834	1.2	342.94	0.000001382	0.00	334.33
7130782.785	1.1	342.92	0.000001382	0.00	334.35
7130792.785	1.2	342.91	0.000001382	0.00	334.36
7130802.786	1.2	342.90	0.000001382	0.00	334.36
7130812.836	1.2	342.89	0.000001382	0.00	334.38
7130822.837	1.2	342.87	0.000001382	0.00	334.39
7130832.837	1.1	342.85	0.000001382	0.00	334.40
7130842.787	1.2	342.85	0.000001382	0.00	334.42
7130852.838	1.1	342.85	0.000001382	0.00	334.40
7130862.838	1.1	342.84	0.000001382	0.00	334.42
7130872.839	1.2	342.83	0.000001382	0.00	334.44
7130882.789	1.2	342.82	0.000001382	0.00	334.44
7130892.840	1.2	342.80	0.000001382	0.00	334.45
7130902.840	1.2	342.78	0.000001382	0.00	334.45
7130912.790	1.1	342.75	0.000001382	0.00	334.45
7130922.791	1.2	342.74	0.000001382	0.00	334.44
7130932.841	1.2	342.71	0.000001383	0.00	334.43
7130942.842	1.1	342.70	0.000001383	0.00	334.44
7130952.842	1.1	342.69	0.000001383	0.00	334.43
7130962.793	1.2	342.66	0.000001383	0.00	334.45
7130972.793	1.2	342.65	0.000001383	0.00	334.43
7130982.793	1.2	342.63	0.000001383	0.00	334.43
7130992.794	1.1	342.62	0.000001383	0.00	334.42
7131002.844	1.2	342.60	0.000001383	0.00	334.42
7131012.845	1.2	342.57	0.000001383	0.00	334.43
7131022.795	1.2	342.55	0.000001383	0.00	334.42
7131032.846	1.1	342.54	0.000001383	0.00	334.41
7131042.846	1.1	342.51	0.000001383	0.00	334.40
7131052.846	1.2	342.49	0.000001383	0.00	334.41
7131062.847	1.1	342.49	0.000001383	0.00	334.40
7131072.847	1.2	342.47	0.000001383	0.00	334.39
7131082.848	1.1	342.46	0.000001383	0.00	334.39
7131092.848	1.1	342.44	0.000001383	0.00	334.37
7131102.849	1.1	342.41	0.000001383	0.00	334.36
7131112.849	1.2	342.40	0.000001383	0.00	334.35
7131122.849	1.1	342.38	0.000001383	0.00	334.33
7131132.850	1.2	342.37	0.000001383	0.00	334.35
7131142.800	1.2	342.36	0.000001383	0.00	334.35
7131152.851	1.2	342.34	0.000001383	0.00	334.35
7131162.851	1.1	342.32	0.000001383	0.00	334.35
7131172.852	1.1	342.30	0.000001383	0.00	334.34
7131182.802	1.2	342.28	0.000001383	0.00	334.32
7131192.852	1.2	342.26	0.000001383	0.00	334.32
7131202.803	1.1	342.24	0.000001383	0.00	334.31
7131212.803	1.1	342.22	0.000001384	0.00	334.30
7131222.804	1.2	342.20	0.000001384	0.00	334.30
7131232.854	1.1	342.19	0.000001384	0.00	334.28
7131242.805	1.2	342.17	0.000001384	0.00	334.27
7131252.855	1.1	342.16	0.000001384	0.00	334.26
7131262.805	1.2	342.13	0.000001384	0.00	334.26
7131272.856	1.2	342.12	0.000001384	0.00	334.25
7131282.856	1.1	342.12	0.000001384	0.00	334.23
7131292.807	1.2	342.08	0.000001384	0.00	334.22
7131302.807	1.2	342.06	0.000001384	0.00	334.23
7131312.808	1.2	342.03	0.000001384	0.00	334.21
7131322.808	1.2	342.01	0.000001384	0.00	334.19
7131332.808	1.2	341.99	0.000001384	0.00	334.19
7131342.859	1.2	341.98	0.000001384	0.00	334.17
7131352.859	1.2	341.96	0.000001384	0.00	334.14
7131362.810	1.2	341.94	0.000001384	0.00	334.14
7131372.810	1.2	341.93	0.000001384	0.00	334.15
7131382.861	1.1	341.89	0.000001384	0.00	334.10
7131392.811	1.2	341.87	0.000001384	0.00	334.10
7131402.861	1.2	341.85	0.000001384	0.00	334.08
7131412.862	1.2	341.84	0.000001384	0.00	334.07
7131422.862	1.2	341.82	0.000001384	0.00	334.09
7131432.863	1.2	341.80	0.000001384	0.00	334.07
7131442.813	1.2	341.77	0.000001384	0.00	334.04
7131452.864	1.2	341.71	0.000001385	0.00	334.04
7131462.864	1.1	341.72	0.000001385	0.00	334.01
7131472.864	1.2	341.71	0.000001385	0.00	334.00
7131482.815	1.1	341.70	0.000001385	0.00	333.99
7131492.815	1.2	341.69	0.000001385	0.00	334.00
7131502.866	1.2	341.66	0.000001385	0.00	333.99
7131512.816	1.2	341.64	0.000001385	0.00	333.97
7131522.817	1.2	341.64	0.000001385	0.00	333.97
7131532.867	1.1	341.62	0.000001385	0.00	333.96
7131542.817	1.1	341.60	0.000001385	0.00	333.94
7131552.818	1.2	341.59	0.000001385	0.00	333.95
7131562.818	1.2	341.56	0.000001385	0.00	333.96
7131572.869	1.1	341.54	0.000001385	0.00	333.92
7131582.869	1.2	341.54	0.000001385	0.00	333.94
7131592.870	1.2	341.51	0.000001385	0.00	333.92
7131602.820	1.1	341.50	0.000001385	0.00	333.91
7131612.870	1.2	341.48	0.000001385	0.00	333.90
7131622.871	1.1	341.44	0.000001385	0.00	333.89
7131632.871	1.2	341.43	0.000001385	0.00	333.89
7131642.822	1.2	341.41	0.000001385	0.00	333.89
7131652.822	1.2	341.39	0.000001385	0.00	333.87
7131662.823	1.2	341.39	0.000001385	0.00	333.87
7131672.873	1.2	341.36	0.000001385	0.00	333.85
7131682.823	1.1	341.35	0.000001386	0.00	333.84
7131692.874	1.2	341.32	0.000001386	0.00	333.82
7131702.824	1.2	341.30	0.000001386	0.00	333.83
7131712.825	1.2	341.28	0.000001386	0.00	333.81
7131722.875	1.1	341.27	0.000001386	0.00	333.79
7131732.826	1.2	341.25	0.000001386	0.00	333.79
7131742.826	1.2	341.22	0.000001386	0.00	333.77
7131752.826	1.2	341.20	0.000001386	0.00	333.75
7131762.827	1.2	341.18	0.000001386	0.00	333.74
7131772.827	1.2	341.15	0.000001386	0.00	333.71
7131782.828	1.2	341.13	0.000001386	0.00	333.69
7131792.878	1.2	341.12	0.000001386	0.00	333.69
7131802.829	1.2	341.10	0.000001386	0.00	333.67
7131812.879	1.2	341.08	0.000001386	0.00	333.65
7131822.879	1.2	341.06	0.000001386	0.00	333.63
7131832.830	1.1	341.04	0.000001386	0.00	333.61
7131842.830	1.2	341.01	0.000001386	0.00	333.60
7131852.881	1.2	341.00	0.000001386	0.00	333.58
7131862.831	1.2	341.01	0.000001386	0.00	333.58
7131872.832	1.2	341.01	0.000001386	0.00	333.55
7131882.832	1.2	341.02	0.000001386	0.00	333.54
7131892.832	1.2	341.04	0.000001386	0.00	333.54
7131902.833	1.2	341.06	0.000001386	0.00	333.51
7131912.833	1.2	341.09	0.000001386	0.00	333.49
7131922.884	1.2	341.13	0.000001386	0.00	333.48
7131932.884	1.2	341.13	0.000001386	0.00	333.46
7131942.885	1.2	341.15	0.000001386	0.00	333.46
7131952.835	1.2	341.17	0.000001386	0.00	333.44
7131962.885	1.2	341.17	0.000001386	0.00	333.42
7131972.836	1.2	341.17	0.000001386	0.00	333.39
7131982.836	1.2	341.19	0.000001386	0.00	333.41
7131992.837	1.2	341.17	0.000001386	0.00	333.39
7132002.837	1.2	341.16	0.000001386	0.00	333.38
7132012.888	1.2	341.15	0.000001386	0.00	333.37
7132022.838	1.2	341.14	0.000001386	0.00	333.37
7132032.838	1.2	341.13	0.000001386	0.00	333.36
7132042.839	1.2	341.11	0.000001386	0.00	333.37
7132052.839	1.1	341.10	0.000001386	0.00	333.35
7132062.840	1.2	341.09	0.000001386	0.00	333.36
7132072.890	1.2	341.07	0.000001386	0.00	333.36
7132082.841	1.2	341.05	0.000001386	0.00	333.36
7132092.891	1.2	341.04	0.000001386	0.00	333.35
7132102.891	1.2	341.02	0.000001386	0.00	333.37
7132112.892	1.2	341.00	0.000001386	0.00	333.35
7132122.842	1.2	340.99	0.000001386	0.00	333.35
7132132.843	1.2	340.97	0.000001386	0.00	333.35
7132142.893	1.2	340.95	0.000001386	0.00	333.34
7132152.844	1.2	340.93	0.000001386	0.00	333.35
7132162.844	1.2	340.92	0.000001386	0.00	333.33
7132172.844	1.2	340.90	0.000001386	0.00	333.33
7132182.895	1.2	340.91	0.000001386	0.00	333.34
7132192.895	1.2	340.90	0.000001386	0.00	333.35
7132202.896	1.2	340.89	0.000001387	0.00	333.36
7132212.896	1.2	340.89	0.000001387	0.00	333.39
7132222.896	1.2	340.88	0.000001387	0.00	333.38
7132232.897	1.2	340.87	0.000001387	0.00	333.41
7132242.897	1.2	340.86	0.000001387	0.00	333.42
7132252.848	1.2	340.84	0.000001387	0.00	333.42
7132262.898	1.2	340.84	0.000001387	0.00	333.43
7132272.899	1.2	340.82	0.000001387	0.00	333.46
7132282.849	1.2	340.80	0.000001387	0.00	333.46
7132292.899	1.2	340.79	0.000001387	0.00	333.46
7132302.850	1.1	340.78	0.000001387	0.00	333.46
7132312.850	1.2	340.75	0.000001387	0.00	333.46
7132322.851	1.2	340.73	0.000001387	0.00	333.45
7132332.901	1.2	340.73	0.000001387	0.00	333.45
7132342.902	1.2	340.72	0.000001387	0.00	333.46
7132352.902	1.2	340.71	0.000001387	0.00	333.46
7132362.852	1.2	340.74	0.000001387	0.00	333.45
7132372.853	1.2	340.74	0.000001387	0.00	333.44
7132382.853	1.2	340.76	0.000001387	0.00	333.46
7132392.904	1.2	340.78	0.000001387	0.00	333.45
7132402.854	1.2	340.81	0.000001387	0.00	333.43
7132412.855	1.2	340.83	0.000001387	0.00	333.41
7132422.855	1.2	340.86	0.000001387	0.00	333.41
7132432.905	1.2	340.89	0.000001387	0.00	333.40
7132442.906	1.2	340.90	0.000001387	0.00	333.40
7132452.856	1.2	340.91	0.000001386	0.00	333.39
7132462.907	1.2	340.92	0.000001387	0.00	333.37
7132472.857	1.1	340.91	0.000001387	0.00	333.37
7132482.908	1.2	340.91	0.000001387	0.00	333.37
7132492.858	1.2	340.89	0.000001387	0.00	333.37
7132502.908	1.2	340.89	0.000001387	0.00	333.36
7132512.909	1.2	340.87	0.000001387	0.00	333.36
7132522.909	1.2	340.86	0.000001387	0.00	333.36
7132532.910	1.2	340.83	0.000001387	0.00	333.36
7132542.910	1.2	340.82	0.000001387	0.00	333.36
7132552.861	1.2	340.80	0.000001387	0.00	333.37
7132562.911	1.2	340.79	0.000001387	0.00	333.38
7132572.911	1.2	340.77	0.000001387	0.00	333.38
7132582.862	1.2	340.76	0.000001387	0.00	333.37
7132592.862	1.2	340.74	0.000001387	0.00	333.36
7132602.913	1.2	340.73	0.000001387	0.00	333.37
7132612.863	1.2	340.72	0.000001387	0.00	333.36
7132622.914	1.2	340.70	0.000001387	0.00	333.36
7132632.864	1.2	340.67	0.000001387	0.00	333.36
7132642.914	1.2	340.67	0.000001387	0.00	333.36
7132652.865	1.2	340.63	0.000001387	0.00	333.34
7132662.865	1.3	340.63	0.000001387	0.00	333.35
7132672.916	1.2	340.61	0.000001387	0.00	333.34
7132682.916	1.2	340.60	0.000001387	0.00	333.33
7132692.917	1.2	340.58	0.000001387	0.00	333.33
7132702.867	1.2	340.57	0.000001387	0.00	333.31
7132712.867	1.2	340.54	0.000001387	0.00	333.31
7132722.918	1.2	340.54	0.000001387	0.00	333.32
7132732.868	1.2	340.51	0.000001387	0.00	333.30
7132742.869	1.2	340.49	0.000001387	0.00	333.29
7132752.919	1.2	340.48	0.000001387	0.00	333.28
7132762.870	1.2	340.48	0.000001387	0.00	333.27
7132772.870	1.2	340.45	0.000001387	0.00	333.27
7132782.920	1.2	340.47	0.000001387	0.00	333.27
7132792.921	1.2	340.47	0.000001387	0.00	333.25
7132802.871	1.3	340.48	0.000001387	0.00	333.24
7132812.872	1.2	340.50	0.000001387	0.00	333.23
7132822.922	1.2	340.53	0.000001387	0.00	333.21
7132832.873	1.2	340.52	0.000001387	0.00	333.21
7132842.873	1.2	340.56	0.000001387	0.00	333.18
7132852.873	1.2	340.60	0.000001387	0.00	333.19
7132862.874	1.2	340.61	0.000001387	0.00	333.17
7132872.874	1.2	340.62	0.000001387	0.00	333.16
7132882.875	1.2	340.64	0.000001387	0.00	333.15
7132892.875	1.2	340.67	0.000001387	0.00	333.14
7132902.926	1.2	340.67	0.000001387	0.00	333.13
7132912.876	1.3	340.67	0.000001387	0.00	333.14
7132922.926	1.2	340.65	0.000001387	0.00	333.10
7132932.927	1.2	340.64	0.000001387	0.00	333.13
7132942.927	1.2	340.64	0.000001387	0.00	333.11
7132952.878	1.2	340.62	0.000001387	0.00	333.12
7132962.878	1.1	340.60	0.000001387	0.00	333.11
7132972.929	1.2	340.59	0.000001387	0.00	333.12
7132982.879	1.2	340.57	0.000001387	0.00	333.11
7132992.879	1.2	340.56	0.000001387	0.00	333.10
7133002.930	1.2	340.53	0.000001387	0.00	333.12
7133012.930	1.2	340.53	0.000001388	0.00	333.13
7133022.881	1.3	340.50	0.000001388	0.00	333.14
7133032.931	1.2	340.49	0.000001388	0.00	333.14
7133042.882	1.2	340.49	0.000001388	0.00	333.12
7133052.932	1.2	340.47	0.000001388	0.00	333.12
7133062.932	1.2	340.44	0.000001388	0.00	333.11
7133072.883	1.2	340.42	0.000001388	0.00	333.11
7133082.883	1.2	340.40	0.000001388	0.00	333.11
7133092.884	1.2	340.40	0.000001388	0.00	333.09
7133102.884	1.2	340.38	0.000001388	0.00	333.10
7133112.885	1.2	340.37	0.000001388	0.00	333.10
7133122.885	1.2	340.35	0.000001388	0.00	333.09
7133132.885	1.3	340.34	0.000001388	0.00	333.09
7133142.936	1.2	340.33	0.000001388	0.00	333.08
7133152.936	1.2	340.32	0.000001388	0.00	333.08
7133162.937	1.2	340.29	0.000001388	0.00	333.06
7133172.887	1.2	340.29	0.000001388	0.00	333.06
7133182.938	1.2	340.28	0.000001388	0.00	333.05
7133192.888	1.2	340.27	0.000001388	0.00	333.03
7133202.938	1.3	340.27	0.000001388	0.00	333.03
7133212.939	1.3	340.27	0.000001388	0.00	333.02
7133222.889	1.2	340.29	0.000001388	0.00	333.02
7133232.890	1.2	340.31	0.000001388	0.00	333.02
7133242.890	1.2	340.35	0.000001388	0.00	333.00
7133252.891	1.2	340.38	0.000001388	0.00	332.98
7133262.891	1.2	340.42	0.000001388	0.00	333.00
7133272.891	1.2	340.43	0.000001388	0.00	332.99
7133282.942	1.2	340.47	0.000001388	0.00	332.99
7133292.892	1.2	340.47	0.000001388	0.00	332.97
7133302.893	1.2	340.47	0.000001388	0.00	332.97
7133312.943	1.2	340.47	0.000001388	0.00	332.97
7133322.944	1.2	340.46	0.000001388	0.00	332.96
7133332.944	1.2	340.44	0.000001388	0.00	332.98
7133342.894	1.2	340.44	0.000001388	0.00	332.97
7133352.895	1.2	340.44	0.000001388	0.00	332.96
7133362.945	1.2	340.42	0.000001388	0.00	332.97
7133372.946	1.2	340.42	0.000001388	0.00	332.99
7133382.896	1.2	340.39	0.000001388	0.00	333.00
7133392.897	1.3	340.39	0.000001388	0.00	333.03
7133402.947	1.2	340.39	0.000001388	0.00	333.02
7133412.947	1.2	340.38	0.000001388	0.00	333.03
7133422.948	180.8	340.35	0.000001388	0.00	333.04
7133432.898	202.1	340.34	0.000001388	0.00	333.04
7133442.899	660.1	340.33	0.000001388	0.00	333.04
7133452.899	662.9	340.31	0.000001388	0.00	333.05
7133462.900	663.1	340.30	0.000001388	0.00	333.06
7133472.900	664.4	340.29	0.000001388	0.00	333.08
7133482.950	664.8	340.26	0.000001388	0.00	333.07
7133492.901	664.5	340.25	0.000001388	3.37	333.09
7133502.951	664.4	340.26	0.000001388	8.05	333.25
7133512.902	665.2	340.24	0.000001388	13.66	334.75
7133522.952	665.8	340.22	0.000001388	16.07	337.17
7133532.953	666.1	340.20	0.000001388	17.15	338.66
7133542.903	666.0	340.19	0.000001388	6.74	339.75
7133552.903	665.8	340.18	0.000001388	16.10	340.54
7133562.954	666.3	340.16	0.000001388	27.33	341.10
7133572.904	665.6	340.15	0.000001387	32.15	341.58
7133582.955	666.2	340.15	0.000001387	34.29	342.12
7133592.905	665.7	340.15	0.000001387	35.67	342.65
7133602.956	666.2	340.15	0.000001387	36.59	343.16
7133612.956	667.1	340.17	0.000001386	37.07	343.69
7133622.956	666.0	340.20	0.000001386	36.95	344.20
7133632.957	666.6	340.21	0.000001386	37.01	344.69
7133642.907	666.0	340.26	0.000001386	36.92	345.18
7133652.958	665.9	340.28	0.000001385	37.04	345.56
7133662.958	665.6	340.30	0.000001385	37.11	345.86
7133672.959	665.8	340.33	0.000001385	37.05	346.11
7133682.909	665.6	340.35	0.000001385	37.11	346.37
7133692.959	665.6	340.37	0.000001385	37.15	346.57
7133702.910	665.6	340.37	0.000001385	37.12	346.75
7133712.910	665.2	340.39	0.000001384	37.09	346.92
7133722.961	664.4	340.38	0.000001384	37.01	347.14
7133732.911	664.7	340.38	0.000001384	37.08	347.28
7133742.912	663.7	340.38	0.000001384	37.14	347.43
7133752.962	663.0	340.36	0.000001384	37.09	347.52
7133762.962	662.0	340.36	0.000001384	36.98	347.67
7133772.913	663.1	340.34	0.000001384	37.01	347.86
7133782.963	662.7	340.31	0.000001384	34.89	347.99
7133792.964	662.3	340.30	0.000001384	37.02	348.10
7133802.964	663.8	340.29	0.000001384	37.38	348.15
7133812.965	663.9	340.28	0.000001384	38.04	348.21
7133822.915	663.7	340.26	0.000001384	38.13	348.33
7133832.965	664.6	340.25	0.000001384	38.19	348.43
7133842.916	663.3	340.24	0.000001384	32.72	348.62
7133852.966	664.4	340.22	0.000001384	38.17	348.68
7133862.967	666.5	340.21	0.000001384	37.87	348.79
7133872.967	668.9	340.19	0.000001384	37.77	348.85
7133882.918	668.7	340.19	0.000001384	37.84	348.96
7133892.918	669.3	340.18	0.000001384	37.76	349.08
7133902.968	668.3	340.16	0.000001384	37.77	349.11
7133912.969	668.4	340.15	0.000001384	37.58	349.16
7133922.919	668.0	340.13	0.000001384	37.77	349.26
7133932.970	668.8	340.14	0.000001384	37.77	349.29
7133942.920	667.8	340.13	0.000001384	37.82	349.34
7133952.921	668.7	340.11	0.000001384	37.84	349.38
7133962.971	669.1	340.11	0.000001384	37.89	349.42
7133972.921	668.4	340.10	0.000001384	37.84	349.51
7133982.922	668.4	340.13	0.000001383	37.83	349.55
7133992.922	668.0	340.14	0.000001383	37.83	349.62
7134002.923	669.0	340.17	0.000001383	37.93	349.65
7134012.923	670.3	340.20	0.000001383	37.97	349.66
7134022.924	669.1	340.24	0.000001383	37.86	349.72
7134032.924	668.7	340.28	0.000001383	38.00	349.76
7134042.974	668.6	340.33	0.000001383	37.94	349.75
7134052.925	669.5	340.37	0.000001383	37.93	349.77
7134062.925	668.4	340.41	0.000001383	37.97	349.82
7134072.926	667.9	340.47	0.000001383	37.83	349.83
7134082.926	667.4	340.49	0.000001383	37.99	349.85
7134092.977	666.7	340.51	0.000001382	37.93	349.92
7134102.927	666.3	340.52	0.000001382	37.99	349.96
7134112.977	665.8	340.53	0.000001382	37.92	349.96
7134122.978	665.5	340.52	0.000001382	38.04	349.99
7134132.928	667.0	340.52	0.000001382	38.16	350.08
7134142.979	666.3	340.53	0.000001382	38.10	350.05
7134152.929	667.3	340.53	0.000001382	38.16	350.11
7134162.930	666.6	340.51	0.000001382	24.59	350.17
7134172.980	667.6	340.52	0.000001383	38.21	350.31
7134182.980	667.7	340.50	0.000001383	38.07	350.37
7134192.931	668.0	340.49	0.000001383	38.15	350.39
7134202.931	667.9	340.50	0.000001383	38.16	350.40
7134212.932	667.2	340.48	0.000001383	38.02	350.52
7134222.932	667.4	340.47	0.000001383	38.07	350.47
7134232.983	665.4	340.46	0.000001383	37.93	350.59
7134242.983	666.4	340.47	0.000001383	37.99	350.54
7134252.983	666.6	340.45	0.000001383	38.31	350.59
7134262.934	667.0	340.44	0.000001383	38.20	350.69
7134272.984	666.3	340.43	0.000001383	38.28	350.75
7134282.935	666.7	340.42	0.000001383	38.37	350.73
7134292.935	668.5	340.41	0.000001383	38.37	350.82
7134302.936	669.4	340.40	0.000001383	38.40	350.83
7134312.986	669.3	340.40	0.000001383	38.37	350.88
7134322.986	668.1	340.39	0.000001383	38.81	350.84
7134332.987	667.5	340.39	0.000001383	38.82	350.99
7134342.937	668.3	340.40	0.000001383	38.85	350.98
7134352.938	670.4	340.39	0.000001383	38.53	351.04
7134362.988	672.9	340.38	0.000001383	38.50	351.08
7134372.939	673.5	340.39	0.000001382	38.47	351.18
7134382.989	673.7	340.39	0.000001382	38.57	351.13
7134392.989	673.7	340.38	0.000001382	38.48	351.15
7134402.990	673.2	340.41	0.000001382	38.37	351.20
7134412.940	672.8	340.41	0.000001382	38.48	351.25
7134422.941	672.6	340.45	0.000001382	38.40	351.30
7134432.941	672.5	340.47	0.000001382	38.43	351.31
7134442.942	672.4	340.50	0.000001382	38.37	351.31
7134452.992	673.3	340.54	0.000001382	38.48	351.37
7134462.942	674.1	340.56	0.000001382	38.38	351.34
7134472.993	673.8	340.59	0.000001382	38.36	351.36
7134482.943	674.0	340.63	0.000001382	38.27	351.40
7134492.994	673.8	340.65	0.000001382	38.30	351.35
7134502.944	674.5	340.66	0.000001382	38.45	351.47
7134512.945	675.0	340.67	0.000001382	38.65	351.48
7134522.945	673.8	340.67	0.000001382	38.55	351.51
7134532.945	674.0	340.70	0.000001382	38.58	351.50
7134542.996	673.6	340.68	0.000001382	38.53	351.48
7134552.946	673.7	340.69	0.000001382	38.43	351.61
7134562.947	672.6	340.70	0.000001382	38.45	351.56
7134572.947	672.1	340.69	0.000001382	38.51	351.66
7134582.948	672.1	340.68	0.000001382	38.44	351.66
7134592.948	671.4	340.67	0.000001382	38.43	351.69
7134602.998	671.1	340.67	0.000001382	38.47	351.75
7134612.999	671.3	340.66	0.000001382	38.53	351.74
7134622.949	672.0	340.64	0.000001382	38.45	351.80
7134632.950	671.3	340.64	0.000001382	38.45	351.84
7134643.000	671.1	340.64	0.000001382	38.48	351.90
7134652.951	671.0	340.63	0.000001382	38.41	351.89
7134662.951	670.3	340.60	0.000001382	38.55	351.91
7134673.001	671.6	340.60	0.000001382	38.41	351.92
7134682.952	670.2	340.59	0.000001382	38.44	351.96
7134692.952	669.6	340.57	0.000001382	38.53	351.97
7134702.953	670.0	340.57	0.000001382	38.53	351.98
7134712.953	669.3	340.57	0.000001382	38.55	351.98
7134722.954	669.9	340.56	0.000001382	38.63	352.08
7134733.004	669.4	340.55	0.000001382	38.58	352.10
7134743.004	669.6	340.53	0.000001382	38.64	352.16
7134752.955	669.8	340.53	0.000001382	38.58	352.11
7134763.005	669.8	340.52	0.000001382	38.70	352.13
7134772.956	670.4	340.51	0.000001382	38.65	352.25
7134782.956	669.4	340.50	0.000001382	38.72	352.17
7134792.957	669.4	340.48	0.000001382	38.75	352.22
7134802.957	669.9	340.48	0.000001382	38.77	352.20
7134812.957	669.4	340.47	0.000001382	38.81	352.25
7134822.958	669.2	340.48	0.000001382	38.72	352.20
7134832.958	668.5	340.51	0.000001382	38.80	352.25
7134842.959	669.7	340.54	0.000001382	38.85	352.25
7134852.959	669.9	340.58	0.000001382	38.91	352.26
7134862.960	669.6	340.60	0.000001382	38.94	352.31
7134872.960	670.1	340.64	0.000001382	38.84	352.25
7134882.960	669.7	340.66	0.000001381	38.28	352.37
7134892.961	668.6	340.71	0.000001381	38.62	352.33
7134902.961	669.2	340.74	0.000001381	38.94	352.32
7134913.012	667.8	340.79	0.000001381	38.91	352.35
7134922.962	666.9	340.84	0.000001381	38.91	352.36
7134933.012	667.1	340.87	0.000001381	38.89	352.42
7134943.013	666.5	340.90	0.000001381	38.87	352.43
7134952.963	665.7	340.93	0.000001381	38.97	352.42
7134963.014	665.4	340.95	0.000001381	38.99	352.48
7134972.964	663.8	340.96	0.000001381	38.92	352.48
7134982.965	664.0	340.97	0.000001381	38.99	352.54
7134992.965	663.8	340.98	0.000001381	39.02	352.61
7135003.015	663.1	340.98	0.000001381	38.95	352.56
7135013.016	663.1	340.99	0.000001381	38.99	352.57
7135023.016	663.0	340.99	0.000001381	38.97	352.70
7135032.967	662.5	340.98	0.000001381	39.07	352.68
7135042.967	664.3	340.98	0.000001381	39.11	352.73
7135052.968	663.9	340.97	0.000001381	39.08	352.75
7135063.018	664.2	340.96	0.000001381	39.07	352.68
7135073.018	664.5	340.96	0.000001381	39.09	352.85
7135083.019	664.3	340.97	0.000001381	39.12	352.83
7135093.019	664.6	340.97	0.000001381	38.95	352.91
7135102.970	666.0	340.97	0.000001381	39.15	352.88
7135112.970	667.0	340.96	0.000001381	39.19	352.90
7135123.021	669.2	340.97	0.000001381	39.16	352.93
7135132.971	670.7	340.96	0.000001381	39.16	353.04
7135143.021	670.9	340.94	0.000001381	39.11	352.95
7135153.022	671.5	340.94	0.000001381	39.16	352.99
7135162.972	672.7	340.91	0.000001381	39.21	353.03
7135173.023	672.8	340.91	0.000001381	39.19	353.05
7135182.973	673.7	340.91	0.000001381	39.21	353.03
7135192.974	674.1	340.90	0.000001381	39.22	353.10
7135202.974	674.9	340.89	0.000001381	39.18	353.06
7135212.974	675.5	340.88	0.000001381	39.19	353.11
7135223.025	675.0	340.86	0.000001381	39.24	353.18
7135233.025	674.7	340.87	0.000001381	39.24	353.14
7135243.026	674.9	340.85	0.000001381	39.24	353.13
7135252.976	675.7	340.84	0.000001381	39.32	353.18
7135262.977	676.9	340.84	0.000001381	39.28	353.28
7135273.027	676.3	340.83	0.000001381	39.35	353.25
7135282.977	675.6	340.83	0.000001381	39.38	353.20
7135293.028	676.7	340.80	0.000001381	39.38	353.20
7135302.978	676.9	340.83	0.000001381	39.39	353.29
7135313.029	675.1	340.84	0.000001381	39.39	353.22
7135322.979	676.1	340.86	0.000001381	39.41	353.27
7135333.030	676.3	340.89	0.000001381	39.45	353.36
7135343.030	674.7	340.92	0.000001381	39.32	353.35
7135352.980	674.4	340.95	0.000001381	39.39	353.31
7135363.031	673.3	340.98	0.000001381	39.45	353.27
7135373.031	673.5	341.02	0.000001380	39.45	353.31
7135383.032	673.9	341.06	0.000001380	39.45	353.29
7135393.032	673.4	341.10	0.000001380	39.42	353.30
7135403.033	673.6	341.16	0.000001380	39.48	353.32
7135413.033	673.5	341.19	0.000001380	39.49	353.28
7135423.033	672.5	341.21	0.000001380	39.55	353.37
7135432.984	671.7	341.25	0.000001380	39.60	353.33
7135443.034	671.8	341.26	0.000001380	39.53	353.26
7135452.985	670.9	341.26	0.000001380	39.53	353.35
7135463.035	669.7	341.26	0.000001380	39.62	353.36
7135472.986	670.9	341.25	0.000001380	39.53	353.41
7135483.036	670.6	341.25	0.000001380	39.60	353.37
7135492.986	670.1	341.24	0.000001380	39.63	353.45
7135502.987	670.3	341.24	0.000001380	39.60	353.46
7135512.987	668.6	341.22	0.000001380	39.66	353.49
7135522.988	669.6	341.21	0.000001380	39.72	353.48
7135533.038	670.1	341.20	0.000001380	39.69	353.55
7135542.989	670.2	341.18	0.000001380	39.68	353.53
7135553.039	669.2	341.18	0.000001381	39.76	353.67
7135563.039	668.9	341.17	0.000001381	39.68	353.65
7135572.990	669.5	341.15	0.000001381	39.70	353.65
7135582.990	669.2	341.14	0.000001381	39.75	353.64
7135593.041	669.6	341.12	0.000001381	39.72	353.64
7135603.041	670.0	341.11	0.000001381	39.76	353.68
7135612.992	669.6	341.10	0.000001381	39.76	353.69
7135622.992	669.7	341.09	0.000001381	39.80	353.70
7135633.042	669.0	341.08	0.000001381	39.77	353.73
7135642.993	669.0	341.05	0.000001381	39.80	353.68
7135653.043	670.0	341.05	0.000001381	39.79	353.77
7135663.044	669.4	341.03	0.000001381	39.83	353.77
7135673.044	670.0	341.01	0.000001381	39.75	353.76
7135683.045	670.3	341.01	0.000001381	39.80	353.85
7135692.995	672.1	340.99	0.000001381	39.97	353.82
7135703.045	672.6	340.97	0.000001381	39.90	353.90
7135712.996	674.6	340.95	0.000001381	40.24	353.85
7135723.046	673.5	340.93	0.000001381	40.31	353.88
7135732.997	674.2	340.93	0.000001381	40.61	353.98
7135742.997	674.9	340.91	0.000001381	40.56	353.90
7135752.998	675.4	340.90	0.000001381	40.64	353.98
7135763.048	675.3	340.90	0.000001381	40.64	353.91
7135772.998	676.1	340.89	0.000001381	40.73	353.89
7135783.049	676.4	340.87	0.000001381	40.80	353.87
7135793.049	677.6	340.87	0.000001381	40.71	354.02
7135803.000	678.3	340.85	0.000001381	40.73	354.00
7135813.000	677.5	340.84	0.000001381	40.81	354.11
7135823.001	676.4	340.84	0.000001381	40.87	354.10
7135833.051	677.0	340.83	0.000001381	40.88	354.12
7135843.001	675.9	340.84	0.000001381	40.91	354.12
7135853.052	675.9	340.85	0.000001381	40.81	354.17
7135863.002	676.7	340.87	0.000001381	40.90	354.16
7135873.003	676.2	340.89	0.000001380	40.87	354.08
7135883.003	676.5	340.92	0.000001380	40.87	354.21
7135893.054	676.2	340.93	0.000001380	40.88	354.26
7135903.004	677.1	340.97	0.000001380	40.95	354.22
7135913.004	677.1	341.00	0.000001380	40.91	354.27
7135923.055	676.9	341.04	0.000001380	40.85	354.19
7135933.055	678.0	341.08	0.000001380	40.92	354.36
7135943.006	677.7	341.12	0.000001380	40.92	354.35
7135953.056	678.5	341.14	0.000001380	41.07	354.29
7135963.007	680.4	341.17	0.000001380	41.08	354.34
7135973.057	680.6	341.19	0.000001380	41.02	354.41
7135983.007	682.1	341.21	0.000001380	41.09	354.41
7135993.008	682.3	341.23	0.000001380	41.27	354.40
7136003.008	682.6	341.22	0.000001380	41.28	354.45
7136013.059	682.7	341.23	0.000001380	41.35	354.51
7136023.009	682.9	341.22	0.000001380	41.44	354.54
7136033.060	682.6	341.23	0.000001380	41.42	354.62
7136043.060	682.4	341.25	0.000001380	41.45	354.60
7136053.060	682.6	341.22	0.000001380	41.40	354.70
7136063.061	681.2	341.22	0.000001380	41.38	354.75
7136073.011	680.8	341.21	0.000001380	41.40	354.70
7136083.062	680.0	341.21	0.000001380	41.30	354.78
7136093.012	681.1	341.20	0.000001380	41.48	354.78
7136103.013	680.6	341.20	0.000001380	41.47	354.77
7136113.063	681.6	341.20	0.000001380	41.51	354.88
7136123.063	681.4	341.19	0.000001380	41.44	354.85
7136133.014	680.2	341.18	0.000001380	41.48	354.92
7136143.014	681.0	341.17	0.000001380	41.58	354.90
7136153.015	679.9	341.17	0.000001380	41.54	354.99
7136163.065	679.2	341.17	0.000001380	41.65	355.03
7136173.066	678.8	341.15	0.000001380	41.52	354.92
7136183.016	678.6	341.14	0.000001380	41.55	355.07
7136193.066	678.4	341.12	0.000001380	41.65	355.04
7136203.017	677.6	341.12	0.000001380	41.64	355.06
7136213.067	677.5	341.11	0.000001380	41.61	355.12
7136223.068	676.3	341.10	0.000001380	41.59	355.23
7136233.018	677.0	341.10	0.000001380	41.75	355.21
7136243.019	676.2	341.08	0.000001380	41.69	355.22
7136253.069	675.5	341.09	0.000001380	41.61	355.20
7136263.019	674.5	341.08	0.000001380	41.61	355.20
7136273.020	673.6	341.07	0.000001380	41.64	355.32
7136283.020	674.1	341.05	0.000001380	41.59	355.25
7136293.071	672.9	341.05	0.000001380	41.65	355.25
7136303.021	673.0	341.04	0.000001380	41.58	355.16
7136313.072	673.1	341.04	0.000001380	41.65	355.30
7136323.072	673.5	341.03	0.000001380	41.68	355.26
7136333.022	673.3	341.02	0.000001380	41.62	355.29
7136343.023	671.8	341.01	0.000001380	41.66	355.28
7136353.073	670.4	341.00	0.000001380	41.61	355.26
7136363.024	671.2	340.99	0.000001380	21.59	355.39
7136373.024	671.8	341.00	0.000001380	27.79	355.25
7136383.025	672.4	340.98	0.000001380	41.80	355.41
7136393.025	671.4	340.98	0.000001380	41.82	355.41
7136403.025	670.2	340.97	0.000001380	41.80	355.44
7136413.076	669.9	340.98	0.000001380	41.83	355.44
7136423.026	670.3	340.96	0.000001380	41.86	355.40
7136433.027	669.4	340.97	0.000001380	41.82	355.34
7136443.027	668.2	340.96	0.000001380	41.82	355.37
7136453.028	670.1	340.98	0.000001380	41.96	355.48
7136463.078	669.9	340.99	0.000001380	41.90	355.52
7136473.028	670.6	341.02	0.000001380	41.79	355.41
7136483.079	670.9	341.04	0.000001380	41.96	355.45
7136493.079	672.6	341.07	0.000001380	41.99	355.35
7136503.080	674.1	341.09	0.000001380	42.14	355.47
7136513.030	673.9	341.14	0.000001380	42.07	355.42
7136523.081	673.6	341.17	0.000001380	42.08	355.50
7136533.031	674.1	341.22	0.000001380	42.04	355.47
7136543.081	672.9	341.24	0.000001380	42.06	355.46
7136553.082	673.2	341.27	0.000001380	42.10	355.46
7136563.032	673.0	341.29	0.000001380	42.00	355.49
7136573.083	672.9	341.30	0.000001380	42.00	355.46
7136583.033	671.9	341.30	0.000001380	42.10	355.47
7136593.084	672.4	341.31	0.000001380	42.07	355.49
7136603.084	673.1	341.31	0.000001380	42.08	355.49
7136613.084	672.6	341.31	0.000001380	42.20	355.52
7136623.085	673.4	341.30	0.000001380	42.28	355.47
7136633.035	673.0	341.31	0.000001380	42.00	355.64
7136643.036	673.4	341.31	0.000001380	42.03	355.67
7136653.086	672.7	341.30	0.000001380	42.04	355.74
7136663.087	671.5	341.31	0.000001380	41.58	355.79
7136673.037	671.6	341.30	0.000001380	41.99	355.69
7136683.087	670.9	341.29	0.000001380	41.94	355.64
7136693.088	671.3	341.28	0.000001380	41.99	355.75
7136703.088	671.0	341.29	0.000001380	42.03	355.79
7136713.089	670.6	341.27	0.000001380	41.99	355.84
7136723.039	671.0	341.27	0.000001380	42.06	355.83
7136733.040	670.6	341.24	0.000001380	42.13	355.97
7136743.040	671.0	341.24	0.000001380	42.06	355.77
7136753.040	670.0	341.23	0.000001380	42.08	355.83
7136763.091	671.0	341.22	0.000001380	42.14	355.95
7136773.041	670.5	341.21	0.000001380	42.18	355.91
7136783.042	669.5	341.21	0.000001380	42.17	355.93
7136793.042	669.6	341.19	0.000001380	42.18	355.96
7136803.043	670.7	341.19	0.000001380	42.25	356.00
7136813.043	670.2	341.19	0.000001380	42.14	356.16
7136823.093	670.6	341.18	0.000001380	42.25	356.05
7136833.094	669.9	341.17	0.000001380	42.21	356.03
7136843.044	670.6	341.17	0.000001380	42.29	355.99
7136853.095	671.1	341.16	0.000001380	42.21	355.99
7136863.045	670.5	341.15	0.000001380	42.28	355.98
7136873.096	669.7	341.14	0.000001380	42.21	356.07
7136883.046	670.0	341.13	0.000001380	42.22	356.19
7136893.046	670.0	341.13	0.000001380	42.22	356.07
7136903.097	670.1	341.11	0.000001380	42.26	356.24
7136913.047	670.2	341.11	0.000001380	42.22	356.04
7136923.048	670.1	341.07	0.000001380	42.28	356.01
7136933.048	670.1	341.08	0.000001380	42.26	355.95
7136943.049	669.4	341.06	0.000001380	42.22	356.10
7136953.049	669.4	341.06	0.000001380	42.15	356.16
7136963.049	669.8	341.02	0.000001380	42.25	356.18
7136973.050	670.7	341.02	0.000001380	42.24	356.08
7136983.100	670.6	341.02	0.000001380	42.26	356.15
7136993.101	670.8	341.01	0.000001380	42.32	356.05
7137003.051	671.8	341.00	0.000001380	42.33	356.17
7137013.102	672.4	341.01	0.000001380	42.36	356.15
7137023.102	672.6	341.02	0.000001380	42.43	356.18
7137033.102	673.2	341.03	0.000001380	42.38	356.31
7137043.103	672.8	341.06	0.000001380	42.53	356.14
7137053.053	673.5	341.08	0.000001380	42.54	356.20
7137063.054	673.1	341.12	0.000001379	42.42	356.22
7137073.054	672.7	341.15	0.000001379	42.56	356.21
7137083.105	672.9	341.18	0.000001379	42.54	356.24
7137093.105	673.8	341.21	0.000001379	42.50	356.30
7137103.105	674.8	341.23	0.000001379	42.57	356.35
7137113.106	675.2	341.25	0.000001379	42.57	356.31
7137123.056	675.0	341.27	0.000001379	42.47	356.21
7137133.057	674.6	341.26	0.000001379	42.61	356.42
7137143.107	675.3	341.28	0.000001379	42.56	356.46
7137153.108	676.0	341.29	0.000001379	42.54	356.34
7137163.108	675.2	341.28	0.000001379	42.59	356.31
7137173.108	675.7	341.27	0.000001379	42.53	356.45
7137183.109	674.8	341.27	0.000001379	42.53	356.45
7137193.109	675.7	341.27	0.000001379	42.64	356.39
7137203.110	675.0	341.27	0.000001379	42.75	356.43
7137213.060	676.1	341.26	0.000001379	42.54	356.40
7137223.061	675.4	341.25	0.000001379	42.68	356.47
7137233.111	675.2	341.25	0.000001379	42.67	356.59
7137243.061	675.0	341.25	0.000001379	42.53	356.42
7137253.112	673.6	341.25	0.000001379	40.21	356.47
7137263.062	673.5	341.23	0.000001379	42.54	356.61
7137273.113	672.7	341.24	0.000001379	32.34	356.54
7137283.113	671.8	341.22	0.000001379	41.84	356.55
7137293.064	671.3	341.23	0.000001379	38.37	356.60
7137303.064	671.2	341.22	0.000001379	39.33	356.53
7137313.114	671.1	341.20	0.000001379	37.06	356.52
7137323.065	669.4	341.20	0.000001380	33.91	356.58
7137333.065	669.6	341.18	0.000001380	30.96	356.63
7137343.116	668.8	341.17	0.000001380	27.39	356.73
7137353.066	668.4	341.19	0.000001380	23.84	356.88
7137363.067	667.3	341.17	0.000001380	20.20	356.93
7137373.067	668.1	341.17	0.000001380	16.61	357.15
7137383.117	668.3	341.17	0.000001380	13.08	357.04
7137393.118	666.5	341.16	0.000001380	9.75	356.79
7137403.068	667.1	341.15	0.000001380	6.83	356.54
7137413.119	666.0	341.13	0.000001380	10.10	356.14
7137423.119	664.5	341.12	0.000001380	8.30	355.68
7137433.120	664.8	341.12	0.000001380	6.54	354.93
7137443.120	655.2	341.12	0.000001380	4.88	354.00
7137453.070	624.8	341.10	0.000001380	3.41	352.79
7137463.121	590.4	341.09	0.000001380	2.11	351.63
7137473.121	549.3	341.08	0.000001380	1.18	350.46
7137483.122	502.7	341.07	0.000001380	0.57	349.29
7137493.072	453.5	341.07	0.000001381	0.22	348.01
7137503.122	399.7	341.05	0.000001381	0.04	346.81
7137513.073	346.2	341.03	0.000001381	0.00	345.64
7137523.123	291.6	341.04	0.000001381	0.00	344.57
7137533.124	225.1	341.02	0.000001382	0.00	343.40
7137543.074	175.1	341.00	0.000001382	0.00	342.60
7137553.075	127.0	341.00	0.000001382	0.00	341.89
7137563.125	84.7	340.98	0.000001383	0.00	341.34
7137573.075	48.7	341.00	0.000001383	0.00	340.85
7137583.076	20.1	341.00	0.000001383	0.00	340.40
7137593.126	4.3	341.04	0.000001383	0.00	340.06
7137603.127	2.5	341.07	0.000001384	0.00	339.64
7137613.127	2.3	341.10	0.000001384	0.00	339.36
7137623.078	2.3	341.13	0.000001384	0.00	339.11
7137633.128	2.2	341.13	0.000001384	0.00	338.88
7137643.128	2.1	341.17	0.000001384	0.00	338.67
7137653.129	2.1	341.19	0.000001384	0.00	338.48
7137663.129	1.7	341.22	0.000001384	0.00	338.25
7137673.130	1.5	341.24	0.000001384	0.00	338.10
7137683.130	1.5	341.24	0.000001385	0.00	337.96
7137693.131	1.5	341.24	0.000001385	0.00	337.81
7137703.131	1.4	341.25	0.000001385	0.00	337.66
7137713.081	1.4	341.25	0.000001385	0.00	337.55
7137723.082	1.4	341.25	0.000001385	0.00	337.41
7137733.132	1.4	341.24	0.000001385	0.00	337.31
7137743.083	1.3	341.22	0.000001385	0.00	337.21
7137753.133	1.3	341.22	0.000001385	0.00	337.13
7137763.134	1.3	340.98	0.000001386	0.00	337.02
7137773.134	1.4	340.51	0.000001387	0.00	337.21
7137783.084	1.3	340.24	0.000001388	0.00	337.11
7137793.135	1.3	339.99	0.000001388	0.00	336.91
7137803.135	1.3	339.68	0.000001388	0.00	336.75
7137813.136	1.3	339.37	0.000001389	0.00	336.59
7137823.136	1.3	338.96	0.000001389	0.00	336.48
7137833.087	1.3	338.60	0.000001390	0.00	336.39
7137843.137	1.3	338.24	0.000001390	0.00	336.32
7137853.087	1.3	337.90	0.000001390	0.00	336.21
7137863.138	1.2	337.58	0.000001391	0.00	336.11
7137873.138	1.3	337.22	0.000001391	0.00	336.03
7137883.089	1.3	336.76	0.000001391	0.00	335.90
7137893.089	1.3	336.40	0.000001392	0.00	335.82
7137903.140	1.3	336.01	0.000001392	0.00	335.71
7137913.140	1.2	335.62	0.000001392	0.00	335.57
7137923.140	1.2	335.21	0.000001392	0.00	335.44
3.14e7	1.2	335.21	0.000001392	0.00	335.44
