#1	
float	Flow(1780,2)
0	0
7123322.711	0.000003236
7123522.37	0.000003242
7123822.333	0
7123832.383	0
7123842.334	0
7123852.334	0
7123862.335	0
7123872.385	0
7123882.335	0
7123892.336	0
7123902.386	0
7123912.387	0
7123922.387	0
7123932.338	0
7123942.388	0
7123952.388	0
7123962.389	0
7123972.339	0
7123982.39	0
7123992.34	0
7124002.391	0
7124012.391	0
7124022.391	0
7124032.392	0
7124042.392	0
7124052.343	0
7124062.393	0
7124072.394	0
7124082.394	0
7124092.344	0
7124102.395	0
7124112.395	0
7124122.346	0
7124132.396	0
7124142.397	0
7124152.397	0
7124162.347	0
7124172.398	0
7124182.348	0
7124192.399	0
7124202.399	0
7124212.4	0
7124222.4	0
7124232.4	0
7124242.401	0
7124252.401	0
7124262.402	0
7124272.352	0
7124282.403	0
7124292.403	0
7124302.403	0
7124312.354	0
7124322.354	0
7124332.405	0
7124342.405	0
7124352.356	0
7124362.356	0
7124372.356	0
7124382.407	0
7124392.407	0
7124402.408	0
7124412.358	0
7124422.409	0
7124432.409	0
7124442.409	0
7124452.41	0
7124462.36	0
7124472.361	0
7124482.361	0
7124492.362	0
7124502.362	0
7124512.412	0
7124522.363	0
7124532.413	0
7124542.414	0
7124552.364	0
7124562.415	0
7124572.415	0
7124582.415	0
7124592.416	0
7124602.416	0
7124612.367	0
7124622.367	0
7124632.418	0
7124642.418	0
7124652.418	0
7124662.419	0
7124672.369	0
7124682.42	0
7124692.37	0
7124702.371	0
7124712.421	0
7124722.371	0
7124732.372	0
7124742.422	0
7124752.423	0
7124762.373	0
7124772.424	0
7124782.424	0
7124792.424	0
7124802.425	0
7124812.375	0
7124822.376	0
7124832.426	0
7124842.427	0
7124852.427	0
7124862.427	0
7124872.378	0
7124882.378	0
7124892.379	0
7124902.429	0
7124912.38	0
7124922.43	0
7124932.43	0
7124942.381	0
7124952.431	0
7124962.432	0
7124972.382	0
7124982.433	0
7124992.433	0
7125002.383	0
7125012.434	0
7125022.434	0
7125032.435	0
7125042.435	0
7125052.436	0
7125062.436	0
7125072.436	0
7125082.437	0
7125092.437	0
7125102.388	0
7125112.388	0
7125122.439	0
7125132.389	0
7125142.439	0
7125152.44	0
7125162.44	0
7125172.441	0
7125182.441	0
7125192.441	0
7125202.392	0
7125212.442	0
7125222.443	0
7125232.393	0
7125242.394	0
7125252.444	0
7125262.444	0
7125272.445	0
7125282.445	0
7125292.396	0
7125302.396	0
7125312.397	0
7125322.447	0
7125332.447	0
7125342.448	0
7125352.398	0
7125362.449	0
7125372.399	0
7125382.45	0
7125392.4	0
7125402.45	0
7125412.451	0
7125422.401	0
7125432.452	0
7125442.402	0
7125452.453	0
7125462.453	0
7125472.403	0
7125482.404	0
7125492.404	0
7125502.405	0
7125512.405	0
7125522.456	0
7125532.456	0
7125542.406	0
7125552.457	0
7125562.407	0
7125572.458	0
7125582.408	0
7125592.459	0
7125602.459	0
7125612.409	0
7125622.46	0
7125632.46	0
7125642.411	0
7125652.411	0
7125662.412	0
7125672.462	0
7125682.412	0
7125692.463	0
7125702.463	0
7125712.464	0
7125722.414	0
7125732.465	0
7125742.465	0
7125752.415	0
7125762.466	0
7125772.416	0
7125782.467	0
7125792.467	0
7125802.468	0
7125812.468	0
7125822.468	0
7125832.469	0
7125842.469	0
7125852.47	0
7125862.42	0
7125872.471	0
7125882.471	0
7125892.471	0
7125902.422	0
7125912.422	0
7125922.473	0
7125932.473	0
7125942.474	0
7125952.474	0
7125962.424	0
7125972.475	0
7125982.475	0
7125992.476	0
7126002.476	0
7126012.477	0
7126022.477	0
7126032.427	0
7126042.428	0
7126052.478	0
7126062.429	0
7126072.429	0
7126082.48	0
7126092.48	0
7126102.43	0
7126112.481	0
7126122.481	0
7126132.432	0
7126142.482	0
7126152.433	0
7126162.483	0
7126172.483	0
7126182.484	0
7126192.434	0
7126202.485	0
7126212.435	0
7126222.436	0
7126232.486	0
7126242.436	0
7126252.487	0
7126262.437	0
7126272.488	0
7126282.488	0
7126292.439	0
7126302.489	0
7126312.489	0
7126322.49	0
7126332.44	0
7126342.491	0
7126352.441	0
7126362.442	0
7126372.492	0
7126382.442	0
7126392.493	0
7126402.443	0
7126412.444	0
7126422.444	0
7126432.445	0
7126442.445	0
7126452.495	0
7126462.446	0
7126472.496	0
7126482.497	0
7126492.497	0
7126502.498	0
7126512.498	0
7126522.498	0
7126532.499	0
7126542.499	0
7126552.5	0
7126562.5	0
7126572.451	0
7126582.501	0
7126592.501	0
7126602.502	0
7126612.502	0
7126622.503	0
7126632.453	0
7126642.504	0
7126652.504	0
7126662.454	0
7126672.505	0
7126682.455	0
7126692.506	0
7126702.506	0
7126712.507	0
7126722.457	0
7126732.457	0
7126742.458	0
7126752.458	0
7126762.509	0
7126772.509	0
7126782.46	0
7126792.51	0
7126802.46	0
7126812.461	0
7126822.461	0
7126832.512	0
7126842.462	0
7126852.463	0
7126862.463	0
7126872.513	0
7126882.464	0
7126892.514	0
7126902.515	0
7126912.515	0
7126922.466	0
7126932.516	0
7126942.516	0
7126952.517	0
7126962.517	0
7126972.468	0
7126982.468	0
7126992.519	0
7127002.519	0
7127012.519	0
7127022.52	0
7127032.52	0
7127042.521	0
7127052.471	0
7127062.472	0
7127072.472	0
7127082.522	0
7127092.473	0
7127102.523	0
7127112.524	0
7127122.524	0
7127132.475	0
7127142.475	0
7127152.525	0
7127162.476	0
7127172.476	0
7127182.527	0
7127192.477	0
7127202.478	0
7127212.478	0
7127222.478	0
7127232.529	0
7127242.529	0
7127252.48	0
7127262.48	0
7127272.531	0
7127282.531	0
7127292.481	0
7127302.482	0
7127312.482	0
7127322.533	0
7127332.483	0
7127342.484	0
7127352.534	0
7127362.484	0
7127372.535	0
7127382.535	0
7127392.486	0
7127402.486	0
7127412.537	0
7127422.487	0
7127432.537	0
7127442.538	0
7127452.538	0
7127462.539	0
7127472.489	0
7127482.54	0
7127492.49	0
7127502.54	0
7127512.491	0
7127522.491	0
7127532.542	0
7127542.542	0
7127552.543	0
7127562.543	0
7127572.493	0
7127582.544	0
7127592.544	0
7127602.545	0
7127612.495	0
7127622.546	0
7127632.546	0
7127642.496	0
7127652.497	0
7127662.497	0
7127672.548	0
7127682.548	0
7127692.549	0
7127702.549	0
7127712.549	0
7127722.5	0
7127732.5	0
7127742.501	0
7127752.501	0
7127762.502	0
7127772.552	0
7127782.552	0
7127792.503	0
7127802.553	0
7127812.504	0
7127822.554	0
7127832.505	0
7127842.505	0
7127852.555	0
7127862.556	0
7127872.506	0
7127882.507	0
7127892.557	0
7127902.557	0
7127912.558	0
7127922.558	0
7127932.509	0
7127942.559	0
7127952.56	0
7127962.56	0
7127972.56	0
7127982.561	0
7127992.511	0
7128002.512	0
7128012.512	0
7128022.563	0
7128032.563	0
7128042.513	0
7128052.514	0
7128062.514	0
7128072.565	0
7128082.565	0
7128092.516	0
7128102.516	0
7128112.566	0
7128122.567	0
7128132.567	0
7128142.568	0
7128152.518	0
7128162.519	0
7128172.569	0
7128182.569	0
7128192.57	0
7128202.52	0
7128212.571	0
7128222.571	0
7128232.522	0
7128242.522	0
7128252.572	0
7128262.523	0
7128272.573	0
7128282.574	0
7128292.574	0
7128302.575	0
7128312.525	0
7128322.575	0
7128332.526	0
7128342.526	0
7128352.577	0
7128362.527	0
7128372.528	0
7128382.528	0
7128392.578	0
7128402.579	0
7128412.579	0
7128422.58	0
7128432.58	0
7128442.581	0
7128452.581	0
7128462.531	0
7128472.582	0
7128482.582	0
7128492.533	0
7128502.583	0
7128512.534	0
7128522.584	0
7128532.534	0
7128542.535	0
7128552.585	0
7128562.536	0
7128572.586	0
7128582.537	0
7128592.537	0
7128602.587	0
7128612.538	0
7128622.588	0
7128632.589	0
7128642.589	0
7128652.59	0
7128662.54	0
7128672.59	0
7128682.591	0
7128692.591	0
7128702.592	0
7128712.592	0
7128722.593	0
7128732.543	0
7128742.593	0
7128752.594	0
7128762.594	0
7128772.595	0
7128782.595	0
7128792.596	0
7128802.546	0
7128812.546	0
7128822.597	0
7128832.597	0
7128842.598	0
7128852.598	0
7128862.599	0
7128872.549	0
7128882.599	0
7128892.6	0
7128902.6	0
7128912.601	0
7128922.551	0
7128932.602	0
7128942.552	0
7128952.602	0
7128962.603	0
7128972.553	0
7128982.604	0
7128992.554	0
7129002.605	0
7129012.555	0
7129022.605	0
7129032.606	0
7129042.556	0
7129052.557	0
7129062.607	0
7129072.558	0
7129082.558	0
7129092.608	0
7129102.609	0
7129112.559	0
7129122.61	0
7129132.61	0
7129142.611	0
7129152.561	0
7129162.611	0
7129172.612	0
7129182.612	0
7129192.613	0
7129202.613	0
7129212.614	0
7129222.614	0
7129232.614	0
7129242.615	0
7129252.615	0
7129262.566	0
7129272.616	0
7129282.617	0
7129292.617	0
7129302.617	0
7129312.618	0
7129322.618	0
7129332.619	0
7129342.619	0
7129352.57	0
7129362.62	0
7129372.62	0
7129382.621	0
7129392.621	0
7129402.622	0
7129412.622	0
7129422.623	0
7129432.623	0
7129442.623	0
7129452.574	0
7129462.574	0
7129472.625	0
7129482.625	0
7129492.626	0
7129502.626	0
7129512.626	0
7129522.627	0
7129532.627	0
7129542.628	0
7129552.628	0
7129562.629	0
7129572.579	0
7129582.579	0
7129592.58	0
7129602.63	0
7129612.631	0
7129622.631	0
7129632.582	0
7129642.582	0
7129652.582	0
7129662.633	0
7129672.583	0
7129682.584	0
7129692.634	0
7129702.635	0
7129712.585	0
7129722.585	0
7129732.636	0
7129742.636	0
7129752.637	0
7129762.637	0
7129772.638	0
7129782.638	0
7129792.638	0
7129802.639	0
7129812.589	0
7129822.64	0
7129832.64	0
7129842.641	0
7129852.641	0
7129862.591	0
7129872.642	0
7129882.592	0
7129892.643	0
7129902.643	0
7129912.644	0
7129922.594	0
7129932.594	0
7129942.595	0
7129952.595	0
7129962.596	0
7129972.646	0
7129982.647	0
7129992.597	0
7130002.597	0
7130012.648	0
7130022.648	0
7130032.599	0
7130042.649	0
7130052.6	0
7130062.6	0
7130072.65	0
7130082.651	0
7130092.651	0
7130102.652	0
7130112.652	0
7130122.603	0
7130132.653	0
7130142.653	0
7130152.654	0
7130162.654	0
7130172.605	0
7130182.655	0
7130192.606	0
7130202.606	0
7130212.606	0
7130222.657	0
7130232.657	0
7130242.658	0
7130252.658	0
7130262.659	0
7130272.659	0
7130282.609	0
7130292.61	0
7130302.66	0
7130312.661	0
7130322.611	0
7130332.662	0
7130342.662	0
7130352.662	0
7130362.613	0
7130372.663	0
7130382.614	0
7130392.614	0
7130402.615	0
7130412.665	0
7130422.665	0
7130432.666	0
7130442.666	0
7130452.617	0
7130462.617	0
7130472.618	0
7130482.668	0
7130492.668	0
7130502.669	0
7130512.619	0
7130522.67	0
7130532.67	0
7130542.67	0
7130552.671	0
7130562.621	0
7130572.672	0
7130582.622	0
7130592.673	0
7130602.673	0
7130612.673	0
7130622.624	0
7130632.674	0
7130642.625	0
7130652.625	0
7130662.676	0
7130672.676	0
7130682.676	0
7130692.677	0
7130702.627	0
7130712.678	0
7130722.678	0
7130732.629	0
7130742.679	0
7130752.629	0
7130762.68	0
7130772.63	0
7130782.681	0
7130792.631	0
7130802.632	0
7130812.682	0
7130822.632	0
7130832.633	0
7130842.683	0
7130852.634	0
7130862.684	0
7130872.635	0
7130882.685	0
7130892.635	0
7130902.636	0
7130912.636	0
7130922.637	0
7130932.637	0
7130942.688	0
7130952.638	0
7130962.638	0
7130972.689	0
7130982.639	0
7130992.64	0
7131002.69	0
7131012.691	0
7131022.641	0
7131032.691	0
7131042.642	0
7131052.692	0
7131062.643	0
7131072.643	0
7131082.694	0
7131092.644	0
7131102.694	0
7131112.695	0
7131122.645	0
7131132.696	0
7131142.696	0
7131152.647	0
7131162.697	0
7131172.697	0
7131182.698	0
7131192.698	0
7131202.649	0
7131212.699	0
7131222.7	0
7131232.65	0
7131242.65	0
7131252.651	0
7131262.651	0
7131272.652	0
7131282.652	0
7131292.703	0
7131302.703	0
7131312.703	0
7131322.704	0
7131332.654	0
7131342.655	0
7131352.655	0
7131362.706	0
7131372.656	0
7131382.656	0
7131392.707	0
7131402.707	0
7131412.658	0
7131422.658	0
7131432.659	0
7131442.709	0
7131452.709	0
7131462.71	0
7131472.66	0
7131482.711	0
7131492.711	0
7131502.712	0
7131512.712	0
7131522.712	0
7131532.663	0
7131542.663	0
7131552.714	0
7131562.664	0
7131572.665	0
7131582.715	0
7131592.665	0
7131602.716	0
7131612.716	0
7131622.667	0
7131632.667	0
7131642.668	0
7131652.718	0
7131662.668	0
7131672.719	0
7131682.719	0
7131692.67	0
7131702.67	0
7131712.671	0
7131722.721	0
7131732.721	0
7131742.722	0
7131752.722	0
7131762.723	0
7131772.723	0
7131782.724	0
7131792.674	0
7131802.674	0
7131812.675	0
7131822.675	0
7131832.676	0
7131842.726	0
7131852.677	0
7131862.727	0
7131872.727	0
7131882.678	0
7131892.678	0
7131902.679	0
7131912.729	0
7131922.73	0
7131932.73	0
7131942.73	0
7131952.681	0
7131962.731	0
7131972.732	0
7131982.682	0
7131992.733	0
7132002.733	0
7132012.733	0
7132022.734	0
7132032.734	0
7132042.735	0
7132052.735	0
7132062.736	0
7132072.736	0
7132082.686	0
7132092.737	0
7132102.737	0
7132112.738	0
7132122.688	0
7132132.689	0
7132142.739	0
7132152.739	0
7132162.69	0
7132172.74	0
7132182.741	0
7132192.691	0
7132202.692	0
7132212.742	0
7132222.692	0
7132232.693	0
7132242.693	0
7132252.744	0
7132262.694	0
7132272.745	0
7132282.745	0
7132292.745	0
7132302.696	0
7132312.696	0
7132322.747	0
7132332.697	0
7132342.748	0
7132352.748	0
7132362.748	0
7132372.749	0
7132382.699	0
7132392.75	0
7132402.7	0
7132412.751	0
7132422.751	0
7132432.701	0
7132442.752	0
7132452.752	0
7132462.753	0
7132472.703	0
7132482.754	0
7132492.704	0
7132502.754	0
7132512.755	0
7132522.755	0
7132532.756	0
7132542.756	0
7132552.757	0
7132562.707	0
7132572.707	0
7132582.758	0
7132592.708	0
7132602.709	0
7132612.759	0
7132622.76	0
7132632.76	0
7132642.76	0
7132652.761	0
7132662.761	0
7132672.762	0
7132682.712	0
7132692.713	0
7132702.763	0
7132712.763	0
7132722.714	0
7132732.764	0
7132742.765	0
7132752.765	0
7132762.766	0
7132772.766	0
7132782.766	0
7132792.767	0
7132802.767	0
7132812.768	0
7132822.768	0
7132832.719	0
7132842.719	0
7132852.769	0
7132862.72	0
7132872.77	0
7132882.771	0
7132892.721	0
7132902.772	0
7132912.772	0
7132922.722	0
7132932.723	0
7132942.773	0
7132952.724	0
7132962.774	0
7132972.775	0
7132982.775	0
7132992.725	0
7133002.776	0
7133012.776	0
7133022.777	0
7133032.777	0
7133042.778	0
7133052.728	0
7133062.778	0
7133072.779	0
7133082.779	0
7133092.73	0
7133102.78	0
7133112.781	0
7133122.781	0
7133132.731	0
7133142.782	0
7133152.732	0
7133162.733	0
7133172.783	0
7133182.783	0
7133192.734	0
7133202.784	0
7133212.735	0
7133222.785	0
7133232.786	0
7133242.736	0
7133252.786	0
7133262.737	0
7133272.787	0
7133282.788	0
7133292.788	0
7133302.789	0
7133312.789	0
7133322.789	0
7133332.74	0
7133342.74	0
7133352.791	0
7133362.741	0
7133372.742	0
7133382.742	0
7133392.792	0
7133402.743	0
7133412.793	0
7133422.794	0.000001385
7133432.744	0.000001384
7133442.745	0.000001384
7133452.795	0.000001383
7133462.795	0.000001383
7133472.746	0.000001383
7133482.796	0.000001382
7133492.797	0.000001382
7133502.797	0.000001382
7133512.798	0.000001382
7133522.798	0.000001382
7133532.748	0.000001382
7133542.749	0.000001381
7133552.749	0.000001381
7133562.8	0.000001381
7133572.75	0.000001381
7133582.751	0.000001381
7133592.751	0.000001381
7133602.751	0.000001381
7133612.802	0.000001381
7133622.802	0.000001381
7133632.753	0.000001381
7133642.753	0.000001381
7133652.804	0.000001381
7133662.804	0.000001381
7133672.804	0.000001381
7133682.805	0.000001381
7133692.805	0.000001381
7133702.806	0.000001381
7133712.756	0.000001381
7133722.807	0.000001381
7133732.807	0.000001381
7133742.757	0.000001381
7133752.808	0.000001381
7133762.808	0.000001381
7133772.759	0.000001381
7133782.809	0.000001381
7133792.76	0.000001381
7133802.76	0.000001381
7133812.76	0.000001381
7133822.761	0.000001381
7133832.811	0.000001381
7133842.812	0.000001381
7133852.762	0.000001381
7133862.763	0.000001381
7133872.813	0.000001381
7133882.813	0.000001381
7133892.814	0.000001381
7133902.764	0.000001381
7133912.765	0.000001381
7133922.765	0.000001381
7133932.766	0.000001381
7133942.816	0.000001381
7133952.816	0.000001381
7133962.767	0.000001381
7133972.767	0.000001381
7133982.818	0.000001381
7133992.818	0.000001381
7134002.769	0.000001381
7134012.769	0.000001381
7134022.819	0.000001381
7134032.77	0.000001381
7134042.82	0.000001381
7134052.821	0.000001381
7134062.821	0.000001381
7134072.772	0.000001381
7134082.772	0.000001381
7134092.772	0.000001381
7134102.823	0.000001381
7134112.773	0.000001381
7134122.824	0.000001381
7134132.824	0.000001381
7134142.775	0.000001381
7134152.775	0.000001381
7134162.775	0.000001381
7134172.776	0.000001381
7134182.776	0.000001381
7134192.827	0.000001381
7134202.777	0.000001381
7134212.778	0.000001381
7134222.828	0.000001381
7134232.828	0.000001382
7134242.779	0.000001382
7134252.829	0.000001382
7134262.83	0.000001382
7134272.83	0.000001382
7134282.831	0.000001382
7134292.831	0.000001382
7134302.781	0.000001382
7134312.832	0.000001382
7134322.782	0.000001382
7134332.833	0.000001382
7134342.783	0.000001382
7134352.834	0.000001382
7134362.834	0.000001382
7134372.834	0.000001382
7134382.785	0.000001382
7134392.785	0.000001382
7134402.786	0.000001382
7134412.836	0.000001382
7134422.837	0.000001382
7134432.837	0.000001382
7134442.787	0.000001382
7134452.838	0.000001382
7134462.838	0.000001382
7134472.839	0.000001382
7134482.789	0.000001382
7134492.84	0.000001382
7134502.84	0.000001382
7134512.79	0.000001382
7134522.791	0.000001382
7134532.841	0.000001383
7134542.842	0.000001383
7134552.842	0.000001383
7134562.793	0.000001383
7134572.793	0.000001383
7134582.793	0.000001383
7134592.794	0.000001383
7134602.844	0.000001383
7134612.845	0.000001383
7134622.795	0.000001383
7134632.846	0.000001383
7134642.846	0.000001383
7134652.846	0.000001383
7134662.847	0.000001383
7134672.847	0.000001383
7134682.848	0.000001383
7134692.848	0.000001383
7134702.849	0.000001383
7134712.849	0.000001383
7134722.849	0.000001383
7134732.85	0.000001383
7134742.8	0.000001383
7134752.851	0.000001383
7134762.851	0.000001383
7134772.852	0.000001383
7134782.802	0.000001383
7134792.852	0.000001383
7134802.803	0.000001383
7134812.803	0.000001384
7134822.804	0.000001384
7134832.854	0.000001384
7134842.805	0.000001384
7134852.855	0.000001384
7134862.805	0.000001384
7134872.856	0.000001384
7134882.856	0.000001384
7134892.807	0.000001384
7134902.807	0.000001384
7134912.808	0.000001384
7134922.808	0.000001384
7134932.808	0.000001384
7134942.859	0.000001384
7134952.859	0.000001384
7134962.81	0.000001384
7134972.81	0.000001384
7134982.861	0.000001384
7134992.811	0.000001384
7135002.861	0.000001384
7135012.862	0.000001384
7135022.862	0.000001384
7135032.863	0.000001384
7135042.813	0.000001384
7135052.864	0.000001385
7135062.864	0.000001385
7135072.864	0.000001385
7135082.815	0.000001385
7135092.815	0.000001385
7135102.866	0.000001385
7135112.816	0.000001385
7135122.817	0.000001385
7135132.867	0.000001385
7135142.817	0.000001385
7135152.818	0.000001385
7135162.818	0.000001385
7135172.869	0.000001385
7135182.869	0.000001385
7135192.87	0.000001385
7135202.82	0.000001385
7135212.87	0.000001385
7135222.871	0.000001385
7135232.871	0.000001385
7135242.822	0.000001385
7135252.822	0.000001385
7135262.823	0.000001385
7135272.873	0.000001385
7135282.823	0.000001386
7135292.874	0.000001386
7135302.824	0.000001386
7135312.825	0.000001386
7135322.875	0.000001386
7135332.826	0.000001386
7135342.826	0.000001386
7135352.826	0.000001386
7135362.827	0.000001386
7135372.827	0.000001386
7135382.828	0.000001386
7135392.878	0.000001386
7135402.829	0.000001386
7135412.879	0.000001386
7135422.879	0.000001386
7135432.83	0.000001386
7135442.83	0.000001386
7135452.881	0.000001386
7135462.831	0.000001386
7135472.832	0.000001386
7135482.832	0.000001386
7135492.832	0.000001386
7135502.833	0.000001386
7135512.833	0.000001386
7135522.884	0.000001386
7135532.884	0.000001386
7135542.885	0.000001386
7135552.835	0.000001386
7135562.885	0.000001386
7135572.836	0.000001386
7135582.836	0.000001386
7135592.837	0.000001386
7135602.837	0.000001386
7135612.888	0.000001386
7135622.838	0.000001386
7135632.838	0.000001386
7135642.839	0.000001386
7135652.839	0.000001386
7135662.84	0.000001386
7135672.89	0.000001386
7135682.841	0.000001386
7135692.891	0.000001386
7135702.891	0.000001386
7135712.892	0.000001386
7135722.842	0.000001386
7135732.843	0.000001386
7135742.893	0.000001386
7135752.844	0.000001386
7135762.844	0.000001386
7135772.844	0.000001386
7135782.895	0.000001386
7135792.895	0.000001386
7135802.896	0.000001387
7135812.896	0.000001387
7135822.896	0.000001387
7135832.897	0.000001387
7135842.897	0.000001387
7135852.848	0.000001387
7135862.898	0.000001387
7135872.899	0.000001387
7135882.849	0.000001387
7135892.899	0.000001387
7135902.85	0.000001387
7135912.85	0.000001387
7135922.851	0.000001387
7135932.901	0.000001387
7135942.902	0.000001387
7135952.902	0.000001387
7135962.852	0.000001387
7135972.853	0.000001387
7135982.853	0.000001387
7135992.904	0.000001387
7136002.854	0.000001387
7136012.855	0.000001387
7136022.855	0.000001387
7136032.905	0.000001387
7136042.906	0.000001387
7136052.856	0.000001386
7136062.907	0.000001387
7136072.857	0.000001387
7136082.908	0.000001387
7136092.858	0.000001387
7136102.908	0.000001387
7136112.909	0.000001387
7136122.909	0.000001387
7136132.91	0.000001387
7136142.91	0.000001387
7136152.861	0.000001387
7136162.911	0.000001387
7136172.911	0.000001387
7136182.862	0.000001387
7136192.862	0.000001387
7136202.913	0.000001387
7136212.863	0.000001387
7136222.914	0.000001387
7136232.864	0.000001387
7136242.914	0.000001387
7136252.865	0.000001387
7136262.865	0.000001387
7136272.916	0.000001387
7136282.916	0.000001387
7136292.917	0.000001387
7136302.867	0.000001387
7136312.867	0.000001387
7136322.918	0.000001387
7136332.868	0.000001387
7136342.869	0.000001387
7136352.919	0.000001387
7136362.87	0.000001387
7136372.87	0.000001387
7136382.92	0.000001387
7136392.921	0.000001387
7136402.871	0.000001387
7136412.872	0.000001387
7136422.922	0.000001387
7136432.873	0.000001387
7136442.873	0.000001387
7136452.873	0.000001387
7136462.874	0.000001387
7136472.874	0.000001387
7136482.875	0.000001387
7136492.875	0.000001387
7136502.926	0.000001387
7136512.876	0.000001387
7136522.926	0.000001387
7136532.927	0.000001387
7136542.927	0.000001387
7136552.878	0.000001387
7136562.878	0.000001387
7136572.929	0.000001387
7136582.879	0.000001387
7136592.879	0.000001387
7136602.93	0.000001387
7136612.93	0.000001388
7136622.881	0.000001388
7136632.931	0.000001388
7136642.882	0.000001388
7136652.932	0.000001388
7136662.932	0.000001388
7136672.883	0.000001388
7136682.883	0.000001388
7136692.884	0.000001388
7136702.884	0.000001388
7136712.885	0.000001388
7136722.885	0.000001388
7136732.885	0.000001388
7136742.936	0.000001388
7136752.936	0.000001388
7136762.937	0.000001388
7136772.887	0.000001388
7136782.938	0.000001388
7136792.888	0.000001388
7136802.938	0.000001388
7136812.939	0.000001388
7136822.889	0.000001388
7136832.89	0.000001388
7136842.89	0.000001388
7136852.891	0.000001388
7136862.891	0.000001388
7136872.891	0.000001388
7136882.942	0.000001388
7136892.892	0.000001388
7136902.893	0.000001388
7136912.943	0.000001388
7136922.944	0.000001388
7136932.944	0.000001388
7136942.894	0.000001388
7136952.895	0.000001388
7136962.945	0.000001388
7136972.946	0.000001388
7136982.896	0.000001388
7136992.897	0.000001388
7137002.947	0.000001388
7137012.947	0.000001388
7137022.948	0.000001388
7137032.898	0.000001388
7137042.899	0.000001388
7137052.899	0.000001388
7137062.9	0.000001388
7137072.9	0.000001388
7137082.95	0.000001388
7137092.901	0.000001388
7137102.951	0.000001388
7137112.902	0.000001388
7137122.952	0.000001388
7137132.953	0.000001388
7137142.903	0.000001388
7137152.903	0.000001388
7137162.954	0.000001388
7137172.904	0.000001387
7137182.955	0.000001387
7137192.905	0.000001387
7137202.956	0.000001387
7137212.956	0.000001386
7137222.956	0.000001386
7137232.957	0.000001386
7137242.907	0.000001386
7137252.958	0.000001385
7137262.958	0.000001385
7137272.959	0.000001385
7137282.909	0.000001385
7137292.959	0.000001385
7137302.91	0.000001385
7137312.91	0.000001384
7137322.961	0.000001384
7137332.911	0.000001384
7137342.912	0.000001384
7137352.962	0.000001384
7137362.962	0.000001384
7137372.913	0.000001384
7137382.963	0.000001384
7137392.964	0.000001384
7137402.964	0.000001384
7137412.965	0.000001384
7137422.915	0.000001384
7137432.965	0.000001384
7137442.916	0.000001384
7137452.966	0.000001384
7137462.967	0.000001384
7137472.967	0.000001384
7137482.918	0.000001384
7137492.918	0.000001384
7137502.968	0.000001384
7137512.969	0.000001384
7137522.919	0.000001384
7137532.97	0.000001384
7137542.92	0.000001384
7137552.921	0.000001384
7137562.971	0.000001384
7137572.921	0.000001384
7137582.922	0.000001383
7137592.922	0.000001383
7137602.923	0.000001383
7137612.923	0.000001383
7137622.924	0.000001383
7137632.924	0.000001383
7137642.974	0.000001383
7137652.925	0.000001383
7137662.925	0.000001383
7137672.926	0.000001383
7137682.926	0.000001383
7137692.977	0.000001382
7137702.927	0.000001382
7137712.977	0.000001382
7137722.978	0.000001382
7137732.928	0.000001382
7137742.979	0.000001382
7137752.929	0.000001382
7137762.93	0.000001382
7137772.98	0.000001383
7137782.98	0.000001383
7137792.931	0.000001383
7137802.931	0.000001383
7137812.932	0.000001383
7137822.932	0.000001383
7137832.983	0.000001383
7137842.983	0.000001383
7137852.983	0.000001383
7137862.934	0.000001383
7137872.984	0.000001383
7137882.935	0.000001383
7137892.935	0.000001383
7137902.936	0.000001383
7137912.986	0.000001383
7137922.986	0.000001383
7137932.987	0.000001383
7137942.937	0.000001383
7137952.938	0.000001383
7137962.988	0.000001383
7137972.939	0.000001382
7137982.989	0.000001382
7137992.989	0.000001382
7138002.99	0.000001382
7138012.94	0.000001382
7138022.941	0.000001382
7138032.941	0.000001382
7138042.942	0.000001382
7138052.992	0.000001382
7138062.942	0.000001382
7138072.993	0.000001382
7138082.943	0.000001382
7138092.994	0.000001382
7138102.944	0.000001382
7138112.945	0.000001382
7138122.945	0.000001382
7138132.945	0.000001382
7138142.996	0.000001382
7138152.946	0.000001382
7138162.947	0.000001382
7138172.947	0.000001382
7138182.948	0.000001382
7138192.948	0.000001382
7138202.998	0.000001382
7138212.999	0.000001382
7138222.949	0.000001382
7138232.95	0.000001382
7138243	0.000001382
7138252.951	0.000001382
7138262.951	0.000001382
7138273.001	0.000001382
7138282.952	0.000001382
7138292.952	0.000001382
7138302.953	0.000001382
7138312.953	0.000001382
7138322.954	0.000001382
7138333.004	0.000001382
7138343.004	0.000001382
7138352.955	0.000001382
7138363.005	0.000001382
7138372.956	0.000001382
7138382.956	0.000001382
7138392.957	0.000001382
7138402.957	0.000001382
7138412.957	0.000001382
7138422.958	0.000001382
7138432.958	0.000001382
7138442.959	0.000001382
7138452.959	0.000001382
7138462.96	0.000001382
7138472.96	0.000001382
7138482.96	0.000001381
7138492.961	0.000001381
7138502.961	0.000001381
7138513.012	0.000001381
7138522.962	0.000001381
7138533.012	0.000001381
7138543.013	0.000001381
7138552.963	0.000001381
7138563.014	0.000001381
7138572.964	0.000001381
7138582.965	0.000001381
7138592.965	0.000001381
7138603.015	0.000001381
7138613.016	0.000001381
7138623.016	0.000001381
7138632.967	0.000001381
7138642.967	0.000001381
7138652.968	0.000001381
7138663.018	0.000001381
7138673.018	0.000001381
7138683.019	0.000001381
7138693.019	0.000001381
7138702.97	0.000001381
7138712.97	0.000001381
7138723.021	0.000001381
7138732.971	0.000001381
7138743.021	0.000001381
7138753.022	0.000001381
7138762.972	0.000001381
7138773.023	0.000001381
7138782.973	0.000001381
7138792.974	0.000001381
7138802.974	0.000001381
7138812.974	0.000001381
7138823.025	0.000001381
7138833.025	0.000001381
7138843.026	0.000001381
7138852.976	0.000001381
7138862.977	0.000001381
7138873.027	0.000001381
7138882.977	0.000001381
7138893.028	0.000001381
7138902.978	0.000001381
7138913.029	0.000001381
7138922.979	0.000001381
7138933.03	0.000001381
7138943.03	0.000001381
7138952.98	0.000001381
7138963.031	0.000001381
7138973.031	0.00000138
7138983.032	0.00000138
7138993.032	0.00000138
7139003.033	0.00000138
7139013.033	0.00000138
7139023.033	0.00000138
7139032.984	0.00000138
7139043.034	0.00000138
7139052.985	0.00000138
7139063.035	0.00000138
7139072.986	0.00000138
7139083.036	0.00000138
7139092.986	0.00000138
7139102.987	0.00000138
7139112.987	0.00000138
7139122.988	0.00000138
7139133.038	0.00000138
7139142.989	0.00000138
7139153.039	0.000001381
7139163.039	0.000001381
7139172.99	0.000001381
7139182.99	0.000001381
7139193.041	0.000001381
7139203.041	0.000001381
7139212.992	0.000001381
7139222.992	0.000001381
7139233.042	0.000001381
7139242.993	0.000001381
7139253.043	0.000001381
7139263.044	0.000001381
7139273.044	0.000001381
7139283.045	0.000001381
7139292.995	0.000001381
7139303.045	0.000001381
7139312.996	0.000001381
7139323.046	0.000001381
7139332.997	0.000001381
7139342.997	0.000001381
7139352.998	0.000001381
7139363.048	0.000001381
7139372.998	0.000001381
7139383.049	0.000001381
7139393.049	0.000001381
7139403	0.000001381
7139413	0.000001381
7139423.001	0.000001381
7139433.051	0.000001381
7139443.001	0.000001381
7139453.052	0.000001381
7139463.002	0.000001381
7139473.003	0.00000138
7139483.003	0.00000138
7139493.054	0.00000138
7139503.004	0.00000138
7139513.004	0.00000138
7139523.055	0.00000138
7139533.055	0.00000138
7139543.006	0.00000138
7139553.056	0.00000138
7139563.007	0.00000138
7139573.057	0.00000138
7139583.007	0.00000138
7139593.008	0.00000138
7139603.008	0.00000138
7139613.059	0.00000138
7139623.009	0.00000138
7139633.06	0.00000138
7139643.06	0.00000138
7139653.06	0.00000138
7139663.061	0.00000138
7139673.011	0.00000138
7139683.062	0.00000138
7139693.012	0.00000138
7139703.013	0.00000138
7139713.063	0.00000138
7139723.063	0.00000138
7139733.014	0.00000138
7139743.014	0.00000138
7139753.015	0.00000138
7139763.065	0.00000138
7139773.066	0.00000138
7139783.016	0.00000138
7139793.066	0.00000138
7139803.017	0.00000138
7139813.067	0.00000138
7139823.068	0.00000138
7139833.018	0.00000138
7139843.019	0.00000138
7139853.069	0.00000138
7139863.019	0.00000138
7139873.02	0.00000138
7139883.02	0.00000138
7139893.071	0.00000138
7139903.021	0.00000138
7139913.072	0.00000138
7139923.072	0.00000138
7139933.022	0.00000138
7139943.023	0.00000138
7139953.073	0.00000138
7139963.024	0.00000138
7139973.024	0.00000138
7139983.025	0.00000138
7139993.025	0.00000138
7140003.025	0.00000138
7140013.076	0.00000138
7140023.026	0.00000138
7140033.027	0.00000138
7140043.027	0.00000138
7140053.028	0.00000138
7140063.078	0.00000138
7140073.028	0.00000138
7140083.079	0.00000138
7140093.079	0.00000138
7140103.08	0.00000138
7140113.03	0.00000138
7140123.081	0.00000138
7140133.031	0.00000138
7140143.081	0.00000138
7140153.082	0.00000138
7140163.032	0.00000138
7140173.083	0.00000138
7140183.033	0.00000138
7140193.084	0.00000138
7140203.084	0.00000138
7140213.084	0.00000138
7140223.085	0.00000138
7140233.035	0.00000138
7140243.036	0.00000138
7140253.086	0.00000138
7140263.087	0.00000138
7140273.037	0.00000138
7140283.087	0.00000138
7140293.088	0.00000138
7140303.088	0.00000138
7140313.089	0.00000138
7140323.039	0.00000138
7140333.04	0.00000138
7140343.04	0.00000138
7140353.04	0.00000138
7140363.091	0.00000138
7140373.041	0.00000138
7140383.042	0.00000138
7140393.042	0.00000138
7140403.043	0.00000138
7140413.043	0.00000138
7140423.093	0.00000138
7140433.094	0.00000138
7140443.044	0.00000138
7140453.095	0.00000138
7140463.045	0.00000138
7140473.096	0.00000138
7140483.046	0.00000138
7140493.046	0.00000138
7140503.097	0.00000138
7140513.047	0.00000138
7140523.048	0.00000138
7140533.048	0.00000138
7140543.049	0.00000138
7140553.049	0.00000138
7140563.049	0.00000138
7140573.05	0.00000138
7140583.1	0.00000138
7140593.101	0.00000138
7140603.051	0.00000138
7140613.102	0.00000138
7140623.102	0.00000138
7140633.102	0.00000138
7140643.103	0.00000138
7140653.053	0.00000138
7140663.054	0.000001379
7140673.054	0.000001379
7140683.105	0.000001379
7140693.105	0.000001379
7140703.105	0.000001379
7140713.106	0.000001379
7140723.056	0.000001379
7140733.057	0.000001379
7140743.107	0.000001379
7140753.108	0.000001379
7140763.108	0.000001379
7140773.108	0.000001379
7140783.109	0.000001379
7140793.109	0.000001379
7140803.11	0.000001379
7140813.06	0.000001379
7140823.061	0.000001379
7140833.111	0.000001379
7140843.061	0.000001379
7140853.112	0.000001379
7140863.062	0.000001379
7140873.113	0.000001379
7140883.113	0.000001379
7140893.064	0.000001379
7140903.064	0.000001379
7140913.114	0.000001379
7140923.065	0.00000138
7140933.065	0.00000138
7140943.116	0.00000138
7140953.066	0.00000138
7140963.067	0.00000138
7140973.067	0.00000138
7140983.117	0.00000138
7140993.118	0.00000138
7141003.068	0.00000138
7141013.119	0.00000138
7141023.119	0.00000138
7141033.12	0.00000138
7141043.12	0.00000138
7141053.07	0.00000138
7141063.121	0.00000138
7141073.121	0.00000138
7141083.122	0.00000138
7141093.072	0.000001381
7141103.122	0.000001381
7141113.073	0.000001381
7141123.123	0.000001381
7141133.124	0.000001382
7141143.074	0.000001382
7141153.075	0.000001382
7141163.125	0.000001383
7141173.075	0.000001383
7141183.076	0.000001383
7141193.126	0.000001383
7141203.127	0.000001384
7141213.127	0.000001384
7141223.078	0.000001384
7141233.128	0.000001384
7141243.128	0.000001384
7141253.129	0.000001384
7141263.129	0.000001384
7141273.13	0.000001384
7141283.13	0.000001385
7141293.131	0.000001385
7141303.131	0.000001385
7141313.081	0.000001385
7141323.082	0.000001385
7141333.132	0.000001385
7141343.083	0.000001385
7141353.133	0.000001385
7141363.134	0.000001386
7141373.134	0.000001387
7141383.084	0.000001388
7141393.135	0.000001388
7141403.135	0.000001388
7141413.136	0.000001389
7141423.136	0.000001389
7141433.087	0.00000139
7141443.137	0.00000139
7141453.087	0.00000139
7141463.138	0.000001391
7141473.138	0.000001391
7141483.089	0.000001391
7141493.089	0.000001392
7141503.14	0.000001392
7141513.14	0.000001392
7141523.14	0.000001392
7141533.141	0.000001393
7141543.141	0.000001393
7141553.142	0.000001393
7141563.142	0.000001394
7141573.143	0.000001394
31557185.89	0