#1			
float	DNI_THTFin_vdot(1779,4)		
0	1	273.15	0.000003236
7119722.711	0.9	297.21	0.000003236
7119922.37	1.6	297.95	0.000003242
7120222.333	0.9	296.48	0
7120232.383	1	296.54	0
7120242.334	1	296.56	0
7120252.334	1	296.56	0
7120262.335	0.9	296.58	0
7120272.385	0.9	296.58	0
7120282.335	0.9	296.58	0
7120292.336	1	296.62	0
7120302.386	1	296.71	0
7120312.387	1	296.85	0
7120322.387	1	297.06	0
7120332.338	0.9	297.41	0
7120342.388	0.9	297.71	0
7120352.388	1	298.15	0
7120362.389	1	298.54	0
7120372.339	1	298.92	0
7120382.39	1	299.31	0
7120392.34	0.9	300.16	0
7120402.391	0.9	300.89	0
7120412.391	1	301.45	0
7120422.391	0.9	301.84	0
7120432.392	0.9	302.13	0
7120442.392	1	302.31	0
7120452.343	1	302.47	0
7120462.393	0.9	302.62	0
7120472.394	1	302.78	0
7120482.394	1	302.88	0
7120492.344	1	303.01	0
7120502.395	1	303.14	0
7120512.395	1	303.3	0
7120522.346	1	303.41	0
7120532.396	1	303.42	0
7120542.397	1	303.56	0
7120552.397	1	303.65	0
7120562.347	1	303.72	0
7120572.398	1	303.73	0
7120582.348	1	303.48	0
7120592.399	0.9	303.28	0
7120602.399	1	303.18	0
7120612.4	1	303.08	0
7120622.4	1	303	0
7120632.4	1	302.91	0
7120642.401	1	302.82	0
7120652.401	1	302.77	0
7120662.402	1	302.71	0
7120672.352	1.1	302.67	0
7120682.403	1	302.61	0
7120692.403	1	302.57	0
7120702.403	0.9	302.53	0
7120712.354	1	302.5	0
7120722.354	1	302.45	0
7120732.405	1	302.43	0
7120742.405	1	302.4	0
7120752.356	1	302.37	0
7120762.356	0.9	302.32	0
7120772.356	1	302.28	0
7120782.407	1	302.24	0
7120792.407	1	302.21	0
7120802.408	1	302.18	0
7120812.358	1	302.15	0
7120822.409	1	302.1	0
7120832.409	1	302.07	0
7120842.409	1	302.05	0
7120852.41	1	302.01	0
7120862.36	1	301.98	0
7120872.361	0.9	301.95	0
7120882.361	1	301.91	0
7120892.362	1	301.88	0
7120902.362	1	301.85	0
7120912.412	1	301.83	0
7120922.363	1	301.8	0
7120932.413	1	301.76	0
7120942.414	1	301.73	0
7120952.364	1	301.69	0
7120962.415	1	301.68	0
7120972.415	1	301.65	0
7120982.415	1	301.62	0
7120992.416	1	301.59	0
7121002.416	1	301.56	0
7121012.367	1	301.55	0
7121022.367	1	301.51	0
7121032.418	1	301.48	0
7121042.418	1	301.46	0
7121052.418	1	301.44	0
7121062.419	1	301.41	0
7121072.369	1	301.39	0
7121082.42	1	301.34	0
7121092.37	1	301.32	0
7121102.371	1	301.3	0
7121112.421	1	301.26	0
7121122.371	1	301.25	0
7121132.372	1	301.21	0
7121142.422	1	301.19	0
7121152.423	1	301.16	0
7121162.373	1	301.14	0
7121172.424	1	301.11	0
7121182.424	1	301.08	0
7121192.424	1	301.06	0
7121202.425	1	301.04	0
7121212.375	1.1	301	0
7121222.376	1	300.98	0
7121232.426	1	300.95	0
7121242.427	1	300.93	0
7121252.427	1	300.9	0
7121262.427	1	300.88	0
7121272.378	1	300.84	0
7121282.378	1	300.84	0
7121292.379	1	300.82	0
7121302.429	1	300.81	0
7121312.38	0.9	300.78	0
7121322.43	1	300.77	0
7121332.43	1	300.75	0
7121342.381	1	300.73	0
7121352.431	1	300.7	0
7121362.432	1	300.7	0
7121372.382	1	300.67	0
7121382.433	1	300.66	0
7121392.433	1.1	300.65	0
7121402.383	1	300.63	0
7121412.434	1	300.61	0
7121422.434	1	300.61	0
7121432.435	1	300.59	0
7121442.435	1	300.57	0
7121452.436	1	300.56	0
7121462.436	1	300.54	0
7121472.436	1	300.55	0
7121482.437	1	300.53	0
7121492.437	1	300.52	0
7121502.388	1	300.53	0
7121512.388	1	300.52	0
7121522.439	0.9	300.5	0
7121532.389	1	300.48	0
7121542.439	1	300.47	0
7121552.44	1	300.45	0
7121562.44	1	300.45	0
7121572.441	1	300.42	0
7121582.441	1	300.42	0
7121592.441	1	300.41	0
7121602.392	1	300.41	0
7121612.442	1	300.4	0
7121622.443	1	300.41	0
7121632.393	1	300.4	0
7121642.394	1	300.39	0
7121652.444	1	300.44	0
7121662.444	1	300.45	0
7121672.445	1	300.47	0
7121682.445	1	300.48	0
7121692.396	1	300.48	0
7121702.396	1	300.48	0
7121712.397	1	300.48	0
7121722.447	1	300.49	0
7121732.447	1	300.5	0
7121742.448	1	300.49	0
7121752.398	1	300.5	0
7121762.449	1	300.5	0
7121772.399	0.9	300.53	0
7121782.45	1	300.54	0
7121792.4	0.9	300.56	0
7121802.45	1	300.58	0
7121812.451	1	300.62	0
7121822.401	0.9	300.61	0
7121832.452	1	300.64	0
7121842.402	0.9	300.65	0
7121852.453	1	300.65	0
7121862.453	0.9	300.69	0
7121872.403	1	300.71	0
7121882.404	1	300.72	0
7121892.404	1	300.7	0
7121902.405	1	300.72	0
7121912.405	1	300.73	0
7121922.456	1	300.71	0
7121932.456	1	300.71	0
7121942.406	1	300.72	0
7121952.457	1	300.71	0
7121962.407	1	300.72	0
7121972.458	0.9	300.72	0
7121982.408	0.9	300.72	0
7121992.459	1	300.73	0
7122002.459	1	300.74	0
7122012.409	1	300.73	0
7122022.46	1	300.74	0
7122032.46	1	300.75	0
7122042.411	1	300.74	0
7122052.411	1	300.75	0
7122062.412	1	300.75	0
7122072.462	1	300.75	0
7122082.412	1	300.75	0
7122092.463	0.9	300.76	0
7122102.463	1	300.75	0
7122112.464	1	300.76	0
7122122.414	1	300.77	0
7122132.465	1	300.77	0
7122142.465	1	300.77	0
7122152.415	1	300.77	0
7122162.466	1	300.78	0
7122172.416	1	300.77	0
7122182.467	0.9	300.78	0
7122192.467	0.9	300.78	0
7122202.468	1	300.77	0
7122212.468	1	300.77	0
7122222.468	1	300.76	0
7122232.469	0.9	300.75	0
7122242.469	1	300.77	0
7122252.47	1	300.77	0
7122262.42	1	300.77	0
7122272.471	1	300.77	0
7122282.471	1	300.75	0
7122292.471	1	300.76	0
7122302.422	1	300.79	0
7122312.422	1	300.81	0
7122322.473	1	300.83	0
7122332.473	0.9	300.84	0
7122342.474	1	300.84	0
7122352.474	1	300.83	0
7122362.424	1	300.82	0
7122372.475	1	300.82	0
7122382.475	1	300.82	0
7122392.476	1	300.82	0
7122402.476	1	300.82	0
7122412.477	1	300.81	0
7122422.477	1	300.81	0
7122432.427	1	300.81	0
7122442.428	1	300.8	0
7122452.478	1	300.79	0
7122462.429	1	300.81	0
7122472.429	1	300.81	0
7122482.48	1	300.79	0
7122492.48	1	300.82	0
7122502.43	1	300.83	0
7122512.481	1	300.74	0
7122522.481	1	300.67	0
7122532.432	1	300.62	0
7122542.482	0.9	300.57	0
7122552.433	1	300.5	0
7122562.483	1	300.44	0
7122572.483	1	300.37	0
7122582.484	1	300.36	0
7122592.434	0.9	300.27	0
7122602.485	1	300.27	0
7122612.435	1	300.28	0
7122622.436	1	300.28	0
7122632.486	1	300.29	0
7122642.436	0.9	300.28	0
7122652.487	1	300.28	0
7122662.437	1	300.27	0
7122672.488	1	300.26	0
7122682.488	1	300.26	0
7122692.439	1	300.29	0
7122702.489	1	301.72	0
7122712.489	1	301.05	0
7122722.49	1	300.87	0
7122732.44	1	300.89	0
7122742.491	1	300.8	0
7122752.441	0.9	300.78	0
7122762.442	1	300.75	0
7122772.492	1	300.73	0
7122782.442	1	300.71	0
7122792.493	1	300.71	0
7122802.443	0.9	300.69	0
7122812.444	1	300.68	0
7122822.444	1	300.67	0
7122832.445	1	300.66	0
7122842.445	0.9	300.66	0
7122852.495	1	300.63	0
7122862.446	0.9	300.63	0
7122872.496	1	300.61	0
7122882.497	0.9	300.61	0
7122892.497	1	300.59	0
7122902.498	1	300.59	0
7122912.498	1	300.59	0
7122922.498	1	300.58	0
7122932.499	1	300.57	0
7122942.499	1	300.56	0
7122952.5	1	300.52	0
7122962.5	1	300.52	0
7122972.451	1	300.49	0
7122982.501	1	300.48	0
7122992.501	0.9	300.46	0
7123002.502	1	300.45	0
7123012.502	1	300.5	0
7123022.503	0.9	300.53	0
7123032.453	1	300.52	0
7123042.504	0.9	300.51	0
7123052.504	0.9	300.51	0
7123062.454	1	300.5	0
7123072.505	0.9	300.5	0
7123082.455	1	300.47	0
7123092.506	0.9	300.48	0
7123102.506	1	300.47	0
7123112.507	0.9	300.46	0
7123122.457	1	300.43	0
7123132.457	1	300.42	0
7123142.458	1	300.41	0
7123152.458	1	300.4	0
7123162.509	1	300.39	0
7123172.509	1	300.37	0
7123182.46	0.9	300.35	0
7123192.51	1	300.32	0
7123202.46	1	300.3	0
7123212.461	1	300.26	0
7123222.461	1	300.23	0
7123232.512	1	300.21	0
7123242.462	0.9	300.17	0
7123252.463	1	300.16	0
7123262.463	1	300.15	0
7123272.513	0.9	300.15	0
7123282.464	0.9	300.13	0
7123292.514	0.9	300.11	0
7123302.515	1	300.12	0
7123312.515	0.9	300.11	0
7123322.466	1	300.1	0
7123332.516	1	300.1	0
7123342.516	1	300.1	0
7123352.517	1	300.07	0
7123362.517	1	300.05	0
7123372.468	1	300.04	0
7123382.468	1	300.03	0
7123392.519	1	300.01	0
7123402.519	1	299.99	0
7123412.519	1	299.96	0
7123422.52	1	299.95	0
7123432.52	1	299.92	0
7123442.521	1	299.91	0
7123452.471	1	299.9	0
7123462.472	0.9	299.87	0
7123472.472	1	299.87	0
7123482.522	0.9	299.85	0
7123492.473	0.9	299.85	0
7123502.523	1	299.82	0
7123512.524	1	299.81	0
7123522.524	0.9	299.8	0
7123532.475	1	299.78	0
7123542.475	1	299.78	0
7123552.525	1	299.75	0
7123562.476	0.9	299.74	0
7123572.476	1	299.74	0
7123582.527	0.9	299.73	0
7123592.477	0.9	299.73	0
7123602.478	1	299.73	0
7123612.478	1	299.7	0
7123622.478	1	299.69	0
7123632.529	0.9	299.7	0
7123642.529	1	299.71	0
7123652.48	0.9	299.69	0
7123662.48	1	299.69	0
7123672.531	0.9	299.66	0
7123682.531	0.9	299.65	0
7123692.481	1	299.66	0
7123702.482	0.9	299.65	0
7123712.482	1	299.64	0
7123722.533	0.9	298.09	0
7123732.483	0.9	298.31	0
7123742.484	1	298.31	0
7123752.534	1	298.38	0
7123762.484	0.9	298.54	0
7123772.535	1	298.68	0
7123782.535	0.9	298.78	0
7123792.486	1	298.86	0
7123802.486	0.9	299.26	0
7123812.537	0.9	300.35	0
7123822.487	0.9	301.17	0
7123832.537	1	300.56	0
7123842.538	1	300.46	0
7123852.538	1	300.34	0
7123862.539	1	300.24	0
7123872.489	0.9	300.17	0
7123882.54	0.9	300.09	0
7123892.49	1	300.03	0
7123902.54	0.9	300	0
7123912.491	0.9	299.95	0
7123922.491	1	299.92	0
7123932.542	1	299.9	0
7123942.542	0.9	299.88	0
7123952.543	1	299.88	0
7123962.543	1	299.86	0
7123972.493	0.9	299.85	0
7123982.544	1	299.83	0
7123992.544	1	299.83	0
7124002.545	1	299.82	0
7124012.495	1	299.83	0
7124022.546	1	299.8	0
7124032.546	1	299.8	0
7124042.496	1	299.79	0
7124052.497	1	299.78	0
7124062.497	0.9	299.77	0
7124072.548	0.9	299.78	0
7124082.548	1	299.76	0
7124092.549	1	299.76	0
7124102.549	1	299.75	0
7124112.549	1	299.74	0
7124122.5	1	299.73	0
7124132.5	0.9	299.74	0
7124142.501	1	299.71	0
7124152.501	0.9	299.72	0
7124162.502	1	299.71	0
7124172.552	1	299.69	0
7124182.552	0.9	299.69	0
7124192.503	1	299.68	0
7124202.553	1	299.65	0
7124212.504	0.9	299.65	0
7124222.554	1	299.64	0
7124232.505	0.9	299.64	0
7124242.505	1	299.62	0
7124252.555	1	299.63	0
7124262.556	1	299.61	0
7124272.506	1	299.61	0
7124282.507	0.9	299.59	0
7124292.557	1	299.58	0
7124302.557	1	299.58	0
7124312.558	1	299.56	0
7124322.558	0.9	299.55	0
7124332.509	0.9	299.54	0
7124342.559	1	299.55	0
7124352.56	1	299.51	0
7124362.56	1	299.49	0
7124372.56	1	299.49	0
7124382.561	1	299.48	0
7124392.511	0.9	299.47	0
7124402.512	0.9	299.45	0
7124412.512	1	299.44	0
7124422.563	0.9	299.43	0
7124432.563	0.9	299.41	0
7124442.513	1	299.42	0
7124452.514	1	299.42	0
7124462.514	1	299.4	0
7124472.565	1	299.39	0
7124482.565	1	299.38	0
7124492.516	1	299.37	0
7124502.516	0.9	299.35	0
7124512.566	1	299.34	0
7124522.567	1	299.34	0
7124532.567	1	299.33	0
7124542.568	1	299.32	0
7124552.518	0.9	299.31	0
7124562.519	1	299.29	0
7124572.569	0.9	299.29	0
7124582.569	0.9	299.27	0
7124592.57	1	299.28	0
7124602.52	1	299.26	0
7124612.571	1	299.25	0
7124622.571	1	299.23	0
7124632.522	1	299.22	0
7124642.522	1	299.2	0
7124652.572	1	299.19	0
7124662.523	1	299.17	0
7124672.573	0.9	299.16	0
7124682.574	1	299.15	0
7124692.574	1	299.13	0
7124702.575	1	299.11	0
7124712.525	1	299.1	0
7124722.575	0.9	299.09	0
7124732.526	1	299.08	0
7124742.526	0.9	299.08	0
7124752.577	1	299.06	0
7124762.527	0.9	299.07	0
7124772.528	0.9	299.06	0
7124782.528	1	299.04	0
7124792.578	1	299.03	0
7124802.579	1	299.02	0
7124812.579	0.9	298.99	0
7124822.58	0.9	298.98	0
7124832.58	0.9	298.99	0
7124842.581	1	298.96	0
7124852.581	1	298.94	0
7124862.531	0.9	298.92	0
7124872.582	1	298.92	0
7124882.582	1	298.91	0
7124892.533	0.9	298.89	0
7124902.583	1	298.86	0
7124912.534	0.9	298.86	0
7124922.584	0.9	298.84	0
7124932.534	0.9	298.82	0
7124942.535	0.9	298.81	0
7124952.585	1	298.78	0
7124962.536	1	298.78	0
7124972.586	1	298.76	0
7124982.537	1	298.74	0
7124992.537	0.9	298.73	0
7125002.587	0.9	298.72	0
7125012.538	0.9	298.7	0
7125022.588	1	298.7	0
7125032.589	1	298.68	0
7125042.589	0.9	298.67	0
7125052.59	1	298.64	0
7125062.54	1	298.64	0
7125072.59	1	298.64	0
7125082.591	1	298.62	0
7125092.591	1	298.61	0
7125102.592	1	298.61	0
7125112.592	0.9	298.6	0
7125122.593	1	298.59	0
7125132.543	0.9	298.6	0
7125142.593	0.9	298.58	0
7125152.594	1	298.59	0
7125162.594	0.9	298.57	0
7125172.595	0.9	298.58	0
7125182.595	1	298.58	0
7125192.596	1	298.57	0
7125202.546	1	298.57	0
7125212.546	0.9	298.55	0
7125222.597	1	298.55	0
7125232.597	1	298.54	0
7125242.598	1	298.53	0
7125252.598	0.9	298.53	0
7125262.599	0.9	298.52	0
7125272.549	0.9	298.49	0
7125282.599	0.9	298.49	0
7125292.6	1	298.48	0
7125302.6	1	298.47	0
7125312.601	1	298.47	0
7125322.551	1	298.47	0
7125332.602	1	298.47	0
7125342.552	1	298.44	0
7125352.602	1	298.44	0
7125362.603	0.9	298.44	0
7125372.553	1	298.42	0
7125382.604	1	298.43	0
7125392.554	1	298.4	0
7125402.605	1	298.41	0
7125412.555	1	298.4	0
7125422.605	1	298.38	0
7125432.606	0.9	298.37	0
7125442.556	0.9	298.36	0
7125452.557	1	298.34	0
7125462.607	1	298.33	0
7125472.558	0.9	298.33	0
7125482.558	1	298.32	0
7125492.608	1	298.31	0
7125502.609	1	298.3	0
7125512.559	0.9	298.31	0
7125522.61	1	298.3	0
7125532.61	1	298.26	0
7125542.611	1	298.26	0
7125552.561	1	298.24	0
7125562.611	1	298.24	0
7125572.612	1	298.23	0
7125582.612	1	298.23	0
7125592.613	1	298.22	0
7125602.613	1	298.2	0
7125612.614	1	298.22	0
7125622.614	1	298.19	0
7125632.614	1	298.19	0
7125642.615	1	298.18	0
7125652.615	1	298.16	0
7125662.566	1	298.15	0
7125672.616	0.9	298.15	0
7125682.617	0.9	298.14	0
7125692.617	1	298.13	0
7125702.617	1	298.12	0
7125712.618	1	298.12	0
7125722.618	1	298.11	0
7125732.619	1	298.11	0
7125742.619	1	298.11	0
7125752.57	1	298.09	0
7125762.62	1	298.09	0
7125772.62	1	298.09	0
7125782.621	1	298.09	0
7125792.621	1	298.07	0
7125802.622	1	298.06	0
7125812.622	1	298.06	0
7125822.623	1	298.05	0
7125832.623	1	298.05	0
7125842.623	1	298.04	0
7125852.574	0.9	298.02	0
7125862.574	1	298.02	0
7125872.625	1	298.02	0
7125882.625	1	298.02	0
7125892.626	1	298	0
7125902.626	1	297.99	0
7125912.626	1	297.99	0
7125922.627	1	297.97	0
7125932.627	1	297.97	0
7125942.628	1	297.97	0
7125952.628	1	297.96	0
7125962.629	1	297.94	0
7125972.579	1	297.94	0
7125982.579	1	297.94	0
7125992.58	1	297.93	0
7126002.63	1.1	297.93	0
7126012.631	1	297.92	0
7126022.631	1	297.91	0
7126032.582	1	297.9	0
7126042.582	1	297.88	0
7126052.582	1	297.88	0
7126062.633	1	297.86	0
7126072.583	1	297.86	0
7126082.584	1	297.84	0
7126092.634	1	297.82	0
7126102.635	1	297.82	0
7126112.585	1	297.81	0
7126122.585	1	297.82	0
7126132.636	1	297.8	0
7126142.636	1	297.78	0
7126152.637	1	297.76	0
7126162.637	1	297.76	0
7126172.638	1	297.75	0
7126182.638	1.1	297.75	0
7126192.638	1	297.76	0
7126202.639	1	297.74	0
7126212.589	1	297.73	0
7126222.64	1	297.72	0
7126232.64	1	297.72	0
7126242.641	1	297.71	0
7126252.641	1.1	297.7	0
7126262.591	1	297.7	0
7126272.642	1	297.7	0
7126282.592	1	297.69	0
7126292.643	1	297.68	0
7126302.643	1	297.68	0
7126312.644	1	297.68	0
7126322.594	1	297.69	0
7126332.594	1	297.68	0
7126342.595	1	297.68	0
7126352.595	1	297.68	0
7126362.596	1	297.66	0
7126372.646	1	297.66	0
7126382.647	1	297.66	0
7126392.597	1	297.65	0
7126402.597	1	297.66	0
7126412.648	1	297.65	0
7126422.648	1	297.66	0
7126432.599	1	297.65	0
7126442.649	1	297.66	0
7126452.6	1	297.66	0
7126462.6	1	297.66	0
7126472.65	1	297.66	0
7126482.651	1.1	297.65	0
7126492.651	1	297.67	0
7126502.652	1	297.65	0
7126512.652	1.1	297.65	0
7126522.603	1	297.66	0
7126532.653	1	297.65	0
7126542.653	1.1	297.65	0
7126552.654	1	297.65	0
7126562.654	1.1	297.64	0
7126572.605	1	297.63	0
7126582.655	1	297.62	0
7126592.606	1.1	297.62	0
7126602.606	1	297.62	0
7126612.606	1.1	297.62	0
7126622.657	1	297.62	0
7126632.657	1	297.63	0
7126642.658	1	297.61	0
7126652.658	1	297.62	0
7126662.659	1	297.61	0
7126672.659	1	297.6	0
7126682.609	1.1	297.61	0
7126692.61	1	297.61	0
7126702.66	1	297.59	0
7126712.661	1	297.58	0
7126722.611	1.1	297.57	0
7126732.662	1.1	297.58	0
7126742.662	1.1	297.57	0
7126752.662	1.1	297.58	0
7126762.613	1.1	297.57	0
7126772.663	1.1	297.58	0
7126782.614	1	297.56	0
7126792.614	1	297.57	0
7126802.615	1	297.56	0
7126812.665	1	297.56	0
7126822.665	1.1	297.56	0
7126832.666	1.1	297.55	0
7126842.666	1	297.56	0
7126852.617	1	297.55	0
7126862.617	1	297.53	0
7126872.618	1.1	297.53	0
7126882.668	1	297.52	0
7126892.668	1	297.53	0
7126902.669	1.1	297.51	0
7126912.619	1	297.52	0
7126922.67	1.1	297.51	0
7126932.67	1	297.5	0
7126942.67	1.1	297.5	0
7126952.671	1	297.5	0
7126962.621	1.1	297.49	0
7126972.672	1	297.49	0
7126982.622	1.1	297.47	0
7126992.673	1.1	297.48	0
7127002.673	1.1	297.47	0
7127012.673	1.1	297.46	0
7127022.624	1	297.46	0
7127032.674	1.1	297.45	0
7127042.625	1.1	297.46	0
7127052.625	1.1	297.44	0
7127062.676	1.1	297.44	0
7127072.676	1.1	297.45	0
7127082.676	1.1	297.45	0
7127092.677	1.1	297.44	0
7127102.627	1.1	297.44	0
7127112.678	1.1	297.44	0
7127122.678	1.1	297.41	0
7127132.629	1.1	297.42	0
7127142.679	1.1	297.39	0
7127152.629	1	297.39	0
7127162.68	1.1	297.38	0
7127172.63	1.1	297.37	0
7127182.681	1.1	297.36	0
7127192.631	1.1	297.37	0
7127202.632	1.1	297.36	0
7127212.682	1	297.37	0
7127222.632	1	297.37	0
7127232.633	1.1	297.36	0
7127242.683	1.1	297.36	0
7127252.634	1	297.37	0
7127262.684	1.1	297.36	0
7127272.635	1.1	297.35	0
7127282.685	1.1	297.36	0
7127292.635	1.1	297.35	0
7127302.636	1.1	297.35	0
7127312.636	1.1	297.35	0
7127322.637	1	297.33	0
7127332.637	1.1	297.33	0
7127342.688	1.1	297.33	0
7127352.638	1.1	297.34	0
7127362.638	1.1	297.32	0
7127372.689	1	297.32	0
7127382.639	1.1	297.33	0
7127392.64	1.1	297.32	0
7127402.69	1	297.33	0
7127412.691	1.1	297.33	0
7127422.641	1.1	297.32	0
7127432.691	1.1	297.32	0
7127442.642	1.1	297.33	0
7127452.692	1.1	297.31	0
7127462.643	1.1	297.32	0
7127472.643	1	297.31	0
7127482.694	1.1	297.32	0
7127492.644	1.1	297.32	0
7127502.694	1.1	297.32	0
7127512.695	1.1	297.3	0
7127522.645	1.1	297.3	0
7127532.696	1.1	297.31	0
7127542.696	1.1	297.3	0
7127552.647	1.1	297.31	0
7127562.697	1.1	297.3	0
7127572.697	1.1	297.31	0
7127582.698	1.1	297.3	0
7127592.698	1.1	297.3	0
7127602.649	1.1	297.29	0
7127612.699	1.1	297.29	0
7127622.7	1.1	297.3	0
7127632.65	1.1	297.3	0
7127642.65	1	297.29	0
7127652.651	1.1	297.29	0
7127662.651	1.1	297.29	0
7127672.652	1.1	297.28	0
7127682.652	1.1	297.27	0
7127692.703	1.1	297.28	0
7127702.703	1.1	297.28	0
7127712.703	1.1	297.27	0
7127722.704	1.1	297.28	0
7127732.654	1.1	297.29	0
7127742.655	1.1	297.28	0
7127752.655	1.1	297.28	0
7127762.706	1.1	297.29	0
7127772.656	1.1	297.28	0
7127782.656	1.1	297.29	0
7127792.707	1.1	297.29	0
7127802.707	1.1	297.28	0
7127812.658	1.1	297.29	0
7127822.658	1.1	297.27	0
7127832.659	1.1	297.29	0
7127842.709	1.1	297.28	0
7127852.709	1.1	297.31	0
7127862.71	1.1	297.29	0
7127872.66	1.1	297.29	0
7127882.711	1.1	297.29	0
7127892.711	1.1	297.27	0
7127902.712	1.1	297.28	0
7127912.712	1.1	297.28	0
7127922.712	1.1	297.27	0
7127932.663	1.1	297.27	0
7127942.663	1.1	297.26	0
7127952.714	1.1	297.26	0
7127962.664	1.1	297.27	0
7127972.665	1.1	297.26	0
7127982.715	1.1	297.26	0
7127992.665	1.1	297.25	0
7128002.716	1.1	297.27	0
7128012.716	1.1	297.25	0
7128022.667	1.1	297.26	0
7128032.667	1.1	297.24	0
7128042.668	1.1	297.24	0
7128052.718	1.1	297.25	0
7128062.668	1.1	297.25	0
7128072.719	1.1	297.23	0
7128082.719	1.1	297.23	0
7128092.67	1.1	297.22	0
7128102.67	1.1	297.24	0
7128112.671	1.1	297.23	0
7128122.721	1.1	297.22	0
7128132.721	1.1	297.22	0
7128142.722	1.2	297.23	0
7128152.722	1.1	297.24	0
7128162.723	1.1	297.23	0
7128172.723	1.2	297.24	0
7128182.724	1.1	297.23	0
7128192.674	1.1	297.24	0
7128202.674	1	297.24	0
7128212.675	1.1	297.24	0
7128222.675	1.1	297.24	0
7128232.676	1.1	297.23	0
7128242.726	1	297.24	0
7128252.677	1.1	297.23	0
7128262.727	1.1	297.24	0
7128272.727	1.1	297.24	0
7128282.678	1.1	297.24	0
7128292.678	1.1	297.23	0
7128302.679	1.2	297.23	0
7128312.729	1.1	297.23	0
7128322.73	1.1	297.23	0
7128332.73	1.2	297.22	0
7128342.73	1.1	297.22	0
7128352.681	1.1	297.23	0
7128362.731	1.1	297.23	0
7128372.732	1.1	297.22	0
7128382.682	1.2	297.21	0
7128392.733	1.1	297.21	0
7128402.733	1.2	297.22	0
7128412.733	1.1	297.21	0
7128422.734	1.1	297.22	0
7128432.734	1.1	297.22	0
7128442.735	1.1	297.21	0
7128452.735	1.1	297.21	0
7128462.736	1.1	297.22	0
7128472.736	1.2	297.24	0
7128482.686	1.1	297.23	0
7128492.737	1.2	297.22	0
7128502.737	1.1	297.22	0
7128512.738	1.1	297.23	0
7128522.688	1.1	297.23	0
7128532.689	1.1	297.24	0
7128542.739	1.1	297.25	0
7128552.739	1.1	297.23	0
7128562.69	1.2	297.22	0
7128572.74	1.1	297.23	0
7128582.741	1.2	297.23	0
7128592.691	1.2	297.23	0
7128602.692	1.1	297.23	0
7128612.742	1.2	297.22	0
7128622.692	1.2	297.22	0
7128632.693	1.1	297.22	0
7128642.693	1.1	297.22	0
7128652.744	1.1	297.21	0
7128662.694	1.1	297.22	0
7128672.745	1.1	297.21	0
7128682.745	1.1	297.2	0
7128692.745	1.1	297.2	0
7128702.696	1.1	297.21	0
7128712.696	1.2	297.2	0
7128722.747	1.1	297.19	0
7128732.697	1.2	297.2	0
7128742.748	1.2	297.18	0
7128752.748	1.1	297.18	0
7128762.748	1.2	297.18	0
7128772.749	1.1	297.18	0
7128782.699	1.2	297.17	0
7128792.75	1.1	297.17	0
7128802.7	1.1	297.18	0
7128812.751	1.2	297.16	0
7128822.751	1.1	297.18	0
7128832.701	1.1	297.17	0
7128842.752	1.2	297.17	0
7128852.752	1.2	297.19	0
7128862.753	1.1	297.17	0
7128872.703	1.2	297.18	0
7128882.754	1.1	297.19	0
7128892.704	1.2	297.19	0
7128902.754	1.2	297.19	0
7128912.755	1.2	297.19	0
7128922.755	1.2	297.19	0
7128932.756	1.2	297.19	0
7128942.756	1.2	297.18	0
7128952.757	1.2	297.19	0
7128962.707	1.2	297.19	0
7128972.707	1.2	297.18	0
7128982.758	1.1	297.19	0
7128992.708	1.2	297.18	0
7129002.709	1.1	297.17	0
7129012.759	1.1	297.18	0
7129022.76	1.2	297.19	0
7129032.76	1.2	297.18	0
7129042.76	1.2	297.18	0
7129052.761	1.1	297.19	0
7129062.761	1.1	297.19	0
7129072.762	1.1	297.19	0
7129082.712	1.2	297.2	0
7129092.713	1.1	297.19	0
7129102.763	1.2	297.18	0
7129112.763	1.1	297.19	0
7129122.714	1.2	297.18	0
7129132.764	1.2	297.19	0
7129142.765	1.1	297.18	0
7129152.765	1.2	297.18	0
7129162.766	1.2	297.17	0
7129172.766	1.2	297.18	0
7129182.766	1.1	297.17	0
7129192.767	1.2	297.17	0
7129202.767	1.2	297.17	0
7129212.768	1.1	297.17	0
7129222.768	1.2	297.16	0
7129232.719	1.2	297.18	0
7129242.719	1.1	297.16	0
7129252.769	1.1	297.17	0
7129262.72	1.2	297.17	0
7129272.77	1.2	297.17	0
7129282.771	1.2	297.16	0
7129292.721	1.2	297.17	0
7129302.772	1.1	297.16	0
7129312.772	1.2	297.16	0
7129322.722	1.2	297.16	0
7129332.723	1.2	297.14	0
7129342.773	1.2	297.14	0
7129352.724	1.2	297.14	0
7129362.774	1.2	297.13	0
7129372.775	1.2	297.13	0
7129382.775	1.1	297.14	0
7129392.725	1.2	297.13	0
7129402.776	1.2	297.13	0
7129412.776	1.2	297.13	0
7129422.777	1.2	296.93	0
7129432.777	1.1	296.74	0
7129442.778	1.2	297.11	0
7129452.728	1.1	297.72	0
7129462.778	1.2	298.01	0
7129472.779	1.2	298.35	0
7129482.779	1.2	298.76	0
7129492.73	1.2	299.19	0
7129502.78	1.2	299.88	0
7129512.781	1.1	301.91	0
7129522.781	1.2	304.44	0
7129532.731	1.2	307.52	0
7129542.782	1.2	310.92	0
7129552.732	1.2	314.18	0
7129562.733	1.2	316.92	0
7129572.783	1.1	319.47	0
7129582.783	1.2	323.07	0
7129592.734	1.2	326.52	0
7129602.784	1.2	327.4	0
7129612.735	1.2	328.72	0
7129622.785	1.2	331.48	0
7129632.786	1.2	332.89	0
7129642.736	1.2	333.94	0
7129652.786	1.2	334.28	0
7129662.737	1.2	335.54	0
7129672.787	1.2	335.94	0
7129682.788	1.1	336.25	0
7129692.788	1.1	336.53	0
7129702.789	1.2	339.23	0
7129712.789	1.2	342.18	0
7129722.789	1.2	342.74	0
7129732.74	1.2	343.36	0
7129742.74	1.2	343.81	0
7129752.791	1.2	344.12	0
7129762.741	1.2	344.48	0
7129772.742	1.2	344.69	0
7129782.742	1.1	344.88	0
7129792.792	1.2	344.83	0
7129802.743	1.2	344.4	0
7129812.793	1.2	344.05	0
7129822.794	1.2	343.69	0.000001385
7129832.744	1.1	343.24	0.000001384
7129842.745	1.1	342.87	0.000001384
7129852.795	1.1	342.64	0.000001383
7129862.795	1.2	342.51	0.000001383
7129872.746	1.2	342.44	0.000001383
7129882.796	1.1	342.39	0.000001382
7129892.797	1.2	342.37	0.000001382
7129902.797	1.1	342.37	0.000001382
7129912.798	1.1	342.39	0.000001382
7129922.798	1.2	342.4	0.000001382
7129932.748	1.1	342.43	0.000001382
7129942.749	1.1	342.48	0.000001381
7129952.749	1.2	342.51	0.000001381
7129962.8	1.2	342.53	0.000001381
7129972.75	1.1	342.56	0.000001381
7129982.751	1.2	342.6	0.000001381
7129992.751	1.2	342.61	0.000001381
7130002.751	1.1	342.66	0.000001381
7130012.802	1.2	342.7	0.000001381
7130022.802	1.1	342.73	0.000001381
7130032.753	1.2	342.75	0.000001381
7130042.753	1.2	342.77	0.000001381
7130052.804	1.1	342.8	0.000001381
7130062.804	1.2	342.82	0.000001381
7130072.804	1.1	342.85	0.000001381
7130082.805	1.2	342.89	0.000001381
7130092.805	1.2	342.91	0.000001381
7130102.806	1.2	342.94	0.000001381
7130112.756	1.1	342.95	0.000001381
7130122.807	1.1	342.98	0.000001381
7130132.807	1.2	342.99	0.000001381
7130142.757	1.2	343	0.000001381
7130152.808	1.2	343.03	0.000001381
7130162.808	1.2	343.05	0.000001381
7130172.759	1.1	343.07	0.000001381
7130182.809	1.1	343.09	0.000001381
7130192.76	1.1	343.11	0.000001381
7130202.76	1.2	343.12	0.000001381
7130212.76	1.2	343.14	0.000001381
7130222.761	1.2	343.14	0.000001381
7130232.811	1.1	343.15	0.000001381
7130242.812	1.2	343.18	0.000001381
7130252.762	1.2	343.19	0.000001381
7130262.763	1.2	343.21	0.000001381
7130272.813	1.2	343.21	0.000001381
7130282.813	1.2	343.22	0.000001381
7130292.814	1.1	343.22	0.000001381
7130302.764	1.1	343.22	0.000001381
7130312.765	1.1	343.23	0.000001381
7130322.765	1.1	343.24	0.000001381
7130332.766	1.2	343.22	0.000001381
7130342.816	1.1	343.24	0.000001381
7130352.816	1.1	343.24	0.000001381
7130362.767	1.1	343.23	0.000001381
7130372.767	1.1	343.23	0.000001381
7130382.818	1.1	343.23	0.000001381
7130392.818	1.2	343.23	0.000001381
7130402.769	1.1	343.22	0.000001381
7130412.769	1.2	343.22	0.000001381
7130422.819	1.2	343.22	0.000001381
7130432.77	1.2	343.2	0.000001381
7130442.82	1.1	343.21	0.000001381
7130452.821	1.1	343.21	0.000001381
7130462.821	1.1	343.2	0.000001381
7130472.772	1.1	343.2	0.000001381
7130482.772	1.1	343.2	0.000001381
7130492.772	1.2	343.19	0.000001381
7130502.823	1.1	343.19	0.000001381
7130512.773	1.1	343.18	0.000001381
7130522.824	1.2	343.15	0.000001381
7130532.824	1.1	343.16	0.000001381
7130542.775	1.2	343.15	0.000001381
7130552.775	1.1	343.14	0.000001381
7130562.775	1.2	343.14	0.000001381
7130572.776	1.2	343.12	0.000001381
7130582.776	1.2	343.13	0.000001381
7130592.827	1.1	343.11	0.000001381
7130602.777	1.1	343.11	0.000001381
7130612.778	1.2	343.11	0.000001381
7130622.828	1.1	343.09	0.000001381
7130632.828	1.1	343.09	0.000001382
7130642.779	1.1	343.09	0.000001382
7130652.829	1.1	343.07	0.000001382
7130662.83	1.2	343.05	0.000001382
7130672.83	1.2	343.03	0.000001382
7130682.831	1.1	343.03	0.000001382
7130692.831	1.1	343.04	0.000001382
7130702.781	1.2	343.02	0.000001382
7130712.832	1.2	343.01	0.000001382
7130722.782	1.2	343	0.000001382
7130732.833	1.1	342.99	0.000001382
7130742.783	1.1	342.97	0.000001382
7130752.834	1.2	342.96	0.000001382
7130762.834	1.2	342.94	0.000001382
7130772.834	1.2	342.94	0.000001382
7130782.785	1.1	342.92	0.000001382
7130792.785	1.2	342.91	0.000001382
7130802.786	1.2	342.9	0.000001382
7130812.836	1.2	342.89	0.000001382
7130822.837	1.2	342.87	0.000001382
7130832.837	1.1	342.85	0.000001382
7130842.787	1.2	342.85	0.000001382
7130852.838	1.1	342.85	0.000001382
7130862.838	1.1	342.84	0.000001382
7130872.839	1.2	342.83	0.000001382
7130882.789	1.2	342.82	0.000001382
7130892.84	1.2	342.8	0.000001382
7130902.84	1.2	342.78	0.000001382
7130912.79	1.1	342.75	0.000001382
7130922.791	1.2	342.74	0.000001382
7130932.841	1.2	342.71	0.000001383
7130942.842	1.1	342.7	0.000001383
7130952.842	1.1	342.69	0.000001383
7130962.793	1.2	342.66	0.000001383
7130972.793	1.2	342.65	0.000001383
7130982.793	1.2	342.63	0.000001383
7130992.794	1.1	342.62	0.000001383
7131002.844	1.2	342.6	0.000001383
7131012.845	1.2	342.57	0.000001383
7131022.795	1.2	342.55	0.000001383
7131032.846	1.1	342.54	0.000001383
7131042.846	1.1	342.51	0.000001383
7131052.846	1.2	342.49	0.000001383
7131062.847	1.1	342.49	0.000001383
7131072.847	1.2	342.47	0.000001383
7131082.848	1.1	342.46	0.000001383
7131092.848	1.1	342.44	0.000001383
7131102.849	1.1	342.41	0.000001383
7131112.849	1.2	342.4	0.000001383
7131122.849	1.1	342.38	0.000001383
7131132.85	1.2	342.37	0.000001383
7131142.8	1.2	342.36	0.000001383
7131152.851	1.2	342.34	0.000001383
7131162.851	1.1	342.32	0.000001383
7131172.852	1.1	342.3	0.000001383
7131182.802	1.2	342.28	0.000001383
7131192.852	1.2	342.26	0.000001383
7131202.803	1.1	342.24	0.000001383
7131212.803	1.1	342.22	0.000001384
7131222.804	1.2	342.2	0.000001384
7131232.854	1.1	342.19	0.000001384
7131242.805	1.2	342.17	0.000001384
7131252.855	1.1	342.16	0.000001384
7131262.805	1.2	342.13	0.000001384
7131272.856	1.2	342.12	0.000001384
7131282.856	1.1	342.12	0.000001384
7131292.807	1.2	342.08	0.000001384
7131302.807	1.2	342.06	0.000001384
7131312.808	1.2	342.03	0.000001384
7131322.808	1.2	342.01	0.000001384
7131332.808	1.2	341.99	0.000001384
7131342.859	1.2	341.98	0.000001384
7131352.859	1.2	341.96	0.000001384
7131362.81	1.2	341.94	0.000001384
7131372.81	1.2	341.93	0.000001384
7131382.861	1.1	341.89	0.000001384
7131392.811	1.2	341.87	0.000001384
7131402.861	1.2	341.85	0.000001384
7131412.862	1.2	341.84	0.000001384
7131422.862	1.2	341.82	0.000001384
7131432.863	1.2	341.8	0.000001384
7131442.813	1.2	341.77	0.000001384
7131452.864	1.2	341.71	0.000001385
7131462.864	1.1	341.72	0.000001385
7131472.864	1.2	341.71	0.000001385
7131482.815	1.1	341.7	0.000001385
7131492.815	1.2	341.69	0.000001385
7131502.866	1.2	341.66	0.000001385
7131512.816	1.2	341.64	0.000001385
7131522.817	1.2	341.64	0.000001385
7131532.867	1.1	341.62	0.000001385
7131542.817	1.1	341.6	0.000001385
7131552.818	1.2	341.59	0.000001385
7131562.818	1.2	341.56	0.000001385
7131572.869	1.1	341.54	0.000001385
7131582.869	1.2	341.54	0.000001385
7131592.87	1.2	341.51	0.000001385
7131602.82	1.1	341.5	0.000001385
7131612.87	1.2	341.48	0.000001385
7131622.871	1.1	341.44	0.000001385
7131632.871	1.2	341.43	0.000001385
7131642.822	1.2	341.41	0.000001385
7131652.822	1.2	341.39	0.000001385
7131662.823	1.2	341.39	0.000001385
7131672.873	1.2	341.36	0.000001385
7131682.823	1.1	341.35	0.000001386
7131692.874	1.2	341.32	0.000001386
7131702.824	1.2	341.3	0.000001386
7131712.825	1.2	341.28	0.000001386
7131722.875	1.1	341.27	0.000001386
7131732.826	1.2	341.25	0.000001386
7131742.826	1.2	341.22	0.000001386
7131752.826	1.2	341.2	0.000001386
7131762.827	1.2	341.18	0.000001386
7131772.827	1.2	341.15	0.000001386
7131782.828	1.2	341.13	0.000001386
7131792.878	1.2	341.12	0.000001386
7131802.829	1.2	341.1	0.000001386
7131812.879	1.2	341.08	0.000001386
7131822.879	1.2	341.06	0.000001386
7131832.83	1.1	341.04	0.000001386
7131842.83	1.2	341.01	0.000001386
7131852.881	1.2	341	0.000001386
7131862.831	1.2	341.01	0.000001386
7131872.832	1.2	341.01	0.000001386
7131882.832	1.2	341.02	0.000001386
7131892.832	1.2	341.04	0.000001386
7131902.833	1.2	341.06	0.000001386
7131912.833	1.2	341.09	0.000001386
7131922.884	1.2	341.13	0.000001386
7131932.884	1.2	341.13	0.000001386
7131942.885	1.2	341.15	0.000001386
7131952.835	1.2	341.17	0.000001386
7131962.885	1.2	341.17	0.000001386
7131972.836	1.2	341.17	0.000001386
7131982.836	1.2	341.19	0.000001386
7131992.837	1.2	341.17	0.000001386
7132002.837	1.2	341.16	0.000001386
7132012.888	1.2	341.15	0.000001386
7132022.838	1.2	341.14	0.000001386
7132032.838	1.2	341.13	0.000001386
7132042.839	1.2	341.11	0.000001386
7132052.839	1.1	341.1	0.000001386
7132062.84	1.2	341.09	0.000001386
7132072.89	1.2	341.07	0.000001386
7132082.841	1.2	341.05	0.000001386
7132092.891	1.2	341.04	0.000001386
7132102.891	1.2	341.02	0.000001386
7132112.892	1.2	341	0.000001386
7132122.842	1.2	340.99	0.000001386
7132132.843	1.2	340.97	0.000001386
7132142.893	1.2	340.95	0.000001386
7132152.844	1.2	340.93	0.000001386
7132162.844	1.2	340.92	0.000001386
7132172.844	1.2	340.9	0.000001386
7132182.895	1.2	340.91	0.000001386
7132192.895	1.2	340.9	0.000001386
7132202.896	1.2	340.89	0.000001387
7132212.896	1.2	340.89	0.000001387
7132222.896	1.2	340.88	0.000001387
7132232.897	1.2	340.87	0.000001387
7132242.897	1.2	340.86	0.000001387
7132252.848	1.2	340.84	0.000001387
7132262.898	1.2	340.84	0.000001387
7132272.899	1.2	340.82	0.000001387
7132282.849	1.2	340.8	0.000001387
7132292.899	1.2	340.79	0.000001387
7132302.85	1.1	340.78	0.000001387
7132312.85	1.2	340.75	0.000001387
7132322.851	1.2	340.73	0.000001387
7132332.901	1.2	340.73	0.000001387
7132342.902	1.2	340.72	0.000001387
7132352.902	1.2	340.71	0.000001387
7132362.852	1.2	340.74	0.000001387
7132372.853	1.2	340.74	0.000001387
7132382.853	1.2	340.76	0.000001387
7132392.904	1.2	340.78	0.000001387
7132402.854	1.2	340.81	0.000001387
7132412.855	1.2	340.83	0.000001387
7132422.855	1.2	340.86	0.000001387
7132432.905	1.2	340.89	0.000001387
7132442.906	1.2	340.9	0.000001387
7132452.856	1.2	340.91	0.000001386
7132462.907	1.2	340.92	0.000001387
7132472.857	1.1	340.91	0.000001387
7132482.908	1.2	340.91	0.000001387
7132492.858	1.2	340.89	0.000001387
7132502.908	1.2	340.89	0.000001387
7132512.909	1.2	340.87	0.000001387
7132522.909	1.2	340.86	0.000001387
7132532.91	1.2	340.83	0.000001387
7132542.91	1.2	340.82	0.000001387
7132552.861	1.2	340.8	0.000001387
7132562.911	1.2	340.79	0.000001387
7132572.911	1.2	340.77	0.000001387
7132582.862	1.2	340.76	0.000001387
7132592.862	1.2	340.74	0.000001387
7132602.913	1.2	340.73	0.000001387
7132612.863	1.2	340.72	0.000001387
7132622.914	1.2	340.7	0.000001387
7132632.864	1.2	340.67	0.000001387
7132642.914	1.2	340.67	0.000001387
7132652.865	1.2	340.63	0.000001387
7132662.865	1.3	340.63	0.000001387
7132672.916	1.2	340.61	0.000001387
7132682.916	1.2	340.6	0.000001387
7132692.917	1.2	340.58	0.000001387
7132702.867	1.2	340.57	0.000001387
7132712.867	1.2	340.54	0.000001387
7132722.918	1.2	340.54	0.000001387
7132732.868	1.2	340.51	0.000001387
7132742.869	1.2	340.49	0.000001387
7132752.919	1.2	340.48	0.000001387
7132762.87	1.2	340.48	0.000001387
7132772.87	1.2	340.45	0.000001387
7132782.92	1.2	340.47	0.000001387
7132792.921	1.2	340.47	0.000001387
7132802.871	1.3	340.48	0.000001387
7132812.872	1.2	340.5	0.000001387
7132822.922	1.2	340.53	0.000001387
7132832.873	1.2	340.52	0.000001387
7132842.873	1.2	340.56	0.000001387
7132852.873	1.2	340.6	0.000001387
7132862.874	1.2	340.61	0.000001387
7132872.874	1.2	340.62	0.000001387
7132882.875	1.2	340.64	0.000001387
7132892.875	1.2	340.67	0.000001387
7132902.926	1.2	340.67	0.000001387
7132912.876	1.3	340.67	0.000001387
7132922.926	1.2	340.65	0.000001387
7132932.927	1.2	340.64	0.000001387
7132942.927	1.2	340.64	0.000001387
7132952.878	1.2	340.62	0.000001387
7132962.878	1.1	340.6	0.000001387
7132972.929	1.2	340.59	0.000001387
7132982.879	1.2	340.57	0.000001387
7132992.879	1.2	340.56	0.000001387
7133002.93	1.2	340.53	0.000001387
7133012.93	1.2	340.53	0.000001388
7133022.881	1.3	340.5	0.000001388
7133032.931	1.2	340.49	0.000001388
7133042.882	1.2	340.49	0.000001388
7133052.932	1.2	340.47	0.000001388
7133062.932	1.2	340.44	0.000001388
7133072.883	1.2	340.42	0.000001388
7133082.883	1.2	340.4	0.000001388
7133092.884	1.2	340.4	0.000001388
7133102.884	1.2	340.38	0.000001388
7133112.885	1.2	340.37	0.000001388
7133122.885	1.2	340.35	0.000001388
7133132.885	1.3	340.34	0.000001388
7133142.936	1.2	340.33	0.000001388
7133152.936	1.2	340.32	0.000001388
7133162.937	1.2	340.29	0.000001388
7133172.887	1.2	340.29	0.000001388
7133182.938	1.2	340.28	0.000001388
7133192.888	1.2	340.27	0.000001388
7133202.938	1.3	340.27	0.000001388
7133212.939	1.3	340.27	0.000001388
7133222.889	1.2	340.29	0.000001388
7133232.89	1.2	340.31	0.000001388
7133242.89	1.2	340.35	0.000001388
7133252.891	1.2	340.38	0.000001388
7133262.891	1.2	340.42	0.000001388
7133272.891	1.2	340.43	0.000001388
7133282.942	1.2	340.47	0.000001388
7133292.892	1.2	340.47	0.000001388
7133302.893	1.2	340.47	0.000001388
7133312.943	1.2	340.47	0.000001388
7133322.944	1.2	340.46	0.000001388
7133332.944	1.2	340.44	0.000001388
7133342.894	1.2	340.44	0.000001388
7133352.895	1.2	340.44	0.000001388
7133362.945	1.2	340.42	0.000001388
7133372.946	1.2	340.42	0.000001388
7133382.896	1.2	340.39	0.000001388
7133392.897	1.3	340.39	0.000001388
7133402.947	1.2	340.39	0.000001388
7133412.947	1.2	340.38	0.000001388
7133422.948	180.8	340.35	0.000001388
7133432.898	202.1	340.34	0.000001388
7133442.899	660.1	340.33	0.000001388
7133452.899	662.9	340.31	0.000001388
7133462.9	663.1	340.3	0.000001388
7133472.9	664.4	340.29	0.000001388
7133482.95	664.8	340.26	0.000001388
7133492.901	664.5	340.25	0.000001388
7133502.951	664.4	340.26	0.000001388
7133512.902	665.2	340.24	0.000001388
7133522.952	665.8	340.22	0.000001388
7133532.953	666.1	340.2	0.000001388
7133542.903	666	340.19	0.000001388
7133552.903	665.8	340.18	0.000001388
7133562.954	666.3	340.16	0.000001388
7133572.904	665.6	340.15	0.000001387
7133582.955	666.2	340.15	0.000001387
7133592.905	665.7	340.15	0.000001387
7133602.956	666.2	340.15	0.000001387
7133612.956	667.1	340.17	0.000001386
7133622.956	666	340.2	0.000001386
7133632.957	666.6	340.21	0.000001386
7133642.907	666	340.26	0.000001386
7133652.958	665.9	340.28	0.000001385
7133662.958	665.6	340.3	0.000001385
7133672.959	665.8	340.33	0.000001385
7133682.909	665.6	340.35	0.000001385
7133692.959	665.6	340.37	0.000001385
7133702.91	665.6	340.37	0.000001385
7133712.91	665.2	340.39	0.000001384
7133722.961	664.4	340.38	0.000001384
7133732.911	664.7	340.38	0.000001384
7133742.912	663.7	340.38	0.000001384
7133752.962	663	340.36	0.000001384
7133762.962	662	340.36	0.000001384
7133772.913	663.1	340.34	0.000001384
7133782.963	662.7	340.31	0.000001384
7133792.964	662.3	340.3	0.000001384
7133802.964	663.8	340.29	0.000001384
7133812.965	663.9	340.28	0.000001384
7133822.915	663.7	340.26	0.000001384
7133832.965	664.6	340.25	0.000001384
7133842.916	663.3	340.24	0.000001384
7133852.966	664.4	340.22	0.000001384
7133862.967	666.5	340.21	0.000001384
7133872.967	668.9	340.19	0.000001384
7133882.918	668.7	340.19	0.000001384
7133892.918	669.3	340.18	0.000001384
7133902.968	668.3	340.16	0.000001384
7133912.969	668.4	340.15	0.000001384
7133922.919	668	340.13	0.000001384
7133932.97	668.8	340.14	0.000001384
7133942.92	667.8	340.13	0.000001384
7133952.921	668.7	340.11	0.000001384
7133962.971	669.1	340.11	0.000001384
7133972.921	668.4	340.1	0.000001384
7133982.922	668.4	340.13	0.000001383
7133992.922	668	340.14	0.000001383
7134002.923	669	340.17	0.000001383
7134012.923	670.3	340.2	0.000001383
7134022.924	669.1	340.24	0.000001383
7134032.924	668.7	340.28	0.000001383
7134042.974	668.6	340.33	0.000001383
7134052.925	669.5	340.37	0.000001383
7134062.925	668.4	340.41	0.000001383
7134072.926	667.9	340.47	0.000001383
7134082.926	667.4	340.49	0.000001383
7134092.977	666.7	340.51	0.000001382
7134102.927	666.3	340.52	0.000001382
7134112.977	665.8	340.53	0.000001382
7134122.978	665.5	340.52	0.000001382
7134132.928	667	340.52	0.000001382
7134142.979	666.3	340.53	0.000001382
7134152.929	667.3	340.53	0.000001382
7134162.93	666.6	340.51	0.000001382
7134172.98	667.6	340.52	0.000001383
7134182.98	667.7	340.5	0.000001383
7134192.931	668	340.49	0.000001383
7134202.931	667.9	340.5	0.000001383
7134212.932	667.2	340.48	0.000001383
7134222.932	667.4	340.47	0.000001383
7134232.983	665.4	340.46	0.000001383
7134242.983	666.4	340.47	0.000001383
7134252.983	666.6	340.45	0.000001383
7134262.934	667	340.44	0.000001383
7134272.984	666.3	340.43	0.000001383
7134282.935	666.7	340.42	0.000001383
7134292.935	668.5	340.41	0.000001383
7134302.936	669.4	340.4	0.000001383
7134312.986	669.3	340.4	0.000001383
7134322.986	668.1	340.39	0.000001383
7134332.987	667.5	340.39	0.000001383
7134342.937	668.3	340.4	0.000001383
7134352.938	670.4	340.39	0.000001383
7134362.988	672.9	340.38	0.000001383
7134372.939	673.5	340.39	0.000001382
7134382.989	673.7	340.39	0.000001382
7134392.989	673.7	340.38	0.000001382
7134402.99	673.2	340.41	0.000001382
7134412.94	672.8	340.41	0.000001382
7134422.941	672.6	340.45	0.000001382
7134432.941	672.5	340.47	0.000001382
7134442.942	672.4	340.5	0.000001382
7134452.992	673.3	340.54	0.000001382
7134462.942	674.1	340.56	0.000001382
7134472.993	673.8	340.59	0.000001382
7134482.943	674	340.63	0.000001382
7134492.994	673.8	340.65	0.000001382
7134502.944	674.5	340.66	0.000001382
7134512.945	675	340.67	0.000001382
7134522.945	673.8	340.67	0.000001382
7134532.945	674	340.7	0.000001382
7134542.996	673.6	340.68	0.000001382
7134552.946	673.7	340.69	0.000001382
7134562.947	672.6	340.7	0.000001382
7134572.947	672.1	340.69	0.000001382
7134582.948	672.1	340.68	0.000001382
7134592.948	671.4	340.67	0.000001382
7134602.998	671.1	340.67	0.000001382
7134612.999	671.3	340.66	0.000001382
7134622.949	672	340.64	0.000001382
7134632.95	671.3	340.64	0.000001382
7134643	671.1	340.64	0.000001382
7134652.951	671	340.63	0.000001382
7134662.951	670.3	340.6	0.000001382
7134673.001	671.6	340.6	0.000001382
7134682.952	670.2	340.59	0.000001382
7134692.952	669.6	340.57	0.000001382
7134702.953	670	340.57	0.000001382
7134712.953	669.3	340.57	0.000001382
7134722.954	669.9	340.56	0.000001382
7134733.004	669.4	340.55	0.000001382
7134743.004	669.6	340.53	0.000001382
7134752.955	669.8	340.53	0.000001382
7134763.005	669.8	340.52	0.000001382
7134772.956	670.4	340.51	0.000001382
7134782.956	669.4	340.5	0.000001382
7134792.957	669.4	340.48	0.000001382
7134802.957	669.9	340.48	0.000001382
7134812.957	669.4	340.47	0.000001382
7134822.958	669.2	340.48	0.000001382
7134832.958	668.5	340.51	0.000001382
7134842.959	669.7	340.54	0.000001382
7134852.959	669.9	340.58	0.000001382
7134862.96	669.6	340.6	0.000001382
7134872.96	670.1	340.64	0.000001382
7134882.96	669.7	340.66	0.000001381
7134892.961	668.6	340.71	0.000001381
7134902.961	669.2	340.74	0.000001381
7134913.012	667.8	340.79	0.000001381
7134922.962	666.9	340.84	0.000001381
7134933.012	667.1	340.87	0.000001381
7134943.013	666.5	340.9	0.000001381
7134952.963	665.7	340.93	0.000001381
7134963.014	665.4	340.95	0.000001381
7134972.964	663.8	340.96	0.000001381
7134982.965	664	340.97	0.000001381
7134992.965	663.8	340.98	0.000001381
7135003.015	663.1	340.98	0.000001381
7135013.016	663.1	340.99	0.000001381
7135023.016	663	340.99	0.000001381
7135032.967	662.5	340.98	0.000001381
7135042.967	664.3	340.98	0.000001381
7135052.968	663.9	340.97	0.000001381
7135063.018	664.2	340.96	0.000001381
7135073.018	664.5	340.96	0.000001381
7135083.019	664.3	340.97	0.000001381
7135093.019	664.6	340.97	0.000001381
7135102.97	666	340.97	0.000001381
7135112.97	667	340.96	0.000001381
7135123.021	669.2	340.97	0.000001381
7135132.971	670.7	340.96	0.000001381
7135143.021	670.9	340.94	0.000001381
7135153.022	671.5	340.94	0.000001381
7135162.972	672.7	340.91	0.000001381
7135173.023	672.8	340.91	0.000001381
7135182.973	673.7	340.91	0.000001381
7135192.974	674.1	340.9	0.000001381
7135202.974	674.9	340.89	0.000001381
7135212.974	675.5	340.88	0.000001381
7135223.025	675	340.86	0.000001381
7135233.025	674.7	340.87	0.000001381
7135243.026	674.9	340.85	0.000001381
7135252.976	675.7	340.84	0.000001381
7135262.977	676.9	340.84	0.000001381
7135273.027	676.3	340.83	0.000001381
7135282.977	675.6	340.83	0.000001381
7135293.028	676.7	340.8	0.000001381
7135302.978	676.9	340.83	0.000001381
7135313.029	675.1	340.84	0.000001381
7135322.979	676.1	340.86	0.000001381
7135333.03	676.3	340.89	0.000001381
7135343.03	674.7	340.92	0.000001381
7135352.98	674.4	340.95	0.000001381
7135363.031	673.3	340.98	0.000001381
7135373.031	673.5	341.02	0.00000138
7135383.032	673.9	341.06	0.00000138
7135393.032	673.4	341.1	0.00000138
7135403.033	673.6	341.16	0.00000138
7135413.033	673.5	341.19	0.00000138
7135423.033	672.5	341.21	0.00000138
7135432.984	671.7	341.25	0.00000138
7135443.034	671.8	341.26	0.00000138
7135452.985	670.9	341.26	0.00000138
7135463.035	669.7	341.26	0.00000138
7135472.986	670.9	341.25	0.00000138
7135483.036	670.6	341.25	0.00000138
7135492.986	670.1	341.24	0.00000138
7135502.987	670.3	341.24	0.00000138
7135512.987	668.6	341.22	0.00000138
7135522.988	669.6	341.21	0.00000138
7135533.038	670.1	341.2	0.00000138
7135542.989	670.2	341.18	0.00000138
7135553.039	669.2	341.18	0.000001381
7135563.039	668.9	341.17	0.000001381
7135572.99	669.5	341.15	0.000001381
7135582.99	669.2	341.14	0.000001381
7135593.041	669.6	341.12	0.000001381
7135603.041	670	341.11	0.000001381
7135612.992	669.6	341.1	0.000001381
7135622.992	669.7	341.09	0.000001381
7135633.042	669	341.08	0.000001381
7135642.993	669	341.05	0.000001381
7135653.043	670	341.05	0.000001381
7135663.044	669.4	341.03	0.000001381
7135673.044	670	341.01	0.000001381
7135683.045	670.3	341.01	0.000001381
7135692.995	672.1	340.99	0.000001381
7135703.045	672.6	340.97	0.000001381
7135712.996	674.6	340.95	0.000001381
7135723.046	673.5	340.93	0.000001381
7135732.997	674.2	340.93	0.000001381
7135742.997	674.9	340.91	0.000001381
7135752.998	675.4	340.9	0.000001381
7135763.048	675.3	340.9	0.000001381
7135772.998	676.1	340.89	0.000001381
7135783.049	676.4	340.87	0.000001381
7135793.049	677.6	340.87	0.000001381
7135803	678.3	340.85	0.000001381
7135813	677.5	340.84	0.000001381
7135823.001	676.4	340.84	0.000001381
7135833.051	677	340.83	0.000001381
7135843.001	675.9	340.84	0.000001381
7135853.052	675.9	340.85	0.000001381
7135863.002	676.7	340.87	0.000001381
7135873.003	676.2	340.89	0.00000138
7135883.003	676.5	340.92	0.00000138
7135893.054	676.2	340.93	0.00000138
7135903.004	677.1	340.97	0.00000138
7135913.004	677.1	341	0.00000138
7135923.055	676.9	341.04	0.00000138
7135933.055	678	341.08	0.00000138
7135943.006	677.7	341.12	0.00000138
7135953.056	678.5	341.14	0.00000138
7135963.007	680.4	341.17	0.00000138
7135973.057	680.6	341.19	0.00000138
7135983.007	682.1	341.21	0.00000138
7135993.008	682.3	341.23	0.00000138
7136003.008	682.6	341.22	0.00000138
7136013.059	682.7	341.23	0.00000138
7136023.009	682.9	341.22	0.00000138
7136033.06	682.6	341.23	0.00000138
7136043.06	682.4	341.25	0.00000138
7136053.06	682.6	341.22	0.00000138
7136063.061	681.2	341.22	0.00000138
7136073.011	680.8	341.21	0.00000138
7136083.062	680	341.21	0.00000138
7136093.012	681.1	341.2	0.00000138
7136103.013	680.6	341.2	0.00000138
7136113.063	681.6	341.2	0.00000138
7136123.063	681.4	341.19	0.00000138
7136133.014	680.2	341.18	0.00000138
7136143.014	681	341.17	0.00000138
7136153.015	679.9	341.17	0.00000138
7136163.065	679.2	341.17	0.00000138
7136173.066	678.8	341.15	0.00000138
7136183.016	678.6	341.14	0.00000138
7136193.066	678.4	341.12	0.00000138
7136203.017	677.6	341.12	0.00000138
7136213.067	677.5	341.11	0.00000138
7136223.068	676.3	341.1	0.00000138
7136233.018	677	341.1	0.00000138
7136243.019	676.2	341.08	0.00000138
7136253.069	675.5	341.09	0.00000138
7136263.019	674.5	341.08	0.00000138
7136273.02	673.6	341.07	0.00000138
7136283.02	674.1	341.05	0.00000138
7136293.071	672.9	341.05	0.00000138
7136303.021	673	341.04	0.00000138
7136313.072	673.1	341.04	0.00000138
7136323.072	673.5	341.03	0.00000138
7136333.022	673.3	341.02	0.00000138
7136343.023	671.8	341.01	0.00000138
7136353.073	670.4	341	0.00000138
7136363.024	671.2	340.99	0.00000138
7136373.024	671.8	341	0.00000138
7136383.025	672.4	340.98	0.00000138
7136393.025	671.4	340.98	0.00000138
7136403.025	670.2	340.97	0.00000138
7136413.076	669.9	340.98	0.00000138
7136423.026	670.3	340.96	0.00000138
7136433.027	669.4	340.97	0.00000138
7136443.027	668.2	340.96	0.00000138
7136453.028	670.1	340.98	0.00000138
7136463.078	669.9	340.99	0.00000138
7136473.028	670.6	341.02	0.00000138
7136483.079	670.9	341.04	0.00000138
7136493.079	672.6	341.07	0.00000138
7136503.08	674.1	341.09	0.00000138
7136513.03	673.9	341.14	0.00000138
7136523.081	673.6	341.17	0.00000138
7136533.031	674.1	341.22	0.00000138
7136543.081	672.9	341.24	0.00000138
7136553.082	673.2	341.27	0.00000138
7136563.032	673	341.29	0.00000138
7136573.083	672.9	341.3	0.00000138
7136583.033	671.9	341.3	0.00000138
7136593.084	672.4	341.31	0.00000138
7136603.084	673.1	341.31	0.00000138
7136613.084	672.6	341.31	0.00000138
7136623.085	673.4	341.3	0.00000138
7136633.035	673	341.31	0.00000138
7136643.036	673.4	341.31	0.00000138
7136653.086	672.7	341.3	0.00000138
7136663.087	671.5	341.31	0.00000138
7136673.037	671.6	341.3	0.00000138
7136683.087	670.9	341.29	0.00000138
7136693.088	671.3	341.28	0.00000138
7136703.088	671	341.29	0.00000138
7136713.089	670.6	341.27	0.00000138
7136723.039	671	341.27	0.00000138
7136733.04	670.6	341.24	0.00000138
7136743.04	671	341.24	0.00000138
7136753.04	670	341.23	0.00000138
7136763.091	671	341.22	0.00000138
7136773.041	670.5	341.21	0.00000138
7136783.042	669.5	341.21	0.00000138
7136793.042	669.6	341.19	0.00000138
7136803.043	670.7	341.19	0.00000138
7136813.043	670.2	341.19	0.00000138
7136823.093	670.6	341.18	0.00000138
7136833.094	669.9	341.17	0.00000138
7136843.044	670.6	341.17	0.00000138
7136853.095	671.1	341.16	0.00000138
7136863.045	670.5	341.15	0.00000138
7136873.096	669.7	341.14	0.00000138
7136883.046	670	341.13	0.00000138
7136893.046	670	341.13	0.00000138
7136903.097	670.1	341.11	0.00000138
7136913.047	670.2	341.11	0.00000138
7136923.048	670.1	341.07	0.00000138
7136933.048	670.1	341.08	0.00000138
7136943.049	669.4	341.06	0.00000138
7136953.049	669.4	341.06	0.00000138
7136963.049	669.8	341.02	0.00000138
7136973.05	670.7	341.02	0.00000138
7136983.1	670.6	341.02	0.00000138
7136993.101	670.8	341.01	0.00000138
7137003.051	671.8	341	0.00000138
7137013.102	672.4	341.01	0.00000138
7137023.102	672.6	341.02	0.00000138
7137033.102	673.2	341.03	0.00000138
7137043.103	672.8	341.06	0.00000138
7137053.053	673.5	341.08	0.00000138
7137063.054	673.1	341.12	0.000001379
7137073.054	672.7	341.15	0.000001379
7137083.105	672.9	341.18	0.000001379
7137093.105	673.8	341.21	0.000001379
7137103.105	674.8	341.23	0.000001379
7137113.106	675.2	341.25	0.000001379
7137123.056	675	341.27	0.000001379
7137133.057	674.6	341.26	0.000001379
7137143.107	675.3	341.28	0.000001379
7137153.108	676	341.29	0.000001379
7137163.108	675.2	341.28	0.000001379
7137173.108	675.7	341.27	0.000001379
7137183.109	674.8	341.27	0.000001379
7137193.109	675.7	341.27	0.000001379
7137203.11	675	341.27	0.000001379
7137213.06	676.1	341.26	0.000001379
7137223.061	675.4	341.25	0.000001379
7137233.111	675.2	341.25	0.000001379
7137243.061	675	341.25	0.000001379
7137253.112	673.6	341.25	0.000001379
7137263.062	673.5	341.23	0.000001379
7137273.113	672.7	341.24	0.000001379
7137283.113	671.8	341.22	0.000001379
7137293.064	671.3	341.23	0.000001379
7137303.064	671.2	341.22	0.000001379
7137313.114	671.1	341.2	0.000001379
7137323.065	669.4	341.2	0.00000138
7137333.065	669.6	341.18	0.00000138
7137343.116	668.8	341.17	0.00000138
7137353.066	668.4	341.19	0.00000138
7137363.067	667.3	341.17	0.00000138
7137373.067	668.1	341.17	0.00000138
7137383.117	668.3	341.17	0.00000138
7137393.118	666.5	341.16	0.00000138
7137403.068	667.1	341.15	0.00000138
7137413.119	666	341.13	0.00000138
7137423.119	664.5	341.12	0.00000138
7137433.12	664.8	341.12	0.00000138
7137443.12	655.2	341.12	0.00000138
7137453.07	624.8	341.1	0.00000138
7137463.121	590.4	341.09	0.00000138
7137473.121	549.3	341.08	0.00000138
7137483.122	502.7	341.07	0.00000138
7137493.072	453.5	341.07	0.000001381
7137503.122	399.7	341.05	0.000001381
7137513.073	346.2	341.03	0.000001381
7137523.123	291.6	341.04	0.000001381
7137533.124	225.1	341.02	0.000001382
7137543.074	175.1	341	0.000001382
7137553.075	127	341	0.000001382
7137563.125	84.7	340.98	0.000001383
7137573.075	48.7	341	0.000001383
7137583.076	20.1	341	0.000001383
7137593.126	4.3	341.04	0.000001383
7137603.127	2.5	341.07	0.000001384
7137613.127	2.3	341.1	0.000001384
7137623.078	2.3	341.13	0.000001384
7137633.128	2.2	341.13	0.000001384
7137643.128	2.1	341.17	0.000001384
7137653.129	2.1	341.19	0.000001384
7137663.129	1.7	341.22	0.000001384
7137673.13	1.5	341.24	0.000001384
7137683.13	1.5	341.24	0.000001385
7137693.131	1.5	341.24	0.000001385
7137703.131	1.4	341.25	0.000001385
7137713.081	1.4	341.25	0.000001385
7137723.082	1.4	341.25	0.000001385
7137733.132	1.4	341.24	0.000001385
7137743.083	1.3	341.22	0.000001385
7137753.133	1.3	341.22	0.000001385
7137763.134	1.3	340.98	0.000001386
7137773.134	1.4	340.51	0.000001387
7137783.084	1.3	340.24	0.000001388
7137793.135	1.3	339.99	0.000001388
7137803.135	1.3	339.68	0.000001388
7137813.136	1.3	339.37	0.000001389
7137823.136	1.3	338.96	0.000001389
7137833.087	1.3	338.6	0.00000139
7137843.137	1.3	338.24	0.00000139
7137853.087	1.3	337.9	0.00000139
7137863.138	1.2	337.58	0.000001391
7137873.138	1.3	337.22	0.000001391
7137883.089	1.3	336.76	0.000001391
7137893.089	1.3	336.4	0.000001392
7137903.14	1.3	336.01	0.000001392
7137913.14	1.2	335.62	0.000001392
7137923.14	1.2	335.21	0.000001392
7137933.141	1.3	334.7	0.000001393
7137943.141	1.2	334.31	0.000001393
7137953.142	1.2	333.91	0.000001393
7137963.142	1.2	333.53	0.000001394
7137973.143	1.2	333.17	0.000001394
7137983.143	0.1	333.15	0	
