#1	
double	mdot(2501,2)
0	0
7123322.711	3.23
7123522.370	3.24
7123822.333	0.00
7123832.383	0.00
7123842.334	0.00
7123852.334	0.00
7123862.335	0.00
7123872.385	0.00
7123882.335	0.00
7123892.336	0.00
7123902.386	0.00
7123912.387	0.00
7123922.387	0.00
7123932.338	0.00
7123942.388	0.00
7123952.388	0.00
7123962.389	0.00
7123972.339	0.00
7123982.390	0.00
7123992.340	0.00
7124002.391	0.00
7124012.391	0.00
7124022.391	0.00
7124032.392	0.00
7124042.392	0.00
7124052.343	0.00
7124062.393	0.00
7124072.394	0.00
7124082.394	0.00
7124092.344	0.00
7124102.395	0.00
7124112.395	0.00
7124122.346	0.00
7124132.396	0.00
7124142.397	0.00
7124152.397	0.00
7124162.347	0.00
7124172.398	0.00
7124182.348	0.00
7124192.399	0.00
7124202.399	0.00
7124212.400	0.00
7124222.400	0.00
7124232.400	0.00
7124242.401	0.00
7124252.401	0.00
7124262.402	0.00
7124272.352	0.00
7124282.403	0.00
7124292.403	0.00
7124302.403	0.00
7124312.354	0.00
7124322.354	0.00
7124332.405	0.00
7124342.405	0.00
7124352.356	0.00
7124362.356	0.00
7124372.356	0.00
7124382.407	0.00
7124392.407	0.00
7124402.408	0.00
7124412.358	0.00
7124422.409	0.00
7124432.409	0.00
7124442.409	0.00
7124452.410	0.00
7124462.360	0.00
7124472.361	0.00
7124482.361	0.00
7124492.362	0.00
7124502.362	0.00
7124512.412	0.00
7124522.363	0.00
7124532.413	0.00
7124542.414	0.00
7124552.364	0.00
7124562.415	0.00
7124572.415	0.00
7124582.415	0.00
7124592.416	0.00
7124602.416	0.00
7124612.367	0.00
7124622.367	0.00
7124632.418	0.00
7124642.418	0.00
7124652.418	0.00
7124662.419	0.00
7124672.369	0.00
7124682.420	0.00
7124692.370	0.00
7124702.371	0.00
7124712.421	0.00
7124722.371	0.00
7124732.372	0.00
7124742.422	0.00
7124752.423	0.00
7124762.373	0.00
7124772.424	0.00
7124782.424	0.00
7124792.424	0.00
7124802.425	0.00
7124812.375	0.00
7124822.376	0.00
7124832.426	0.00
7124842.427	0.00
7124852.427	0.00
7124862.427	0.00
7124872.378	0.00
7124882.378	0.00
7124892.379	0.00
7124902.429	0.00
7124912.380	0.00
7124922.430	0.00
7124932.430	0.00
7124942.381	0.00
7124952.431	0.00
7124962.432	0.00
7124972.382	0.00
7124982.433	0.00
7124992.433	0.00
7125002.383	0.00
7125012.434	0.00
7125022.434	0.00
7125032.435	0.00
7125042.435	0.00
7125052.436	0.00
7125062.436	0.00
7125072.436	0.00
7125082.437	0.00
7125092.437	0.00
7125102.388	0.00
7125112.388	0.00
7125122.439	0.00
7125132.389	0.00
7125142.439	0.00
7125152.440	0.00
7125162.440	0.00
7125172.441	0.00
7125182.441	0.00
7125192.441	0.00
7125202.392	0.00
7125212.442	0.00
7125222.443	0.00
7125232.393	0.00
7125242.394	0.00
7125252.444	0.00
7125262.444	0.00
7125272.445	0.00
7125282.445	0.00
7125292.396	0.00
7125302.396	0.00
7125312.397	0.00
7125322.447	0.00
7125332.447	0.00
7125342.448	0.00
7125352.398	0.00
7125362.449	0.00
7125372.399	0.00
7125382.450	0.00
7125392.400	0.00
7125402.450	0.00
7125412.451	0.00
7125422.401	0.00
7125432.452	0.00
7125442.402	0.00
7125452.453	0.00
7125462.453	0.00
7125472.403	0.00
7125482.404	0.00
7125492.404	0.00
7125502.405	0.00
7125512.405	0.00
7125522.456	0.00
7125532.456	0.00
7125542.406	0.00
7125552.457	0.00
7125562.407	0.00
7125572.458	0.00
7125582.408	0.00
7125592.459	0.00
7125602.459	0.00
7125612.409	0.00
7125622.460	0.00
7125632.460	0.00
7125642.411	0.00
7125652.411	0.00
7125662.412	0.00
7125672.462	0.00
7125682.412	0.00
7125692.463	0.00
7125702.463	0.00
7125712.464	0.00
7125722.414	0.00
7125732.465	0.00
7125742.465	0.00
7125752.415	0.00
7125762.466	0.00
7125772.416	0.00
7125782.467	0.00
7125792.467	0.00
7125802.468	0.00
7125812.468	0.00
7125822.468	0.00
7125832.469	0.00
7125842.469	0.00
7125852.470	0.00
7125862.420	0.00
7125872.471	0.00
7125882.471	0.00
7125892.471	0.00
7125902.422	0.00
7125912.422	0.00
7125922.473	0.00
7125932.473	0.00
7125942.474	0.00
7125952.474	0.00
7125962.424	0.00
7125972.475	0.00
7125982.475	0.00
7125992.476	0.00
7126002.476	0.00
7126012.477	0.00
7126022.477	0.00
7126032.427	0.00
7126042.428	0.00
7126052.478	0.00
7126062.429	0.00
7126072.429	0.00
7126082.480	0.00
7126092.480	0.00
7126102.430	0.00
7126112.481	0.00
7126122.481	0.00
7126132.432	0.00
7126142.482	0.00
7126152.433	0.00
7126162.483	0.00
7126172.483	0.00
7126182.484	0.00
7126192.434	0.00
7126202.485	0.00
7126212.435	0.00
7126222.436	0.00
7126232.486	0.00
7126242.436	0.00
7126252.487	0.00
7126262.437	0.00
7126272.488	0.00
7126282.488	0.00
7126292.439	0.00
7126302.489	0.00
7126312.489	0.00
7126322.490	0.00
7126332.440	0.00
7126342.491	0.00
7126352.441	0.00
7126362.442	0.00
7126372.492	0.00
7126382.442	0.00
7126392.493	0.00
7126402.443	0.00
7126412.444	0.00
7126422.444	0.00
7126432.445	0.00
7126442.445	0.00
7126452.495	0.00
7126462.446	0.00
7126472.496	0.00
7126482.497	0.00
7126492.497	0.00
7126502.498	0.00
7126512.498	0.00
7126522.498	0.00
7126532.499	0.00
7126542.499	0.00
7126552.500	0.00
7126562.500	0.00
7126572.451	0.00
7126582.501	0.00
7126592.501	0.00
7126602.502	0.00
7126612.502	0.00
7126622.503	0.00
7126632.453	0.00
7126642.504	0.00
7126652.504	0.00
7126662.454	0.00
7126672.505	0.00
7126682.455	0.00
7126692.506	0.00
7126702.506	0.00
7126712.507	0.00
7126722.457	0.00
7126732.457	0.00
7126742.458	0.00
7126752.458	0.00
7126762.509	0.00
7126772.509	0.00
7126782.460	0.00
7126792.510	0.00
7126802.460	0.00
7126812.461	0.00
7126822.461	0.00
7126832.512	0.00
7126842.462	0.00
7126852.463	0.00
7126862.463	0.00
7126872.513	0.00
7126882.464	0.00
7126892.514	0.00
7126902.515	0.00
7126912.515	0.00
7126922.466	0.00
7126932.516	0.00
7126942.516	0.00
7126952.517	0.00
7126962.517	0.00
7126972.468	0.00
7126982.468	0.00
7126992.519	0.00
7127002.519	0.00
7127012.519	0.00
7127022.520	0.00
7127032.520	0.00
7127042.521	0.00
7127052.471	0.00
7127062.472	0.00
7127072.472	0.00
7127082.522	0.00
7127092.473	0.00
7127102.523	0.00
7127112.524	0.00
7127122.524	0.00
7127132.475	0.00
7127142.475	0.00
7127152.525	0.00
7127162.476	0.00
7127172.476	0.00
7127182.527	0.00
7127192.477	0.00
7127202.478	0.00
7127212.478	0.00
7127222.478	0.00
7127232.529	0.00
7127242.529	0.00
7127252.480	0.00
7127262.480	0.00
7127272.531	0.00
7127282.531	0.00
7127292.481	0.00
7127302.482	0.00
7127312.482	0.00
7127322.533	0.00
7127332.483	0.00
7127342.484	0.00
7127352.534	0.00
7127362.484	0.00
7127372.535	0.00
7127382.535	0.00
7127392.486	0.00
7127402.486	0.00
7127412.537	0.00
7127422.487	0.00
7127432.537	0.00
7127442.538	0.00
7127452.538	0.00
7127462.539	0.00
7127472.489	0.00
7127482.540	0.00
7127492.490	0.00
7127502.540	0.00
7127512.491	0.00
7127522.491	0.00
7127532.542	0.00
7127542.542	0.00
7127552.543	0.00
7127562.543	0.00
7127572.493	0.00
7127582.544	0.00
7127592.544	0.00
7127602.545	0.00
7127612.495	0.00
7127622.546	0.00
7127632.546	0.00
7127642.496	0.00
7127652.497	0.00
7127662.497	0.00
7127672.548	0.00
7127682.548	0.00
7127692.549	0.00
7127702.549	0.00
7127712.549	0.00
7127722.500	0.00
7127732.500	0.00
7127742.501	0.00
7127752.501	0.00
7127762.502	0.00
7127772.552	0.00
7127782.552	0.00
7127792.503	0.00
7127802.553	0.00
7127812.504	0.00
7127822.554	0.00
7127832.505	0.00
7127842.505	0.00
7127852.555	0.00
7127862.556	0.00
7127872.506	0.00
7127882.507	0.00
7127892.557	0.00
7127902.557	0.00
7127912.558	0.00
7127922.558	0.00
7127932.509	0.00
7127942.559	0.00
7127952.560	0.00
7127962.560	0.00
7127972.560	0.00
7127982.561	0.00
7127992.511	0.00
7128002.512	0.00
7128012.512	0.00
7128022.563	0.00
7128032.563	0.00
7128042.513	0.00
7128052.514	0.00
7128062.514	0.00
7128072.565	0.00
7128082.565	0.00
7128092.516	0.00
7128102.516	0.00
7128112.566	0.00
7128122.567	0.00
7128132.567	0.00
7128142.568	0.00
7128152.518	0.00
7128162.519	0.00
7128172.569	0.00
7128182.569	0.00
7128192.570	0.00
7128202.520	0.00
7128212.571	0.00
7128222.571	0.00
7128232.522	0.00
7128242.522	0.00
7128252.572	0.00
7128262.523	0.00
7128272.573	0.00
7128282.574	0.00
7128292.574	0.00
7128302.575	0.00
7128312.525	0.00
7128322.575	0.00
7128332.526	0.00
7128342.526	0.00
7128352.577	0.00
7128362.527	0.00
7128372.528	0.00
7128382.528	0.00
7128392.578	0.00
7128402.579	0.00
7128412.579	0.00
7128422.580	0.00
7128432.580	0.00
7128442.581	0.00
7128452.581	0.00
7128462.531	0.00
7128472.582	0.00
7128482.582	0.00
7128492.533	0.00
7128502.583	0.00
7128512.534	0.00
7128522.584	0.00
7128532.534	0.00
7128542.535	0.00
7128552.585	0.00
7128562.536	0.00
7128572.586	0.00
7128582.537	0.00
7128592.537	0.00
7128602.587	0.00
7128612.538	0.00
7128622.588	0.00
7128632.589	0.00
7128642.589	0.00
7128652.590	0.00
7128662.540	0.00
7128672.590	0.00
7128682.591	0.00
7128692.591	0.00
7128702.592	0.00
7128712.592	0.00
7128722.593	0.00
7128732.543	0.00
7128742.593	0.00
7128752.594	0.00
7128762.594	0.00
7128772.595	0.00
7128782.595	0.00
7128792.596	0.00
7128802.546	0.00
7128812.546	0.00
7128822.597	0.00
7128832.597	0.00
7128842.598	0.00
7128852.598	0.00
7128862.599	0.00
7128872.549	0.00
7128882.599	0.00
7128892.600	0.00
7128902.600	0.00
7128912.601	0.00
7128922.551	0.00
7128932.602	0.00
7128942.552	0.00
7128952.602	0.00
7128962.603	0.00
7128972.553	0.00
7128982.604	0.00
7128992.554	0.00
7129002.605	0.00
7129012.555	0.00
7129022.605	0.00
7129032.606	0.00
7129042.556	0.00
7129052.557	0.00
7129062.607	0.00
7129072.558	0.00
7129082.558	0.00
7129092.608	0.00
7129102.609	0.00
7129112.559	0.00
7129122.610	0.00
7129132.610	0.00
7129142.611	0.00
7129152.561	0.00
7129162.611	0.00
7129172.612	0.00
7129182.612	0.00
7129192.613	0.00
7129202.613	0.00
7129212.614	0.00
7129222.614	0.00
7129232.614	0.00
7129242.615	0.00
7129252.615	0.00
7129262.566	0.00
7129272.616	0.00
7129282.617	0.00
7129292.617	0.00
7129302.617	0.00
7129312.618	0.00
7129322.618	0.00
7129332.619	0.00
7129342.619	0.00
7129352.570	0.00
7129362.620	0.00
7129372.620	0.00
7129382.621	0.00
7129392.621	0.00
7129402.622	0.00
7129412.622	0.00
7129422.623	0.00
7129432.623	0.00
7129442.623	0.00
7129452.574	0.00
7129462.574	0.00
7129472.625	0.00
7129482.625	0.00
7129492.626	0.00
7129502.626	0.00
7129512.626	0.00
7129522.627	0.00
7129532.627	0.00
7129542.628	0.00
7129552.628	0.00
7129562.629	0.00
7129572.579	0.00
7129582.579	0.00
7129592.580	0.00
7129602.630	0.00
7129612.631	0.00
7129622.631	0.00
7129632.582	0.00
7129642.582	0.00
7129652.582	0.00
7129662.633	0.00
7129672.583	0.00
7129682.584	0.00
7129692.634	0.00
7129702.635	0.00
7129712.585	0.00
7129722.585	0.00
7129732.636	0.00
7129742.636	0.00
7129752.637	0.00
7129762.637	0.00
7129772.638	0.00
7129782.638	0.00
7129792.638	0.00
7129802.639	0.00
7129812.589	0.00
7129822.640	0.00
7129832.640	0.00
7129842.641	0.00
7129852.641	0.00
7129862.591	0.00
7129872.642	0.00
7129882.592	0.00
7129892.643	0.00
7129902.643	0.00
7129912.644	0.00
7129922.594	0.00
7129932.594	0.00
7129942.595	0.00
7129952.595	0.00
7129962.596	0.00
7129972.646	0.00
7129982.647	0.00
7129992.597	0.00
7130002.597	0.00
7130012.648	0.00
7130022.648	0.00
7130032.599	0.00
7130042.649	0.00
7130052.600	0.00
7130062.600	0.00
7130072.650	0.00
7130082.651	0.00
7130092.651	0.00
7130102.652	0.00
7130112.652	0.00
7130122.603	0.00
7130132.653	0.00
7130142.653	0.00
7130152.654	0.00
7130162.654	0.00
7130172.605	0.00
7130182.655	0.00
7130192.606	0.00
7130202.606	0.00
7130212.606	0.00
7130222.657	0.00
7130232.657	0.00
7130242.658	0.00
7130252.658	0.00
7130262.659	0.00
7130272.659	0.00
7130282.609	0.00
7130292.610	0.00
7130302.660	0.00
7130312.661	0.00
7130322.611	0.00
7130332.662	0.00
7130342.662	0.00
7130352.662	0.00
7130362.613	0.00
7130372.663	0.00
7130382.614	0.00
7130392.614	0.00
7130402.615	0.00
7130412.665	0.00
7130422.665	0.00
7130432.666	0.00
7130442.666	0.00
7130452.617	0.00
7130462.617	0.00
7130472.618	0.00
7130482.668	0.00
7130492.668	0.00
7130502.669	0.00
7130512.619	0.00
7130522.670	0.00
7130532.670	0.00
7130542.670	0.00
7130552.671	0.00
7130562.621	0.00
7130572.672	0.00
7130582.622	0.00
7130592.673	0.00
7130602.673	0.00
7130612.673	0.00
7130622.624	0.00
7130632.674	0.00
7130642.625	0.00
7130652.625	0.00
7130662.676	0.00
7130672.676	0.00
7130682.676	0.00
7130692.677	0.00
7130702.627	0.00
7130712.678	0.00
7130722.678	0.00
7130732.629	0.00
7130742.679	0.00
7130752.629	0.00
7130762.680	0.00
7130772.630	0.00
7130782.681	0.00
7130792.631	0.00
7130802.632	0.00
7130812.682	0.00
7130822.632	0.00
7130832.633	0.00
7130842.683	0.00
7130852.634	0.00
7130862.684	0.00
7130872.635	0.00
7130882.685	0.00
7130892.635	0.00
7130902.636	0.00
7130912.636	0.00
7130922.637	0.00
7130932.637	0.00
7130942.688	0.00
7130952.638	0.00
7130962.638	0.00
7130972.689	0.00
7130982.639	0.00
7130992.640	0.00
7131002.690	0.00
7131012.691	0.00
7131022.641	0.00
7131032.691	0.00
7131042.642	0.00
7131052.692	0.00
7131062.643	0.00
7131072.643	0.00
7131082.694	0.00
7131092.644	0.00
7131102.694	0.00
7131112.695	0.00
7131122.645	0.00
7131132.696	0.00
7131142.696	0.00
7131152.647	0.00
7131162.697	0.00
7131172.697	0.00
7131182.698	0.00
7131192.698	0.00
7131202.649	0.00
7131212.699	0.00
7131222.700	0.00
7131232.650	0.00
7131242.650	0.00
7131252.651	0.00
7131262.651	0.00
7131272.652	0.00
7131282.652	0.00
7131292.703	0.00
7131302.703	0.00
7131312.703	0.00
7131322.704	0.00
7131332.654	0.00
7131342.655	0.00
7131352.655	0.00
7131362.706	0.00
7131372.656	0.00
7131382.656	0.00
7131392.707	0.00
7131402.707	0.00
7131412.658	0.00
7131422.658	0.00
7131432.659	0.00
7131442.709	0.00
7131452.709	0.00
7131462.710	0.00
7131472.660	0.00
7131482.711	0.00
7131492.711	0.00
7131502.712	0.00
7131512.712	0.00
7131522.712	0.00
7131532.663	0.00
7131542.663	0.00
7131552.714	0.00
7131562.664	0.00
7131572.665	0.00
7131582.715	0.00
7131592.665	0.00
7131602.716	0.00
7131612.716	0.00
7131622.667	0.00
7131632.667	0.00
7131642.668	0.00
7131652.718	0.00
7131662.668	0.00
7131672.719	0.00
7131682.719	0.00
7131692.670	0.00
7131702.670	0.00
7131712.671	0.00
7131722.721	0.00
7131732.721	0.00
7131742.722	0.00
7131752.722	0.00
7131762.723	0.00
7131772.723	0.00
7131782.724	0.00
7131792.674	0.00
7131802.674	0.00
7131812.675	0.00
7131822.675	0.00
7131832.676	0.00
7131842.726	0.00
7131852.677	0.00
7131862.727	0.00
7131872.727	0.00
7131882.678	0.00
7131892.678	0.00
7131902.679	0.00
7131912.729	0.00
7131922.730	0.00
7131932.730	0.00
7131942.730	0.00
7131952.681	0.00
7131962.731	0.00
7131972.732	0.00
7131982.682	0.00
7131992.733	0.00
7132002.733	0.00
7132012.733	0.00
7132022.734	0.00
7132032.734	0.00
7132042.735	0.00
7132052.735	0.00
7132062.736	0.00
7132072.736	0.00
7132082.686	0.00
7132092.737	0.00
7132102.737	0.00
7132112.738	0.00
7132122.688	0.00
7132132.689	0.00
7132142.739	0.00
7132152.739	0.00
7132162.690	0.00
7132172.740	0.00
7132182.741	0.00
7132192.691	0.00
7132202.692	0.00
7132212.742	0.00
7132222.692	0.00
7132232.693	0.00
7132242.693	0.00
7132252.744	0.00
7132262.694	0.00
7132272.745	0.00
7132282.745	0.00
7132292.745	0.00
7132302.696	0.00
7132312.696	0.00
7132322.747	0.00
7132332.697	0.00
7132342.748	0.00
7132352.748	0.00
7132362.748	0.00
7132372.749	0.00
7132382.699	0.00
7132392.750	0.00
7132402.700	0.00
7132412.751	0.00
7132422.751	0.00
7132432.701	0.00
7132442.752	0.00
7132452.752	0.00
7132462.753	0.00
7132472.703	0.00
7132482.754	0.00
7132492.704	0.00
7132502.754	0.00
7132512.755	0.00
7132522.755	0.00
7132532.756	0.00
7132542.756	0.00
7132552.757	0.00
7132562.707	0.00
7132572.707	0.00
7132582.758	0.00
7132592.708	0.00
7132602.709	0.00
7132612.759	0.00
7132622.760	0.00
7132632.760	0.00
7132642.760	0.00
7132652.761	0.00
7132662.761	0.00
7132672.762	0.00
7132682.712	0.00
7132692.713	0.00
7132702.763	0.00
7132712.763	0.00
7132722.714	0.00
7132732.764	0.00
7132742.765	0.00
7132752.765	0.00
7132762.766	0.00
7132772.766	0.00
7132782.766	0.00
7132792.767	0.00
7132802.767	0.00
7132812.768	0.00
7132822.768	0.00
7132832.719	0.00
7132842.719	0.00
7132852.769	0.00
7132862.720	0.00
7132872.770	0.00
7132882.771	0.00
7132892.721	0.00
7132902.772	0.00
7132912.772	0.00
7132922.722	0.00
7132932.723	0.00
7132942.773	0.00
7132952.724	0.00
7132962.774	0.00
7132972.775	0.00
7132982.775	0.00
7132992.725	0.00
7133002.776	0.00
7133012.776	0.00
7133022.777	0.00
7133032.777	0.00
7133042.778	0.00
7133052.728	0.00
7133062.778	0.00
7133072.779	0.00
7133082.779	0.00
7133092.730	0.00
7133102.780	0.00
7133112.781	0.00
7133122.781	0.00
7133132.731	0.00
7133142.782	0.00
7133152.732	0.00
7133162.733	0.00
7133172.783	0.00
7133182.783	0.00
7133192.734	0.00
7133202.784	0.00
7133212.735	0.00
7133222.785	0.00
7133232.786	0.00
7133242.736	0.00
7133252.786	0.00
7133262.737	0.00
7133272.787	0.00
7133282.788	0.00
7133292.788	0.00
7133302.789	0.00
7133312.789	0.00
7133322.789	0.00
7133332.740	0.00
7133342.740	0.00
7133352.791	0.00
7133362.741	0.00
7133372.742	0.00
7133382.742	0.00
7133392.792	0.00
7133402.743	0.00
7133412.793	0.00
7133422.794	1.36
7133432.744	1.36
7133442.745	1.36
7133452.795	1.36
7133462.795	1.36
7133472.746	1.36
7133482.796	1.36
7133492.797	1.36
7133502.797	1.36
7133512.798	1.36
7133522.798	1.36
7133532.748	1.36
7133542.749	1.36
7133552.749	1.36
7133562.800	1.36
7133572.750	1.36
7133582.751	1.36
7133592.751	1.36
7133602.751	1.36
7133612.802	1.36
7133622.802	1.36
7133632.753	1.36
7133642.753	1.36
7133652.804	1.36
7133662.804	1.36
7133672.804	1.36
7133682.805	1.36
7133692.805	1.36
7133702.806	1.36
7133712.756	1.36
7133722.807	1.36
7133732.807	1.36
7133742.757	1.36
7133752.808	1.36
7133762.808	1.36
7133772.759	1.36
7133782.809	1.36
7133792.760	1.36
7133802.760	1.36
7133812.760	1.36
7133822.761	1.36
7133832.811	1.36
7133842.812	1.36
7133852.762	1.36
7133862.763	1.36
7133872.813	1.36
7133882.813	1.36
7133892.814	1.36
7133902.764	1.36
7133912.765	1.36
7133922.765	1.35
7133932.766	1.35
7133942.816	1.35
7133952.816	1.35
7133962.767	1.35
7133972.767	1.35
7133982.818	1.35
7133992.818	1.35
7134002.769	1.35
7134012.769	1.35
7134022.819	1.35
7134032.770	1.35
7134042.820	1.35
7134052.821	1.35
7134062.821	1.35
7134072.772	1.35
7134082.772	1.35
7134092.772	1.35
7134102.823	1.35
7134112.773	1.35
7134122.824	1.35
7134132.824	1.35
7134142.775	1.35
7134152.775	1.35
7134162.775	1.35
7134172.776	1.35
7134182.776	1.35
7134192.827	1.35
7134202.777	1.35
7134212.778	1.35
7134222.828	1.35
7134232.828	1.35
7134242.779	1.35
7134252.829	1.35
7134262.830	1.35
7134272.830	1.35
7134282.831	1.35
7134292.831	1.35
7134302.781	1.35
7134312.832	1.35
7134322.782	1.35
7134332.833	1.35
7134342.783	1.35
7134352.834	1.35
7134362.834	1.35
7134372.834	1.35
7134382.785	1.35
7134392.785	1.35
7134402.786	1.35
7134412.836	1.35
7134422.837	1.35
7134432.837	1.35
7134442.787	1.35
7134452.838	1.35
7134462.838	1.35
7134472.839	1.35
7134482.789	1.35
7134492.840	1.35
7134502.840	1.35
7134512.790	1.35
7134522.791	1.35
7134532.841	1.35
7134542.842	1.35
7134552.842	1.35
7134562.793	1.35
7134572.793	1.36
7134582.793	1.36
7134592.794	1.36
7134602.844	1.36
7134612.845	1.36
7134622.795	1.36
7134632.846	1.36
7134642.846	1.36
7134652.846	1.36
7134662.847	1.36
7134672.847	1.36
7134682.848	1.36
7134692.848	1.36
7134702.849	1.36
7134712.849	1.36
7134722.849	1.36
7134732.850	1.36
7134742.800	1.36
7134752.851	1.36
7134762.851	1.36
7134772.852	1.36
7134782.802	1.36
7134792.852	1.36
7134802.803	1.36
7134812.803	1.36
7134822.804	1.36
7134832.854	1.36
7134842.805	1.36
7134852.855	1.36
7134862.805	1.36
7134872.856	1.36
7134882.856	1.36
7134892.807	1.36
7134902.807	1.36
7134912.808	1.36
7134922.808	1.36
7134932.808	1.36
7134942.859	1.36
7134952.859	1.36
7134962.810	1.36
7134972.810	1.36
7134982.861	1.36
7134992.811	1.36
7135002.861	1.36
7135012.862	1.36
7135022.862	1.36
7135032.863	1.36
7135042.813	1.36
7135052.864	1.36
7135062.864	1.36
7135072.864	1.36
7135082.815	1.36
7135092.815	1.36
7135102.866	1.36
7135112.816	1.36
7135122.817	1.36
7135132.867	1.36
7135142.817	1.36
7135152.818	1.36
7135162.818	1.36
7135172.869	1.36
7135182.869	1.36
7135192.870	1.36
7135202.820	1.36
7135212.870	1.36
7135222.871	1.36
7135232.871	1.36
7135242.822	1.36
7135252.822	1.36
7135262.823	1.36
7135272.873	1.36
7135282.823	1.36
7135292.874	1.36
7135302.824	1.36
7135312.825	1.36
7135322.875	1.36
7135332.826	1.36
7135342.826	1.36
7135352.826	1.36
7135362.827	1.36
7135372.827	1.36
7135382.828	1.36
7135392.878	1.36
7135402.829	1.36
7135412.879	1.36
7135422.879	1.36
7135432.830	1.36
7135442.830	1.36
7135452.881	1.36
7135462.831	1.36
7135472.832	1.36
7135482.832	1.36
7135492.832	1.36
7135502.833	1.36
7135512.833	1.36
7135522.884	1.36
7135532.884	1.36
7135542.885	1.36
7135552.835	1.36
7135562.885	1.36
7135572.836	1.36
7135582.836	1.36
7135592.837	1.36
7135602.837	1.36
7135612.888	1.36
7135622.838	1.36
7135632.838	1.36
7135642.839	1.36
7135652.839	1.36
7135662.840	1.36
7135672.890	1.36
7135682.841	1.36
7135692.891	1.36
7135702.891	1.36
7135712.892	1.36
7135722.842	1.36
7135732.843	1.36
7135742.893	1.36
7135752.844	1.36
7135762.844	1.36
7135772.844	1.36
7135782.895	1.36
7135792.895	1.36
7135802.896	1.36
7135812.896	1.36
7135822.896	1.36
7135832.897	1.36
7135842.897	1.36
7135852.848	1.36
7135862.898	1.36
7135872.899	1.36
7135882.849	1.36
7135892.899	1.36
7135902.850	1.36
7135912.850	1.36
7135922.851	1.36
7135932.901	1.36
7135942.902	1.36
7135952.902	1.36
7135962.852	1.36
7135972.853	1.36
7135982.853	1.36
7135992.904	1.36
7136002.854	1.36
7136012.855	1.36
7136022.855	1.36
7136032.905	1.36
7136042.906	1.36
7136052.856	1.36
7136062.907	1.36
7136072.857	1.36
7136082.908	1.36
7136092.858	1.36
7136102.908	1.36
7136112.909	1.36
7136122.909	1.36
7136132.910	1.36
7136142.910	1.36
7136152.861	1.36
7136162.911	1.36
7136172.911	1.36
7136182.862	1.36
7136192.862	1.36
7136202.913	1.36
7136212.863	1.36
7136222.914	1.36
7136232.864	1.36
7136242.914	1.36
7136252.865	1.36
7136262.865	1.36
7136272.916	1.36
7136282.916	1.36
7136292.917	1.36
7136302.867	1.36
7136312.867	1.36
7136322.918	1.36
7136332.868	1.36
7136342.869	1.36
7136352.919	1.36
7136362.870	1.36
7136372.870	1.36
7136382.920	1.36
7136392.921	1.36
7136402.871	1.36
7136412.872	1.36
7136422.922	1.36
7136432.873	1.36
7136442.873	1.36
7136452.873	1.36
7136462.874	1.36
7136472.874	1.36
7136482.875	1.36
7136492.875	1.36
7136502.926	1.36
7136512.876	1.36
7136522.926	1.36
7136532.927	1.36
7136542.927	1.36
7136552.878	1.36
7136562.878	1.36
7136572.929	1.36
7136582.879	1.36
7136592.879	1.36
7136602.930	1.36
7136612.930	1.36
7136622.881	1.36
7136632.931	1.36
7136642.882	1.36
7136652.932	1.36
7136662.932	1.36
7136672.883	1.36
7136682.883	1.36
7136692.884	1.36
7136702.884	1.36
7136712.885	1.36
7136722.885	1.36
7136732.885	1.36
7136742.936	1.36
7136752.936	1.36
7136762.937	1.36
7136772.887	1.36
7136782.938	1.36
7136792.888	1.36
7136802.938	1.36
7136812.939	1.36
7136822.889	1.36
7136832.890	1.36
7136842.890	1.36
7136852.891	1.36
7136862.891	1.36
7136872.891	1.36
7136882.942	1.36
7136892.892	1.36
7136902.893	1.36
7136912.943	1.36
7136922.944	1.36
7136932.944	1.36
7136942.894	1.36
7136952.895	1.36
7136962.945	1.36
7136972.946	1.36
7136982.896	1.36
7136992.897	1.36
7137002.947	1.36
7137012.947	1.36
7137022.948	1.36
7137032.898	1.36
7137042.899	1.36
7137052.899	1.36
7137062.900	1.36
7137072.900	1.36
7137082.950	1.36
7137092.901	1.36
7137102.951	1.36
7137112.902	1.36
7137122.952	1.36
7137132.953	1.36
7137142.903	1.36
7137152.903	1.36
7137162.954	1.36
7137172.904	1.36
7137182.955	1.36
7137192.905	1.36
7137202.956	1.36
7137212.956	1.36
7137222.956	1.36
7137232.957	1.36
7137242.907	1.36
7137252.958	1.36
7137262.958	1.36
7137272.959	1.35
7137282.909	1.35
7137292.959	1.35
7137302.910	1.35
7137312.910	1.35
7137322.961	1.35
7137332.911	1.35
7137342.912	1.35
7137352.962	1.35
7137362.962	1.35
7137372.913	1.35
7137382.963	1.35
7137392.964	1.35
7137402.964	1.35
7137412.965	1.35
7137422.915	1.35
7137432.965	1.35
7137442.916	1.35
7137452.966	1.35
7137462.967	1.35
7137472.967	1.35
7137482.918	1.35
7137492.918	1.35
7137502.968	1.35
7137512.969	1.35
7137522.919	1.35
7137532.970	1.35
7137542.920	1.35
7137552.921	1.35
7137562.971	1.35
7137572.921	1.35
7137582.922	1.35
7137592.922	1.35
7137602.923	1.35
7137612.923	1.35
7137622.924	1.35
7137632.924	1.35
7137642.974	1.35
7137652.925	1.35
7137662.925	1.35
7137672.926	1.35
7137682.926	1.35
7137692.977	1.35
7137702.927	1.35
7137712.977	1.35
7137722.978	1.35
7137732.928	1.35
7137742.979	1.35
7137752.929	1.35
7137762.930	1.35
7137772.980	1.35
7137782.980	1.35
7137792.931	1.35
7137802.931	1.35
7137812.932	1.35
7137822.932	1.35
7137832.983	1.35
7137842.983	1.35
7137852.983	1.35
7137862.934	1.35
7137872.984	1.35
7137882.935	1.35
7137892.935	1.35
7137902.936	1.35
7137912.986	1.35
7137922.986	1.35
7137932.987	1.35
7137942.937	1.35
7137952.938	1.35
7137962.988	1.35
7137972.939	1.35
7137982.989	1.35
7137992.989	1.35
7138002.990	1.35
7138012.940	1.35
7138022.941	1.35
7138032.941	1.35
7138042.942	1.35
7138052.992	1.35
7138062.942	1.35
7138072.993	1.35
7138082.943	1.35
7138092.994	1.35
7138102.944	1.35
7138112.945	1.35
7138122.945	1.35
7138132.945	1.35
7138142.996	1.35
7138152.946	1.35
7138162.947	1.35
7138172.947	1.35
7138182.948	1.35
7138192.948	1.35
7138202.998	1.35
7138212.999	1.35
7138222.949	1.35
7138232.950	1.35
7138243.000	1.35
7138252.951	1.35
7138262.951	1.35
7138273.001	1.35
7138282.952	1.35
7138292.952	1.35
7138302.953	1.35
7138312.953	1.35
7138322.954	1.35
7138333.004	1.35
7138343.004	1.35
7138352.955	1.35
7138363.005	1.35
7138372.956	1.35
7138382.956	1.35
7138392.957	1.35
7138402.957	1.35
7138412.957	1.35
7138422.958	1.35
7138432.958	1.35
7138442.959	1.35
7138452.959	1.35
7138462.960	1.35
7138472.960	1.35
7138482.960	1.35
7138492.961	1.35
7138502.961	1.35
7138513.012	1.35
7138522.962	1.35
7138533.012	1.35
7138543.013	1.35
7138552.963	1.35
7138563.014	1.35
7138572.964	1.35
7138582.965	1.35
7138592.965	1.35
7138603.015	1.35
7138613.016	1.35
7138623.016	1.35
7138632.967	1.35
7138642.967	1.35
7138652.968	1.35
7138663.018	1.35
7138673.018	1.35
7138683.019	1.35
7138693.019	1.35
7138702.970	1.35
7138712.970	1.35
7138723.021	1.35
7138732.971	1.35
7138743.021	1.35
7138753.022	1.35
7138762.972	1.35
7138773.023	1.35
7138782.973	1.35
7138792.974	1.35
7138802.974	1.35
7138812.974	1.35
7138823.025	1.35
7138833.025	1.35
7138843.026	1.35
7138852.976	1.35
7138862.977	1.35
7138873.027	1.35
7138882.977	1.35
7138893.028	1.35
7138902.978	1.35
7138913.029	1.35
7138922.979	1.35
7138933.030	1.35
7138943.030	1.35
7138952.980	1.35
7138963.031	1.35
7138973.031	1.35
7138983.032	1.35
7138993.032	1.35
7139003.033	1.35
7139013.033	1.35
7139023.033	1.35
7139032.984	1.35
7139043.034	1.35
7139052.985	1.35
7139063.035	1.35
7139072.986	1.35
7139083.036	1.35
7139092.986	1.35
7139102.987	1.35
7139112.987	1.35
7139122.988	1.35
7139133.038	1.35
7139142.989	1.35
7139153.039	1.35
7139163.039	1.35
7139172.990	1.35
7139182.990	1.35
7139193.041	1.35
7139203.041	1.35
7139212.992	1.35
7139222.992	1.35
7139233.042	1.35
7139242.993	1.35
7139253.043	1.35
7139263.044	1.35
7139273.044	1.35
7139283.045	1.35
7139292.995	1.35
7139303.045	1.35
7139312.996	1.35
7139323.046	1.35
7139332.997	1.35
7139342.997	1.35
7139352.998	1.35
7139363.048	1.35
7139372.998	1.35
7139383.049	1.35
7139393.049	1.35
7139403.000	1.35
7139413.000	1.35
7139423.001	1.35
7139433.051	1.35
7139443.001	1.35
7139453.052	1.35
7139463.002	1.35
7139473.003	1.35
7139483.003	1.35
7139493.054	1.35
7139503.004	1.35
7139513.004	1.35
7139523.055	1.35
7139533.055	1.35
7139543.006	1.35
7139553.056	1.35
7139563.007	1.35
7139573.057	1.35
7139583.007	1.35
7139593.008	1.35
7139603.008	1.35
7139613.059	1.35
7139623.009	1.35
7139633.060	1.35
7139643.060	1.35
7139653.060	1.35
7139663.061	1.35
7139673.011	1.35
7139683.062	1.35
7139693.012	1.35
7139703.013	1.35
7139713.063	1.35
7139723.063	1.35
7139733.014	1.35
7139743.014	1.35
7139753.015	1.35
7139763.065	1.35
7139773.066	1.35
7139783.016	1.35
7139793.066	1.35
7139803.017	1.35
7139813.067	1.35
7139823.068	1.35
7139833.018	1.35
7139843.019	1.35
7139853.069	1.35
7139863.019	1.35
7139873.020	1.35
7139883.020	1.35
7139893.071	1.35
7139903.021	1.35
7139913.072	1.35
7139923.072	1.35
7139933.022	1.35
7139943.023	1.35
7139953.073	1.35
7139963.024	1.35
7139973.024	1.35
7139983.025	1.35
7139993.025	1.35
7140003.025	1.35
7140013.076	1.35
7140023.026	1.35
7140033.027	1.35
7140043.027	1.35
7140053.028	1.35
7140063.078	1.35
7140073.028	1.35
7140083.079	1.35
7140093.079	1.35
7140103.080	1.35
7140113.030	1.35
7140123.081	1.35
7140133.031	1.35
7140143.081	1.35
7140153.082	1.35
7140163.032	1.35
7140173.083	1.35
7140183.033	1.35
7140193.084	1.35
7140203.084	1.35
7140213.084	1.35
7140223.085	1.35
7140233.035	1.35
7140243.036	1.35
7140253.086	1.35
7140263.087	1.35
7140273.037	1.35
7140283.087	1.35
7140293.088	1.35
7140303.088	1.35
7140313.089	1.35
7140323.039	1.35
7140333.040	1.35
7140343.040	1.35
7140353.040	1.35
7140363.091	1.35
7140373.041	1.35
7140383.042	1.35
7140393.042	1.35
7140403.043	1.35
7140413.043	1.35
7140423.093	1.35
7140433.094	1.35
7140443.044	1.35
7140453.095	1.35
7140463.045	1.35
7140473.096	1.35
7140483.046	1.35
7140493.046	1.35
7140503.097	1.35
7140513.047	1.35
7140523.048	1.35
7140533.048	1.35
7140543.049	1.35
7140553.049	1.35
7140563.049	1.35
7140573.050	1.35
7140583.100	1.35
7140593.101	1.35
7140603.051	1.35
7140613.102	1.35
7140623.102	1.35
7140633.102	1.35
7140643.103	1.35
7140653.053	1.35
7140663.054	1.35
7140673.054	1.34
7140683.105	1.34
7140693.105	1.34
7140703.105	1.34
7140713.106	1.34
7140723.056	1.34
7140733.057	1.34
7140743.107	1.34
7140753.108	1.34
7140763.108	1.34
7140773.108	1.34
7140783.109	1.34
7140793.109	1.34
7140803.110	1.34
7140813.060	1.34
7140823.061	1.34
7140833.111	1.34
7140843.061	1.34
7140853.112	1.34
7140863.062	1.34
7140873.113	1.34
7140883.113	1.34
7140893.064	1.34
7140903.064	1.34
7140913.114	1.34
7140923.065	1.35
7140933.065	1.35
7140943.116	1.35
7140953.066	1.35
7140963.067	1.35
7140973.067	1.35
7140983.117	1.35
7140993.118	1.35
7141003.068	1.35
7141013.119	1.35
7141023.119	1.35
7141033.120	1.35
7141043.120	1.35
7141053.070	1.35
7141063.121	1.35
7141073.121	1.35
7141083.122	1.35
7141093.072	1.35
7141103.122	1.35
7141113.073	1.35
7141123.123	1.35
7141133.124	1.35
7141143.074	1.35
7141153.075	1.35
7141163.125	1.36
7141173.075	1.36
7141183.076	1.36
7141193.126	1.36
7141203.127	1.36
7141213.127	1.36
7141223.078	1.36
7141233.128	1.36
7141243.128	1.36
7141253.129	1.36
7141263.129	1.36
7141273.130	1.36
7141283.130	1.36
7141293.131	1.36
7141303.131	1.36
7141313.081	1.36
7141323.082	1.36
7141333.132	1.36
7141343.083	1.36
7141353.133	1.36
7141363.134	1.36
7141373.134	1.36
7141383.084	1.36
7141393.135	1.36
7141403.135	1.36
7141413.136	1.37
7141423.136	1.37
7141433.087	1.37
7141443.137	1.37
7141453.087	1.37
7141463.138	1.37
7141473.138	1.37
7141483.089	1.37
7141493.089	1.37
7141503.140	1.37
7141513.140	1.37
7141523.140	1.37
7141533.141	1.37
7141543.141	1.37
7141553.142	1.37
7141563.142	1.37
7141573.143	1.37
31557185.890	0.00
31557185.900	0.00
31557185.910	0.00
31557185.920	0.00
31557185.930	0.00
31557185.940	0.00
31557185.950	0.00
31557185.960	0.00
31557185.970	0.00
31557185.980	0.00
31557185.990	0.00
31557186.000	0.00
31557186.010	0.00
31557186.020	0.00
31557186.030	0.00
31557186.040	0.00
31557186.050	0.00
31557186.060	0.00
31557186.070	0.00
31557186.080	0.00
31557186.090	0.00
31557186.100	0.00
31557186.110	0.00
31557186.120	0.00
31557186.130	0.00
31557186.140	0.00
31557186.150	0.00
31557186.160	0.00
31557186.170	0.00
31557186.180	0.00
31557186.190	0.00
31557186.200	0.00
31557186.210	0.00
31557186.220	0.00
31557186.230	0.00
31557186.240	0.00
31557186.250	0.00
31557186.260	0.00
31557186.270	0.00
31557186.280	0.00
31557186.290	0.00
31557186.300	0.00
31557186.310	0.00
31557186.320	0.00
31557186.330	0.00
31557186.340	0.00
31557186.350	0.00
31557186.360	0.00
31557186.370	0.00
31557186.380	0.00
31557186.390	0.00
31557186.400	0.00
31557186.410	0.00
31557186.420	0.00
31557186.430	0.00
31557186.440	0.00
31557186.450	0.00
31557186.460	0.00
31557186.470	0.00
31557186.480	0.00
31557186.490	0.00
31557186.500	0.00
31557186.510	0.00
31557186.520	0.00
31557186.530	0.00
31557186.540	0.00
31557186.550	0.00
31557186.560	0.00
31557186.570	0.00
31557186.580	0.00
31557186.590	0.00
31557186.600	0.00
31557186.610	0.00
31557186.620	0.00
31557186.630	0.00
31557186.640	0.00
31557186.650	0.00
31557186.660	0.00
31557186.670	0.00
31557186.680	0.00
31557186.690	0.00
31557186.700	0.00
31557186.710	0.00
31557186.720	0.00
31557186.730	0.00
31557186.740	0.00
31557186.750	0.00
31557186.760	0.00
31557186.770	0.00
31557186.780	0.00
31557186.790	0.00
31557186.800	0.00
31557186.810	0.00
31557186.820	0.00
31557186.830	0.00
31557186.840	0.00
31557186.850	0.00
31557186.860	0.00
31557186.870	0.00
31557186.880	0.00
31557186.890	0.00
31557186.900	0.00
31557186.910	0.00
31557186.920	0.00
31557186.930	0.00
31557186.940	0.00
31557186.950	0.00
31557186.960	0.00
31557186.970	0.00
31557186.980	0.00
31557186.990	0.00
31557187.000	0.00
31557187.010	0.00
31557187.020	0.00
31557187.030	0.00
31557187.040	0.00
31557187.050	0.00
31557187.060	0.00
31557187.070	0.00
31557187.080	0.00
31557187.090	0.00
31557187.100	0.00
31557187.110	0.00
31557187.120	0.00
31557187.130	0.00
31557187.140	0.00
31557187.150	0.00
31557187.160	0.00
31557187.170	0.00
31557187.180	0.00
31557187.190	0.00
31557187.200	0.00
31557187.210	0.00
31557187.220	0.00
31557187.230	0.00
31557187.240	0.00
31557187.250	0.00
31557187.260	0.00
31557187.270	0.00
31557187.280	0.00
31557187.290	0.00
31557187.300	0.00
31557187.310	0.00
31557187.320	0.00
31557187.330	0.00
31557187.340	0.00
31557187.350	0.00
31557187.360	0.00
31557187.370	0.00
31557187.380	0.00
31557187.390	0.00
31557187.400	0.00
31557187.410	0.00
31557187.420	0.00
31557187.430	0.00
31557187.440	0.00
31557187.450	0.00
31557187.460	0.00
31557187.470	0.00
31557187.480	0.00
31557187.490	0.00
31557187.500	0.00
31557187.510	0.00
31557187.520	0.00
31557187.530	0.00
31557187.540	0.00
31557187.550	0.00
31557187.560	0.00
31557187.570	0.00
31557187.580	0.00
31557187.590	0.00
31557187.600	0.00
31557187.610	0.00
31557187.620	0.00
31557187.630	0.00
31557187.640	0.00
31557187.650	0.00
31557187.660	0.00
31557187.670	0.00
31557187.680	0.00
31557187.690	0.00
31557187.700	0.00
31557187.710	0.00
31557187.720	0.00
31557187.730	0.00
31557187.740	0.00
31557187.750	0.00
31557187.760	0.00
31557187.770	0.00
31557187.780	0.00
31557187.790	0.00
31557187.800	0.00
31557187.810	0.00
31557187.820	0.00
31557187.830	0.00
31557187.840	0.00
31557187.850	0.00
31557187.860	0.00
31557187.870	0.00
31557187.880	0.00
31557187.890	0.00
31557187.900	0.00
31557187.910	0.00
31557187.920	0.00
31557187.930	0.00
31557187.940	0.00
31557187.950	0.00
31557187.960	0.00
31557187.970	0.00
31557187.980	0.00
31557187.990	0.00
31557188.000	0.00
31557188.010	0.00
31557188.020	0.00
31557188.030	0.00
31557188.040	0.00
31557188.050	0.00
31557188.060	0.00
31557188.070	0.00
31557188.080	0.00
31557188.090	0.00
31557188.100	0.00
31557188.110	0.00
31557188.120	0.00
31557188.130	0.00
31557188.140	0.00
31557188.150	0.00
31557188.160	0.00
31557188.170	0.00
31557188.180	0.00
31557188.190	0.00
31557188.200	0.00
31557188.210	0.00
31557188.220	0.00
31557188.230	0.00
31557188.240	0.00
31557188.250	0.00
31557188.260	0.00
31557188.270	0.00
31557188.280	0.00
31557188.290	0.00
31557188.300	0.00
31557188.310	0.00
31557188.320	0.00
31557188.330	0.00
31557188.340	0.00
31557188.350	0.00
31557188.360	0.00
31557188.370	0.00
31557188.380	0.00
31557188.390	0.00
31557188.400	0.00
31557188.410	0.00
31557188.420	0.00
31557188.430	0.00
31557188.440	0.00
31557188.450	0.00
31557188.460	0.00
31557188.470	0.00
31557188.480	0.00
31557188.490	0.00
31557188.500	0.00
31557188.510	0.00
31557188.520	0.00
31557188.530	0.00
31557188.540	0.00
31557188.550	0.00
31557188.560	0.00
31557188.570	0.00
31557188.580	0.00
31557188.590	0.00
31557188.600	0.00
31557188.610	0.00
31557188.620	0.00
31557188.630	0.00
31557188.640	0.00
31557188.650	0.00
31557188.660	0.00
31557188.670	0.00
31557188.680	0.00
31557188.690	0.00
31557188.700	0.00
31557188.710	0.00
31557188.720	0.00
31557188.730	0.00
31557188.740	0.00
31557188.750	0.00
31557188.760	0.00
31557188.770	0.00
31557188.780	0.00
31557188.790	0.00
31557188.800	0.00
31557188.810	0.00
31557188.820	0.00
31557188.830	0.00
31557188.840	0.00
31557188.850	0.00
31557188.860	0.00
31557188.870	0.00
31557188.880	0.00
31557188.890	0.00
31557188.900	0.00
31557188.910	0.00
31557188.920	0.00
31557188.930	0.00
31557188.940	0.00
31557188.950	0.00
31557188.960	0.00
31557188.970	0.00
31557188.980	0.00
31557188.990	0.00
31557189.000	0.00
31557189.010	0.00
31557189.020	0.00
31557189.030	0.00
31557189.040	0.00
31557189.050	0.00
31557189.060	0.00
31557189.070	0.00
31557189.080	0.00
31557189.090	0.00
31557189.100	0.00
31557189.110	0.00
31557189.120	0.00
31557189.130	0.00
31557189.140	0.00
31557189.150	0.00
31557189.160	0.00
31557189.170	0.00
31557189.180	0.00
31557189.190	0.00
31557189.200	0.00
31557189.210	0.00
31557189.220	0.00
31557189.230	0.00
31557189.240	0.00
31557189.250	0.00
31557189.260	0.00
31557189.270	0.00
31557189.280	0.00
31557189.290	0.00
31557189.300	0.00
31557189.310	0.00
31557189.320	0.00
31557189.330	0.00
31557189.340	0.00
31557189.350	0.00
31557189.360	0.00
31557189.370	0.00
31557189.380	0.00
31557189.390	0.00
31557189.400	0.00
31557189.410	0.00
31557189.420	0.00
31557189.430	0.00
31557189.440	0.00
31557189.450	0.00
31557189.460	0.00
31557189.470	0.00
31557189.480	0.00
31557189.490	0.00
31557189.500	0.00
31557189.510	0.00
31557189.520	0.00
31557189.530	0.00
31557189.540	0.00
31557189.550	0.00
31557189.560	0.00
31557189.570	0.00
31557189.580	0.00
31557189.590	0.00
31557189.600	0.00
31557189.610	0.00
31557189.620	0.00
31557189.630	0.00
31557189.640	0.00
31557189.650	0.00
31557189.660	0.00
31557189.670	0.00
31557189.680	0.00
31557189.690	0.00
31557189.700	0.00
31557189.710	0.00
31557189.720	0.00
31557189.730	0.00
31557189.740	0.00
31557189.750	0.00
31557189.760	0.00
31557189.770	0.00
31557189.780	0.00
31557189.790	0.00
31557189.800	0.00
31557189.810	0.00
31557189.820	0.00
31557189.830	0.00
31557189.840	0.00
31557189.850	0.00
31557189.860	0.00
31557189.870	0.00
31557189.880	0.00
31557189.890	0.00
31557189.900	0.00
31557189.910	0.00
31557189.920	0.00
31557189.930	0.00
31557189.940	0.00
31557189.950	0.00
31557189.960	0.00
31557189.970	0.00
31557189.980	0.00
31557189.990	0.00
31557190.000	0.00
31557190.010	0.00
31557190.020	0.00
31557190.030	0.00
31557190.040	0.00
31557190.050	0.00
31557190.060	0.00
31557190.070	0.00
31557190.080	0.00
31557190.090	0.00
31557190.100	0.00
31557190.110	0.00
31557190.120	0.00
31557190.130	0.00
31557190.140	0.00
31557190.150	0.00
31557190.160	0.00
31557190.170	0.00
31557190.180	0.00
31557190.190	0.00
31557190.200	0.00
31557190.210	0.00
31557190.220	0.00
31557190.230	0.00
31557190.240	0.00
31557190.250	0.00
31557190.260	0.00
31557190.270	0.00
31557190.280	0.00
31557190.290	0.00
31557190.300	0.00
31557190.310	0.00
31557190.320	0.00
31557190.330	0.00
31557190.340	0.00
31557190.350	0.00
31557190.360	0.00
31557190.370	0.00
31557190.380	0.00
31557190.390	0.00
31557190.400	0.00
31557190.410	0.00
31557190.420	0.00
31557190.430	0.00
31557190.440	0.00
31557190.450	0.00
31557190.460	0.00
31557190.470	0.00
31557190.480	0.00
31557190.490	0.00
31557190.500	0.00
31557190.510	0.00
31557190.520	0.00
31557190.530	0.00
31557190.540	0.00
31557190.550	0.00
31557190.560	0.00
31557190.570	0.00
31557190.580	0.00
31557190.590	0.00
31557190.600	0.00
31557190.610	0.00
31557190.620	0.00
31557190.630	0.00
31557190.640	0.00
31557190.650	0.00
31557190.660	0.00
31557190.670	0.00
31557190.680	0.00
31557190.690	0.00
31557190.700	0.00
31557190.710	0.00
31557190.720	0.00
31557190.730	0.00
31557190.740	0.00
31557190.750	0.00
31557190.760	0.00
31557190.770	0.00
31557190.780	0.00
31557190.790	0.00
31557190.800	0.00
31557190.810	0.00
31557190.820	0.00
31557190.830	0.00
31557190.840	0.00
31557190.850	0.00
31557190.860	0.00
31557190.870	0.00
31557190.880	0.00
31557190.890	0.00
31557190.900	0.00
31557190.910	0.00
31557190.920	0.00
31557190.930	0.00
31557190.940	0.00
31557190.950	0.00
31557190.960	0.00
31557190.970	0.00
31557190.980	0.00
31557190.990	0.00
31557191.000	0.00
31557191.010	0.00
31557191.020	0.00
31557191.030	0.00
31557191.040	0.00
31557191.050	0.00
31557191.060	0.00
31557191.070	0.00
31557191.080	0.00
31557191.090	0.00
31557191.100	0.00
31557191.110	0.00
31557191.120	0.00
31557191.130	0.00
31557191.140	0.00
31557191.150	0.00
31557191.160	0.00
31557191.170	0.00
31557191.180	0.00
31557191.190	0.00
31557191.200	0.00
31557191.210	0.00
31557191.220	0.00
31557191.230	0.00
31557191.240	0.00
31557191.250	0.00
31557191.260	0.00
31557191.270	0.00
31557191.280	0.00
31557191.290	0.00
31557191.300	0.00
31557191.310	0.00
31557191.320	0.00
31557191.330	0.00
31557191.340	0.00
31557191.350	0.00
31557191.360	0.00
31557191.370	0.00
31557191.380	0.00
31557191.390	0.00
31557191.400	0.00
31557191.410	0.00
31557191.420	0.00
31557191.430	0.00
31557191.440	0.00
31557191.450	0.00
31557191.460	0.00
31557191.470	0.00
31557191.480	0.00
31557191.490	0.00
31557191.500	0.00
31557191.510	0.00
31557191.520	0.00
31557191.530	0.00
31557191.540	0.00
31557191.550	0.00
31557191.560	0.00
31557191.570	0.00
31557191.580	0.00
31557191.590	0.00
31557191.600	0.00
31557191.610	0.00
31557191.620	0.00
31557191.630	0.00
31557191.640	0.00
31557191.650	0.00
31557191.660	0.00
31557191.670	0.00
31557191.680	0.00
31557191.690	0.00
31557191.700	0.00
31557191.710	0.00
31557191.720	0.00
31557191.730	0.00
31557191.740	0.00
31557191.750	0.00
31557191.760	0.00
31557191.770	0.00
31557191.780	0.00
31557191.790	0.00
31557191.800	0.00
31557191.810	0.00
31557191.820	0.00
31557191.830	0.00
31557191.840	0.00
31557191.850	0.00
31557191.860	0.00
31557191.870	0.00
31557191.880	0.00
31557191.890	0.00
31557191.900	0.00
31557191.910	0.00
31557191.920	0.00
31557191.930	0.00
31557191.940	0.00
31557191.950	0.00
31557191.960	0.00
31557191.970	0.00
31557191.980	0.00
31557191.990	0.00
31557192.000	0.00
31557192.010	0.00
31557192.020	0.00
31557192.030	0.00
31557192.040	0.00
31557192.050	0.00
31557192.060	0.00
31557192.070	0.00
31557192.080	0.00
31557192.090	0.00
31557192.100	0.00
31557192.110	0.00
31557192.120	0.00
31557192.130	0.00
31557192.140	0.00
31557192.150	0.00
31557192.160	0.00
31557192.170	0.00
31557192.180	0.00
31557192.190	0.00
31557192.200	0.00
31557192.210	0.00
31557192.220	0.00
31557192.230	0.00
31557192.240	0.00
31557192.250	0.00
31557192.260	0.00
31557192.270	0.00
31557192.280	0.00
31557192.290	0.00
31557192.300	0.00
31557192.310	0.00
31557192.320	0.00
31557192.330	0.00
31557192.340	0.00
31557192.350	0.00
31557192.360	0.00
31557192.370	0.00
31557192.380	0.00
31557192.390	0.00
31557192.400	0.00
31557192.410	0.00
31557192.420	0.00
31557192.430	0.00
31557192.440	0.00
31557192.450	0.00
31557192.460	0.00
31557192.470	0.00
31557192.480	0.00
31557192.490	0.00
31557192.500	0.00
31557192.510	0.00
31557192.520	0.00
31557192.530	0.00
31557192.540	0.00
31557192.550	0.00
31557192.560	0.00
31557192.570	0.00
31557192.580	0.00
31557192.590	0.00
31557192.600	0.00
31557192.610	0.00
31557192.620	0.00
31557192.630	0.00
31557192.640	0.00
31557192.650	0.00
31557192.660	0.00
31557192.670	0.00
31557192.680	0.00
31557192.690	0.00
31557192.700	0.00
31557192.710	0.00
31557192.720	0.00
31557192.730	0.00
31557192.740	0.00
31557192.750	0.00
31557192.760	0.00
31557192.770	0.00
31557192.780	0.00
31557192.790	0.00
31557192.800	0.00
31557192.810	0.00
31557192.820	0.00
31557192.830	0.00
31557192.840	0.00
31557192.850	0.00
31557192.860	0.00
31557192.870	0.00
31557192.880	0.00
31557192.890	0.00
31557192.900	0.00
31557192.910	0.00
31557192.920	0.00
31557192.930	0.00
31557192.940	0.00
31557192.950	0.00
31557192.960	0.00
31557192.970	0.00
31557192.980	0.00
31557192.990	0.00
31557193.000	0.00
31557193.010	0.00
31557193.020	0.00
31557193.030	0.00
31557193.040	0.00
31557193.050	0.00
31557193.060	0.00
31557193.070	0.00
31557193.080	0.00
31557193.090	0.00
31557193.100	0.00
31557193.110	0.00
