#1	will need to update the number of rows in the next header row here.																					
float	DNI_THTFin_vdot(331,23)		"#vectors: (SecOfYear), DNI (W/m2), THTF_in (K), vdot (m3/s), Egen(W), THTF_out (K), Tcavity (K), THTFout(K), Tcav(K), T_s3m6in, T_s3m6out, T_s3m5in, T_s3m5out, T_s3m4in, T_s3m4out, T_s3m3in, T_s3m3out, T_s3m2in, T_s3m2out, T_s3m1in, T_s3m1out, T_s2m6in, T_s2m1out, T_s2m2or3, T_s2m3or2"																			
0	0.01	340.13	0.000001384	37.82	349.34	297.2	340.13	341.4	341.18	342.43	342.16	343.41	343.22	344.66	343.78	345.43	345.09	345.66	343.33	349.34	351.7	353.96
7047292.959	0.01	340.37	0.000001385	37.15	346.57	297.23	340.4	341.6	341.2	342.4	342	343.4	343	344.3	343.4	344.8	344.5	344.9	342.3	346.6	350.9	353.1
7047302.91	665.6	340.37	0.000001385	37.12	346.75	297.24	340.4	341.6	341.3	342.3	342.1	343.4	343	344.3	343.5	344.9	344.6	345	342.4	346.8	351	353.1
7047312.91	665.2	340.39	0.000001384	37.09	346.92	297.23	340.4	341.7	341.3	342.4	342.1	343.3	343.1	344.3	343.5	345	344.6	344.9	342.4	346.9	351	353.1
7047332.911	664.7	340.38	0.000001384	37.08	347.28	297.24	340.4	341.5	341.3	342.4	342.2	343.5	343.1	344.5	343.6	345	344.7	345.1	342.6	347.3	351.1	353.3
7047342.912	663.7	340.38	0.000001384	37.14	347.43	297.24	340.4	341.6	341.3	342.5	342.2	343.6	343.2	344.5	343.6	345.1	344.8	345.1	342.6	347.4	351.2	353.4
7047352.962	663	340.36	0.000001384	37.09	347.52	297.24	340.4	341.6	341.3	342.5	342.2	343.5	343.2	344.5	343.6	345.1	344.8	345.1	342.7	347.5	351.2	353.5
7047362.962	662	340.36	0.000001384	36.98	347.67	297.23	340.4	341.5	341.3	342.5	342.2	343.5	343.2	344.5	343.6	345.1	344.8	345.2	342.7	347.7	351.3	353.4
7047372.913	663.1	340.34	0.000001384	37.01	347.86	297.22	340.3	341.7	341.3	342.4	342.2	343.6	343.2	344.6	343.7	345.2	344.9	345.3	342.8	347.9	351.6	353.7
7047382.963	662.7	340.31	0.000001384	34.89	347.99	297.23	340.3	341.5	341.3	342.6	342.2	343.6	343.2	344.5	343.7	345.2	344.9	345.4	342.8	348	351.5	353.6
7047392.964	662.3	340.3	0.000001384	37.02	348.1	297.23	340.3	341.7	341.3	342.5	342.2	343.6	343.2	344.6	343.7	345.3	344.9	345.3	342.9	348.1	351.6	353.6
7047402.964	663.8	340.29	0.000001384	37.38	348.15	297.22	340.3	341.6	341.3	342.5	342.2	343.6	343.2	344.6	343.7	345.3	345	345.4	342.9	348.2	351.5	353.7
7047412.965	663.9	340.28	0.000001384	38.04	348.21	297.21	340.3	341.6	341.3	342.5	342.2	343.6	343.3	344.6	343.7	345.3	345	345.5	343	348.2	351.6	353.8
7047422.915	663.7	340.26	0.000001384	38.13	348.33	297.22	340.3	341.6	341.3	342.5	342.2	343.6	343.3	344.7	343.7	345.3	345	345.5	343	348.3	351.7	353.8
7047432.965	664.6	340.25	0.000001384	38.19	348.43	297.22	340.2	341.6	341.3	342.5	342.2	343.6	343.3	344.7	343.8	345.4	345	345.5	343.1	348.4	351.7	353.8
7047442.916	663.3	340.24	0.000001384	32.72	348.62	297.23	340.2	341.5	341.3	342.4	342.2	343.6	343.3	344.6	343.8	345.5	345.1	345.5	343.1	348.6	351.7	353.8
7047452.966	664.4	340.22	0.000001384	38.17	348.68	297.23	340.2	341.6	341.2	342.6	342.2	343.6	343.3	344.7	343.8	345.4	345.1	345.6	343.2	348.7	351.8	353.8
7047462.967	666.5	340.21	0.000001384	37.87	348.79	297.22	340.2	341.6	341.2	342.5	342.2	343.6	343.3	344.7	343.8	345.4	345.1	345.6	343.2	348.8	351.8	353.9
7047472.967	668.9	340.19	0.000001384	37.77	348.85	297.2	340.2	341.5	341.2	342.5	342.2	343.7	343.3	344.7	343.8	345.4	345.1	345.6	343.2	348.9	351.7	353.9
7047482.918	668.7	340.19	0.000001384	37.84	348.96	297.2	340.2	341.5	341.2	342.5	342.2	343.7	343.3	344.6	343.8	345.4	345.1	345.7	343.3	349	351.7	353.9
7047492.918	669.3	340.18	0.000001384	37.76	349.08	297.2	340.2	341.5	341.2	342.5	342.2	343.6	343.2	344.7	343.8	345.4	345.1	345.6	343.3	349.1	351.7	353.9
7047502.968	668.3	340.16	0.000001384	37.77	349.11	297.2	340.2	341.5	341.2	342.5	342.2	343.5	343.2	344.7	343.8	345.4	345.1	345.6	343.3	349.1	351.7	353.9
7047512.969	668.4	340.15	0.000001384	37.58	349.16	297.2	340.2	341.5	341.2	342.5	342.2	343.6	343.2	344.7	343.8	345.4	345.1	345.6	343.3	349.2	351.7	354
7047522.919	668	340.13	0.000001384	37.77	349.26	297.2	340.1	341.5	341.2	342.5	342.2	343.7	343.2	344.7	343.8	345.4	345.1	345.7	343.3	349.3	351.7	353.9
7047532.97	668.8	340.14	0.000001384	37.77	349.29	297.2	340.1	341.4	341.2	342.5	342.2	343.7	343.2	344.7	343.8	345.4	345.1	345.7	343.3	349.3	351.7	353.9
7047542.92	667.8	340.13	0.000001384	37.82	349.34	297.2	340.1	341.4	341.2	342.4	342.2	343.4	343.2	344.7	343.8	345.4	345.1	345.7	343.3	349.3	351.7	354
7047552.921	668.7	340.11	0.000001384	37.84	349.38	297.21	340.1	341.5	341.2	342.4	342.2	343.6	343.2	344.7	343.8	345.5	345.1	345.7	343.3	349.4	351.7	353.9
7047562.971	669.1	340.11	0.000001384	37.89	349.42	297.21	340.1	341.4	341.1	342.4	342.2	343.5	343.2	344.6	343.8	345.4	345.1	345.7	343.4	349.4	351.7	353.9
7047572.921	668.4	340.1	0.000001384	37.84	349.51	297.21	340.1	341.5	341.1	342.4	342.2	343.6	343.2	344.7	343.8	345.4	345.1	345.7	343.4	349.5	351.7	354
7047582.922	668.4	340.13	0.000001383	37.83	349.55	297.2	340.1	341.5	341.2	342.4	342.2	343.6	343.2	344.7	343.8	345.5	345.1	345.8	343.4	349.6	351.7	354
7047592.922	668	340.14	0.000001383	37.83	349.62	297.2	340.1	341.4	341.2	342.5	342.2	343.5	343.2	344.7	343.8	345.4	345.2	345.7	343.4	349.6	351.7	353.9
7047602.923	669	340.17	0.000001383	37.93	349.65	297.21	340.2	341.6	341.2	342.5	342.2	343.5	343.3	344.7	343.8	345.4	345.1	345.7	343.4	349.7	351.7	354.1
7047612.923	670.3	340.2	0.000001383	37.97	349.66	297.21	340.2	341.4	341.2	342.5	342.2	343.6	343.3	344.7	343.8	345.5	345.2	345.7	343.4	349.7	351.7	354.1
7047622.924	669.1	340.24	0.000001383	37.86	349.72	297.22	340.2	341.6	341.2	342.5	342.3	343.6	343.3	344.8	343.9	345.4	345.2	345.7	343.4	349.7	351.7	354
7047632.924	668.7	340.28	0.000001383	38	349.76	297.2	340.3	341.7	341.2	342.4	342.3	343.6	343.3	344.7	343.8	345.4	345.2	345.8	343.5	349.8	351.7	354
7047642.974	668.6	340.33	0.000001383	37.94	349.75	297.22	340.3	341.7	341.3	342.6	342.3	343.6	343.3	344.7	343.9	345.5	345.2	345.8	343.5	349.8	351.7	354.1
7047652.925	669.5	340.37	0.000001383	37.93	349.77	297.21	340.4	341.6	341.3	342.6	342.3	343.7	343.3	344.7	343.9	345.5	345.2	345.8	343.5	349.8	351.8	354
7047662.925	668.4	340.41	0.000001383	37.97	349.82	297.22	340.4	341.8	341.4	342.7	342.4	343.7	343.4	344.7	343.9	345.4	345.2	345.8	343.5	349.8	351.8	354.1
7047672.926	667.9	340.47	0.000001383	37.83	349.83	297.22	340.5	341.8	341.4	342.7	342.4	343.6	343.4	344.8	343.9	345.4	345.2	345.9	343.5	349.8	351.8	354.1
7047682.926	667.4	340.49	0.000001383	37.99	349.85	297.22	340.5	341.7	341.4	342.8	342.4	343.7	343.4	344.8	344	345.6	345.2	345.8	343.5	349.8	351.8	354.1
7047692.977	666.7	340.51	0.000001382	37.93	349.92	297.23	340.5	341.7	341.5	342.8	342.5	343.7	343.5	344.9	344	345.6	345.3	345.8	343.6	349.9	351.9	354.2
7047702.927	666.3	340.52	0.000001382	37.99	349.96	297.22	340.5	341.8	341.5	342.8	342.5	343.8	343.5	344.9	344	345.6	345.3	345.9	343.6	350	352	354.3
7047712.977	665.8	340.53	0.000001382	37.92	349.96	297.24	340.5	341.7	341.5	342.8	342.6	343.9	343.5	345	344.1	345.6	345.3	345.9	343.6	350	352	354.3
7047722.978	665.5	340.52	0.000001382	38.04	349.99	297.24	340.5	341.8	341.5	342.8	342.5	343.9	343.5	345	344.1	345.7	345.4	346	343.6	350	352.1	354.3
7047732.928	667	340.52	0.000001382	38.16	350.08	297.23	340.5	341.8	341.5	342.8	342.6	344	343.5	344.9	344.1	345.7	345.4	346	343.7	350.1	352.1	354.5
7047742.979	666.3	340.53	0.000001382	38.1	350.05	297.24	340.5	341.9	341.5	343	342.6	343.9	343.6	345	344.2	345.7	345.4	346.1	343.7	350.1	352.1	354.5
7047752.929	667.3	340.53	0.000001382	38.16	350.11	297.23	340.5	341.8	341.6	342.9	342.6	344	343.6	345	344.2	345.8	345.5	346.1	343.7	350.1	352.1	354.5
7047762.93	666.6	340.51	0.000001382	24.59	350.17	297.24	340.5	341.8	341.6	342.9	342.6	343.8	343.6	345	344.2	345.7	345.5	346.1	343.8	350.2	352.2	354.5
7047772.98	667.6	340.52	0.000001383	38.21	350.31	297.25	340.5	341.9	341.6	343	342.6	343.9	343.6	345	344.2	345.9	345.6	346.2	343.8	350.3	352.8	354.4
7047782.98	667.7	340.5	0.000001383	38.07	350.37	297.25	340.5	341.8	341.5	342.9	342.6	344	343.6	345	344.3	345.9	345.5	346.2	343.8	350.4	352.5	354.4
7047792.931	668	340.49	0.000001383	38.15	350.39	297.25	340.5	341.8	341.5	342.9	342.6	344	343.6	345.1	344.3	345.9	345.6	346.2	343.9	350.4	352.4	354.6
7047802.931	667.9	340.5	0.000001383	38.16	350.4	297.26	340.5	341.9	341.6	343	342.7	344	343.6	345.2	344.2	345.9	345.6	346.2	343.9	350.4	352.4	354.7
7047812.932	667.2	340.48	0.000001383	38.02	350.52	297.27	340.5	341.8	341.6	342.9	342.6	344.1	343.7	345.1	344.3	346	345.6	346.2	343.9	350.5	352.4	354.7
7047822.932	667.4	340.47	0.000001383	38.07	350.47	297.27	340.5	341.8	341.6	342.9	342.6	343.9	343.7	345.1	344.3	345.9	345.6	346.2	343.9	350.5	352.4	354.7
7047832.983	665.4	340.46	0.000001383	37.93	350.59	297.26	340.5	341.8	341.5	342.9	342.6	343.9	343.7	345.1	344.3	345.9	345.6	346.2	344	350.6	352.4	354.6
7047842.983	666.4	340.47	0.000001383	37.99	350.54	297.26	340.5	341.9	341.5	342.9	342.6	344	343.6	345.1	344.3	345.9	345.6	346.3	344	350.5	352.4	354.6
7047852.983	666.6	340.45	0.000001383	38.31	350.59	297.27	340.4	341.8	341.5	342.9	342.6	343.9	343.7	345.1	344.3	346	345.6	346.3	344	350.6	352.4	354.6
7047862.934	667	340.44	0.000001383	38.2	350.69	297.27	340.4	341.8	341.5	342.9	342.6	344	343.7	345.1	344.3	345.9	345.7	346.4	344	350.7	352.4	354.7
7047872.984	666.3	340.43	0.000001383	38.28	350.75	297.29	340.4	341.9	341.5	342.9	342.6	344	343.7	345.1	344.3	346	345.7	346.3	344	350.7	352.4	354.7
7047882.935	666.7	340.42	0.000001383	38.37	350.73	297.28	340.4	341.8	341.5	342.9	342.6	344	343.7	345.1	344.3	345.9	345.6	346.4	344	350.7	352.4	354.8
7047892.935	668.5	340.41	0.000001383	38.37	350.82	297.27	340.4	341.8	341.5	342.8	342.6	344	343.7	345.1	344.4	346	345.7	346.4	344.1	350.8	352.5	354.8
7047902.936	669.4	340.4	0.000001383	38.4	350.83	297.28	340.4	341.8	341.5	342.9	342.6	344	343.7	345.1	344.3	346	345.7	346.4	344.1	350.8	352.4	354.9
7047912.986	669.3	340.4	0.000001383	38.37	350.88	297.26	340.4	341.8	341.5	342.9	342.6	344	343.7	345.2	344.3	345.9	345.6	346.5	344.1	350.9	352.5	354.9
7047922.986	668.1	340.39	0.000001383	38.81	350.84	297.26	340.4	341.8	341.5	342.9	342.6	343.9	343.7	345.2	344.4	346	345.7	346.5	344.1	350.8	352.6	354.8
7047932.987	667.5	340.39	0.000001383	38.82	350.99	297.27	340.4	341.8	341.5	342.9	342.7	344	343.7	345.2	344.4	346	345.7	346.4	344.1	351	352.7	355
7047942.937	668.3	340.4	0.000001383	38.85	350.98	297.26	340.4	341.8	341.5	343	342.7	344.1	343.7	345.3	344.4	346.1	345.8	346.5	344.1	351	352.7	355.1
7047952.938	670.4	340.39	0.000001383	38.53	351.04	297.28	340.4	341.7	341.5	342.9	342.7	344.1	343.8	345.3	344.4	346.1	345.8	346.6	344.1	351	352.8	355.2
7047962.988	672.9	340.38	0.000001383	38.5	351.08	297.27	340.4	341.8	341.5	343	342.7	344	343.8	345.3	344.5	346.1	345.8	346.5	344.2	351.1	352.8	355.2
7047972.939	673.5	340.39	0.000001382	38.47	351.18	297.28	340.4	341.7	341.5	342.9	342.7	344	343.7	345.3	344.4	346.1	345.8	346.6	344.2	351.2	352.7	355.2
7047982.989	673.7	340.39	0.000001382	38.57	351.13	297.27	340.4	341.7	341.5	342.9	342.6	344	343.7	345.2	344.5	346.1	345.8	346.6	344.2	351.1	352.7	355.1
7047992.989	673.7	340.38	0.000001382	38.48	351.15	297.26	340.4	341.8	341.5	342.9	342.6	344	343.7	345.2	344.4	346.1	345.8	346.6	344.2	351.2	352.7	355.1
7048002.99	673.2	340.41	0.000001382	38.37	351.2	297.27	340.4	341.9	341.5	342.9	342.6	344	343.7	345.3	344.4	346	345.8	346.5	344.2	351.2	352.7	355.1
7048012.94	672.8	340.41	0.000001382	38.48	351.25	297.26	340.4	341.7	341.5	342.9	342.7	344	343.7	345.3	344.4	346	345.8	346.4	344.2	351.3	352.6	355
7048022.941	672.6	340.45	0.000001382	38.4	351.3	297.26	340.4	341.8	341.5	343	342.6	343.9	343.7	345.2	344.4	346	345.8	346.5	344.2	351.3	352.6	355
7048032.941	672.5	340.47	0.000001382	38.43	351.31	297.25	340.5	341.9	341.5	343	342.7	344	343.7	345.3	344.4	346	345.8	346.6	344.2	351.3	352.6	355
7048042.942	672.4	340.5	0.000001382	38.37	351.31	297.25	340.5	341.9	341.6	343	342.7	344	343.8	345.3	344.4	346.1	345.8	346.5	344.2	351.3	352.7	355.1
7048052.992	673.3	340.54	0.000001382	38.48	351.37	297.25	340.5	341.9	341.6	343	342.7	344.2	343.8	345.3	344.5	346	345.8	346.6	344.2	351.4	352.7	355.1
7048062.942	674.1	340.56	0.000001382	38.38	351.34	297.26	340.6	341.9	341.6	343	342.7	344.1	343.8	345.4	344.4	346.1	345.8	346.6	344.2	351.3	352.8	355.1
7048072.993	673.8	340.59	0.000001382	38.36	351.36	297.27	340.6	341.9	341.6	343.2	342.8	344.1	343.8	345.3	344.5	346.2	345.8	346.7	344.3	351.4	352.7	355.2
7048082.943	674	340.63	0.000001382	38.27	351.4	297.26	340.6	341.9	341.7	343.1	342.8	344.1	343.8	345.3	344.5	346.1	345.9	346.6	344.3	351.4	352.8	355.2
7048092.994	673.8	340.65	0.000001382	38.3	351.35	297.26	340.6	342.1	341.7	343.1	342.9	344.2	343.9	345.3	344.5	346.1	345.9	346.6	344.3	351.4	352.8	355.2
7048102.944	674.5	340.66	0.000001382	38.45	351.47	297.27	340.7	342.1	341.7	343.2	342.9	344.1	343.9	345.4	344.6	346.2	345.9	346.7	344.3	351.5	352.8	355.3
7048112.945	675	340.67	0.000001382	38.65	351.48	297.28	340.7	342.1	341.8	343.2	342.9	344.2	343.9	345.4	344.6	346.3	345.9	346.7	344.3	351.5	352.9	355.4
7048122.945	673.8	340.67	0.000001382	38.55	351.51	297.27	340.7	342.2	341.8	343.2	342.9	344.3	343.9	345.4	344.7	346.2	346	346.8	344.3	351.5	352.9	355.4
7048132.945	674	340.7	0.000001382	38.58	351.5	297.27	340.7	342	341.8	343.3	343	344.3	344	345.5	344.7	346.4	346	346.8	344.4	351.5	352.9	355.4
7048142.996	673.6	340.68	0.000001382	38.53	351.48	297.28	340.7	342.1	341.8	343.2	343	344.4	344	345.5	344.7	346.3	346	346.7	344.4	351.5	353	355.5
7048152.946	673.7	340.69	0.000001382	38.43	351.61	297.29	340.7	342.3	341.8	343.3	343	344.4	344	345.6	344.7	346.4	346.1	346.9	344.4	351.6	353	355.5
7048162.947	672.6	340.7	0.000001382	38.45	351.56	297.31	340.7	342.1	341.8	343.4	343	344.4	344	345.6	344.7	346.4	346.1	347	344.4	351.6	353	355.5
7048172.947	672.1	340.69	0.000001382	38.51	351.66	297.32	340.7	342.1	341.8	343.3	343	344.3	344	345.6	344.7	346.4	346.1	346.9	344.5	351.7	353.1	355.6
7048182.948	672.1	340.68	0.000001382	38.44	351.66	297.32	340.7	342.2	341.8	343.3	343	344.4	344	345.6	344.7	346.4	346.1	346.8	344.5	351.7	353.1	355.5
7048192.948	671.4	340.67	0.000001382	38.43	351.69	297.32	340.7	342.1	341.8	343.2	343	344.3	344	345.6	344.8	346.4	346.1	347.1	344.5	351.7	353	355.5
7048202.998	671.1	340.67	0.000001382	38.47	351.75	297.31	340.7	342.2	341.8	343.3	343	344.3	344	345.6	344.8	346.4	346.1	347.1	344.6	351.8	353.1	355.6
7048212.999	671.3	340.66	0.000001382	38.53	351.74	297.32	340.7	342.1	341.8	343.3	343	344.4	344.1	345.7	344.8	346.4	346.1	347	344.6	351.7	353.1	355.6
7048222.949	672	340.64	0.000001382	38.45	351.8	297.32	340.6	342.1	341.8	343.2	343	344.3	344.1	345.6	344.8	346.4	346.2	347	344.6	351.8	353.1	355.5
7048232.95	671.3	340.64	0.000001382	38.45	351.84	297.31	340.6	342.1	341.8	343.2	343	344.4	344	345.5	344.8	346.4	346.1	347	344.6	351.8	353.1	355.5
7048243	671.1	340.64	0.000001382	38.48	351.9	297.31	340.6	342.2	341.8	343.3	343	344.3	344	345.6	344.7	346.4	346.2	346.9	344.6	351.9	353.1	355.6
7048252.951	671	340.63	0.000001382	38.41	351.89	297.32	340.6	342.1	341.8	343.3	343.1	344.5	344.1	345.6	344.8	346.4	346.2	347	344.6	351.9	353.2	355.6
7048262.951	670.3	340.6	0.000001382	38.55	351.91	297.33	340.6	342.1	341.8	343.3	343	344.3	344	345.6	344.8	346.5	346.2	347.1	344.6	351.9	353.1	355.7
7048273.001	671.6	340.6	0.000001382	38.41	351.92	297.34	340.6	342	341.8	343.3	343	344.3	344.1	345.5	344.8	346.5	346.1	347.1	344.6	351.9	353.2	355.7
7048282.952	670.2	340.59	0.000001382	38.44	351.96	297.34	340.6	342	341.8	343.3	343	344.3	344	345.6	344.8	346.4	346.2	347	344.6	352	353.1	355.7
7048292.952	669.6	340.57	0.000001382	38.53	351.97	297.33	340.6	342.1	341.8	343.3	343	344.4	344	345.6	344.8	346.4	346.2	347.1	344.7	352	353.2	355.6
7048302.953	670	340.57	0.000001382	38.53	351.98	297.34	340.6	342	341.7	343.3	343	344.3	344	345.7	344.8	346.5	346.2	347.1	344.6	352	353.2	355.7
7048312.953	669.3	340.57	0.000001382	38.55	351.98	297.34	340.6	342	341.8	343.3	343	344.3	344	345.6	344.8	346.5	346.2	347.2	344.7	352	353.1	355.6
7048322.954	669.9	340.56	0.000001382	38.63	352.08	297.34	340.6	342.1	341.7	343.2	343	344.3	344.1	345.6	344.8	346.5	346.2	347.1	344.7	352.1	353.2	355.7
7048333.004	669.4	340.55	0.000001382	38.58	352.1	297.36	340.5	341.9	341.7	343.3	343	344.3	344	345.6	344.8	346.5	346.2	347.1	344.7	352.1	353.2	355.6
7048343.004	669.6	340.53	0.000001382	38.64	352.16	297.35	340.5	342	341.7	343.3	343	344.3	344	345.6	344.8	346.5	346.2	347.1	344.7	352.2	353.2	355.6
7048352.955	669.8	340.53	0.000001382	38.58	352.11	297.35	340.5	341.9	341.7	343.3	343	344.3	344	345.7	344.8	346.4	346.2	347.1	344.7	352.1	353.2	355.7
7048363.005	669.8	340.52	0.000001382	38.7	352.13	297.34	340.5	342	341.7	343.3	343	344.3	344	345.5	344.8	346.5	346.2	347.1	344.7	352.1	353.2	355.7
7048372.956	670.4	340.51	0.000001382	38.65	352.25	297.34	340.5	342	341.7	343.3	343	344.3	344	345.6	344.8	346.4	346.2	347.2	344.7	352.2	353.2	355.6
7048382.956	669.4	340.5	0.000001382	38.72	352.17	297.34	340.5	342	341.7	343.1	343	344.4	344	345.6	344.8	346.4	346.2	347	344.7	352.2	353.2	355.6
7048392.957	669.4	340.48	0.000001382	38.75	352.22	297.33	340.5	341.9	341.7	343.2	342.9	344.3	344	345.5	344.8	346.4	346.2	347.1	344.8	352.2	353.2	355.7
7048402.957	669.9	340.48	0.000001382	38.77	352.2	297.34	340.5	341.9	341.7	343.2	342.9	344.3	344	345.5	344.8	346.4	346.2	347.1	344.8	352.2	353.1	355.7
7048412.957	669.4	340.47	0.000001382	38.81	352.25	297.34	340.5	341.9	341.7	343.3	342.9	344.2	344	345.6	344.8	346.4	346.2	347.1	344.7	352.2	353.1	355.7
7048422.958	669.2	340.48	0.000001382	38.72	352.2	297.34	340.5	341.9	341.7	343.2	342.9	344.2	344	345.5	344.7	346.5	346.1	347.1	344.8	352.2	353.2	355.7
7048432.958	668.5	340.51	0.000001382	38.8	352.25	297.34	340.5	342.1	341.7	343.2	343	344.3	344	345.6	344.8	346.4	346.2	347.1	344.8	352.3	353.2	355.7
7048442.959	669.7	340.54	0.000001382	38.85	352.25	297.33	340.5	341.9	341.7	343.3	343	344.3	344	345.6	344.8	346.4	346.1	347.1	344.8	352.3	353.2	355.7
7048452.959	669.9	340.58	0.000001382	38.91	352.26	297.33	340.6	342	341.7	343.2	343	344.3	344	345.7	344.8	346.5	346.2	347.2	344.8	352.3	353.2	355.6
7048462.96	669.6	340.6	0.000001382	38.94	352.31	297.34	340.6	342	341.7	343.3	343.1	344.4	344	345.5	344.8	346.4	346.2	347.1	344.8	352.3	353.2	355.7
7048472.96	670.1	340.64	0.000001382	38.84	352.25	297.36	340.6	342	341.7	343.4	343	344.3	344	345.6	344.8	346.5	346.2	347.3	344.8	352.3	353.2	355.7
7048482.96	669.7	340.66	0.000001381	38.28	352.37	297.36	340.7	342	341.8	343.3	343	344.3	344	345.6	344.8	346.5	346.2	347.2	344.8	352.4	353.2	355.8
7048492.961	668.6	340.71	0.000001381	38.62	352.33	297.37	340.7	342.2	341.8	343.4	343.1	344.5	344.1	345.7	344.8	346.4	346.2	347.1	344.8	352.3	353.2	355.8
7048502.961	669.2	340.74	0.000001381	38.94	352.32	297.37	340.7	342.1	341.8	343.4	343.1	344.4	344.1	345.6	344.9	346.5	346.2	347.2	344.8	352.3	353.3	355.9
7048513.012	667.8	340.79	0.000001381	38.91	352.35	297.37	340.8	342.3	341.9	343.5	343.2	344.5	344.1	345.7	344.9	346.5	346.3	347.3	344.8	352.4	353.4	355.8
7048522.962	666.9	340.84	0.000001381	38.91	352.36	297.37	340.8	342.3	341.9	343.6	343.2	344.6	344.2	345.8	344.9	346.6	346.3	347.3	344.8	352.4	353.3	355.9
7048533.012	667.1	340.87	0.000001381	38.89	352.42	297.37	340.9	342.2	342	343.5	343.3	344.7	344.2	345.8	345	346.6	346.3	347.3	344.9	352.4	353.3	355.9
7048543.013	666.5	340.9	0.000001381	38.87	352.43	297.36	340.9	342.2	342	343.6	343.3	344.5	344.2	345.8	345	346.7	346.4	347.4	344.9	352.4	353.4	356
7048552.963	665.7	340.93	0.000001381	38.97	352.42	297.37	340.9	342.3	342	343.6	343.3	344.6	344.3	345.8	345	346.7	346.4	347.3	344.9	352.4	353.4	356
7048563.014	665.4	340.95	0.000001381	38.99	352.48	297.36	341	342.4	342.1	343.6	343.3	344.6	344.3	345.9	345.1	346.6	346.4	347.4	344.9	352.5	353.5	356.1
7048572.964	663.8	340.96	0.000001381	38.92	352.48	297.37	341	342.4	342.1	343.7	343.4	344.6	344.3	345.9	345.1	346.7	346.5	347.5	345	352.5	353.4	356.1
7048582.965	664	340.97	0.000001381	38.99	352.54	297.39	341	342.4	342.1	343.7	343.4	344.7	344.4	346	345.1	346.7	346.5	347.4	345	352.5	353.5	356.1
7048592.965	663.8	340.98	0.000001381	39.02	352.61	297.38	341	342.4	342.1	343.7	343.4	344.7	344.4	346	345.2	346.9	346.5	347.5	345	352.6	353.6	356.1
7048603.015	663.1	340.98	0.000001381	38.95	352.56	297.39	341	342.4	342.1	343.8	343.5	344.7	344.4	346	345.1	346.9	346.5	347.5	345	352.6	353.6	356.2
7048613.016	663.1	340.99	0.000001381	38.99	352.57	297.39	341	342.4	342.1	343.7	343.4	344.7	344.4	346	345.2	346.9	346.6	347.5	345.1	352.6	353.6	356.2
7048623.016	663	340.99	0.000001381	38.97	352.7	297.39	341	342.4	342.1	343.8	343.5	344.7	344.4	346	345.2	346.8	346.6	347.6	345.1	352.7	353.6	356.3
7048632.967	662.5	340.98	0.000001381	39.07	352.68	297.39	341	342.4	342.1	343.8	343.5	344.8	344.4	346	345.2	346.9	346.6	347.4	345.1	352.7	353.7	356.3
7048642.967	664.3	340.98	0.000001381	39.11	352.73	297.38	341	342.4	342.1	343.8	343.5	344.7	344.4	346.1	345.2	346.9	346.6	347.6	345.1	352.7	353.7	356.3
7048652.968	663.9	340.97	0.000001381	39.08	352.75	297.39	341	342.5	342.1	343.8	343.5	344.7	344.5	346	345.2	346.9	346.6	347.7	345.2	352.7	353.7	356.3
7048663.018	664.2	340.96	0.000001381	39.07	352.68	297.39	341	342.4	342.1	343.7	343.5	344.8	344.4	346.1	345.3	346.9	346.6	347.6	345.2	352.7	353.7	356.3
7048673.018	664.5	340.96	0.000001381	39.09	352.85	297.4	341	342.4	342.1	343.7	343.5	344.7	344.4	346	345.2	346.8	346.6	347.7	345.2	352.8	353.8	356.4
7048683.019	664.3	340.97	0.000001381	39.12	352.83	297.4	341	342.5	342.1	343.7	343.5	344.8	344.5	346	345.3	346.8	346.6	347.6	345.2	352.8	354	356.4
7048693.019	664.6	340.97	0.000001381	38.95	352.91	297.4	341	342.4	342.1	343.7	343.5	344.8	344.5	346.1	345.3	346.9	346.6	347.8	345.2	352.9	354	356.3
7048702.97	666	340.97	0.000001381	39.15	352.88	297.41	341	342.5	342.1	343.7	343.5	344.7	344.4	346	345.3	346.9	346.6	347.7	345.2	352.9	354	356.3
7048712.97	667	340.96	0.000001381	39.19	352.9	297.42	341	342.4	342.1	343.7	343.5	344.8	344.5	346.1	345.3	346.9	346.6	347.5	345.2	352.9	354	356.3
7048723.021	669.2	340.97	0.000001381	39.16	352.93	297.42	341	342.4	342.1	343.8	343.5	344.7	344.5	346.2	345.2	346.9	346.6	347.8	345.2	352.9	354	356.4
7048732.971	670.7	340.96	0.000001381	39.16	353.04	297.42	341	342.4	342.1	343.8	343.5	344.8	344.4	346	345.3	346.9	346.7	347.7	345.3	353	354	356.3
7048743.021	670.9	340.94	0.000001381	39.11	352.95	297.42	340.9	342.5	342.1	343.7	343.5	344.7	344.5	346	345.3	346.9	346.7	347.6	345.3	353	354	356.3
7048753.022	671.5	340.94	0.000001381	39.16	352.99	297.41	340.9	342.6	342.1	343.7	343.5	344.8	344.4	346	345.3	346.9	346.6	347.8	345.3	353	354	356.4
7048762.972	672.7	340.91	0.000001381	39.21	353.03	297.42	340.9	342.4	342.1	343.8	343.5	344.8	344.4	346	345.3	347	346.6	347.8	345.3	353	354	356.4
7048773.023	672.8	340.91	0.000001381	39.19	353.05	297.44	340.9	342.4	342.1	343.7	343.5	344.8	344.4	346.1	345.2	346.9	346.6	347.7	345.3	353	354	356.4
7048782.973	673.7	340.91	0.000001381	39.21	353.03	297.44	340.9	342.4	342.1	343.7	343.5	344.8	344.5	346	345.2	347	346.6	347.6	345.3	353	354.1	356.4
7048792.974	674.1	340.9	0.000001381	39.22	353.1	297.43	340.9	342.4	342.1	343.7	343.5	344.8	344.4	346.1	345.2	347	346.7	347.7	345.3	353.1	354	356.4
7048802.974	674.9	340.89	0.000001381	39.18	353.06	297.43	340.9	342.4	342.1	343.8	343.5	344.7	344.4	346.1	345.2	346.9	346.6	347.9	345.3	353.1	354.1	356.4
7048812.974	675.5	340.88	0.000001381	39.19	353.11	297.43	340.9	342.3	342	343.8	343.5	344.7	344.4	346	345.2	346.9	346.6	347.8	345.3	353.1	354.1	356.4
7048823.025	675	340.86	0.000001381	39.24	353.18	297.44	340.9	342.3	342	343.7	343.4	344.7	344.4	346	345.2	346.9	346.6	347.7	345.3	353.2	354.1	356.4
7048833.025	674.7	340.87	0.000001381	39.24	353.14	297.44	340.9	342.3	342.1	343.7	343.4	344.8	344.5	346.1	345.3	347	346.6	347.8	345.3	353.1	354.1	356.4
7048843.026	674.9	340.85	0.000001381	39.24	353.13	297.44	340.8	342.3	342.1	343.8	343.4	344.8	344.4	346	345.2	347	346.7	347.7	345.3	353.1	354.1	356.4
7048852.976	675.7	340.84	0.000001381	39.32	353.18	297.44	340.8	342.3	342	343.8	343.4	344.6	344.4	346.1	345.2	346.9	346.6	347.8	345.3	353.2	354.1	356.4
7048862.977	676.9	340.84	0.000001381	39.28	353.28	297.44	340.8	342.2	342	343.7	343.4	344.7	344.4	346	345.2	346.9	346.6	347.7	345.3	353.3	354.2	356.4
7048873.027	676.3	340.83	0.000001381	39.35	353.25	297.44	340.8	342.3	342	343.7	343.4	344.7	344.4	346	345.2	346.9	346.6	347.5	345.3	353.2	354.1	356.4
7048882.977	675.6	340.83	0.000001381	39.38	353.2	297.45	340.8	342.3	342	343.7	343.5	344.7	344.4	346	345.3	347	346.6	347.7	345.3	353.2	354.1	356.3
7048893.028	676.7	340.8	0.000001381	39.38	353.2	297.45	340.8	342.3	342	343.7	343.4	344.7	344.4	346.1	345.2	346.9	346.6	347.7	345.3	353.2	354.1	356.4
7048902.978	676.9	340.83	0.000001381	39.39	353.29	297.45	340.8	342.3	342	343.7	343.4	344.7	344.4	346	345.2	346.9	346.7	347.8	345.3	353.3	354.1	356.3
7048913.029	675.1	340.84	0.000001381	39.39	353.22	297.44	340.8	342.3	342	343.7	343.4	344.7	344.4	346	345.2	346.9	346.6	347.7	345.3	353.2	354.1	356.3
7048922.979	676.1	340.86	0.000001381	39.41	353.27	297.43	340.9	342.3	342	343.7	343.5	344.7	344.4	346	345.2	346.9	346.6	347.8	345.3	353.3	354.2	356.3
7048933.03	676.3	340.89	0.000001381	39.45	353.36	297.46	340.9	342.4	342	343.8	343.4	344.7	344.4	346	345.2	346.9	346.7	347.6	345.3	353.4	354.1	356.3
7048943.03	674.7	340.92	0.000001381	39.32	353.35	297.45	340.9	342.4	342	343.8	343.5	344.8	344.4	346	345.2	346.9	346.6	347.6	345.3	353.3	354.2	356.4
7048952.98	674.4	340.95	0.000001381	39.39	353.31	297.45	340.9	342.4	342.1	343.8	343.5	344.6	344.4	346.1	345.2	346.9	346.7	347.9	345.3	353.3	354.1	356.4
7048963.031	673.3	340.98	0.000001381	39.45	353.27	297.46	341	342.4	342.1	343.8	343.5	344.8	344.4	346	345.2	346.9	346.6	347.8	345.4	353.3	354.1	356.3
7048973.031	673.5	341.02	0.00000138	39.45	353.31	297.45	341	342.5	342.1	343.8	343.5	344.8	344.4	346	345.2	346.8	346.6	347.9	345.4	353.3	354.1	356.3
7048983.032	673.9	341.06	0.00000138	39.45	353.29	297.45	341.1	342.5	342.1	343.9	343.5	344.7	344.4	346	345.2	346.9	346.6	347.7	345.4	353.3	354	356.4
7048993.032	673.4	341.1	0.00000138	39.42	353.3	297.47	341.1	342.6	342.2	343.9	343.6	344.8	344.5	346	345.3	346.9	346.6	347.7	345.4	353.3	354.1	356.4
7049003.033	673.6	341.16	0.00000138	39.48	353.32	297.47	341.2	342.6	342.2	343.9	343.6	344.8	344.5	346.1	345.3	347	346.6	347.9	345.4	353.3	354.1	356.5
7049013.033	673.5	341.19	0.00000138	39.49	353.28	297.48	341.2	342.6	342.3	344	343.7	344.9	344.5	346.1	345.3	346.9	346.7	347.8	345.3	353.3	354.2	356.5
7049023.033	672.5	341.21	0.00000138	39.55	353.37	297.48	341.2	342.7	342.3	343.9	343.7	344.9	344.6	346.1	345.4	347	346.7	347.8	345.4	353.4	354.2	356.5
7049032.984	671.7	341.25	0.00000138	39.6	353.33	297.48	341.3	342.6	342.3	344.1	343.8	345	344.6	346.1	345.3	347	346.7	347.9	345.4	353.3	354.3	356.5
7049043.034	671.8	341.26	0.00000138	39.53	353.26	297.48	341.3	342.8	342.3	344	343.8	345	344.6	346.2	345.4	347.1	346.7	348	345.5	353.3	354.3	356.4
7049052.985	670.9	341.26	0.00000138	39.53	353.35	297.48	341.3	342.8	342.4	344.1	343.8	345	344.6	346.2	345.4	347	346.8	347.8	345.5	353.4	354.2	356.5
7049063.035	669.7	341.26	0.00000138	39.62	353.36	297.49	341.3	342.7	342.4	344.1	343.8	345	344.6	346.2	345.4	347.1	346.7	348.1	345.5	353.4	354.3	356.6
7049072.986	670.9	341.25	0.00000138	39.53	353.41	297.47	341.3	342.7	342.4	344.1	343.8	345	344.6	346.3	345.4	347.1	346.8	348	345.5	353.4	354.4	356.7
7049083.036	670.6	341.25	0.00000138	39.6	353.37	297.48	341.3	342.6	342.4	344	343.8	344.9	344.6	346.2	345.5	347.1	346.8	348	345.5	353.4	354.3	356.7
7049092.986	670.1	341.24	0.00000138	39.63	353.45	297.48	341.2	342.7	342.4	344.2	343.8	345	344.7	346.2	345.5	347.1	346.8	347.9	345.6	353.5	354.3	356.7
7049102.987	670.3	341.24	0.00000138	39.6	353.46	297.49	341.2	342.7	342.4	344.2	343.8	345.1	344.7	346.3	345.4	347.1	346.8	347.9	345.6	353.5	354.4	356.8
7049112.987	668.6	341.22	0.00000138	39.66	353.49	297.49	341.2	342.6	342.4	344.1	343.8	345	344.7	346.3	345.5	347.1	346.8	348	345.6	353.5	354.5	356.7
7049122.988	669.6	341.21	0.00000138	39.72	353.48	297.49	341.2	342.7	342.4	344	343.8	345	344.7	346.3	345.5	347.1	346.8	348	345.6	353.5	354.5	356.7
7049133.038	670.1	341.2	0.00000138	39.69	353.55	297.5	341.2	342.8	342.4	344.1	343.8	345	344.7	346.3	345.5	347.1	346.8	348	345.6	353.5	354.5	356.7
7049142.989	670.2	341.18	0.00000138	39.68	353.53	297.51	341.2	342.6	342.4	344.1	343.8	345	344.7	346.3	345.5	347.1	346.9	348.1	345.6	353.5	354.5	356.8
7049153.039	669.2	341.18	0.000001381	39.76	353.67	297.51	341.2	342.6	342.4	344.2	343.9	345	344.7	346.2	345.5	347.2	346.9	348.1	345.7	353.7	354.5	356.7
7049163.039	668.9	341.17	0.000001381	39.68	353.65	297.5	341.2	342.6	342.4	344.1	343.8	344.9	344.7	346.2	345.5	347.2	346.9	347.9	345.7	353.6	354.5	356.8
7049172.99	669.5	341.15	0.000001381	39.7	353.65	297.51	341.2	342.6	342.3	344	343.8	345	344.7	346.3	345.5	347.2	346.9	348	345.7	353.6	354.4	356.8
7049182.99	669.2	341.14	0.000001381	39.75	353.64	297.52	341.1	342.6	342.3	344	343.8	345	344.7	346.3	345.5	347.2	346.9	348	345.7	353.6	354.5	356.7
7049193.041	669.6	341.12	0.000001381	39.72	353.64	297.52	341.1	342.5	342.3	344.1	343.8	345	344.7	346.2	345.5	347.1	346.9	348.1	345.7	353.6	354.4	356.7
7049203.041	670	341.11	0.000001381	39.76	353.68	297.52	341.1	342.6	342.3	344	343.8	344.9	344.7	346.3	345.5	347.2	346.9	348	345.7	353.7	354.4	356.8
7049212.992	669.6	341.1	0.000001381	39.76	353.69	297.54	341.1	342.5	342.3	344.1	343.8	345.1	344.7	346.3	345.5	347.2	346.9	348	345.7	353.7	354.5	356.7
7049222.992	669.7	341.09	0.000001381	39.8	353.7	297.54	341.1	342.5	342.3	344	343.8	345	344.7	346.2	345.5	347.2	346.9	348.2	345.7	353.7	354.5	356.6
7049233.042	669	341.08	0.000001381	39.77	353.73	297.54	341.1	342.5	342.3	344.1	343.8	344.9	344.6	346.3	345.5	347.1	346.9	348	345.7	353.7	354.4	356.7
7049242.993	669	341.05	0.000001381	39.8	353.68	297.53	341.1	342.5	342.3	344.1	343.8	345	344.6	346.2	345.5	347.2	346.9	348.1	345.7	353.7	354.4	356.7
7049253.043	670	341.05	0.000001381	39.79	353.77	297.53	341	342.5	342.3	344	343.8	344.9	344.6	346.2	345.5	347.2	346.9	348.1	345.7	353.8	354.5	356.6
7049263.044	669.4	341.03	0.000001381	39.83	353.77	297.54	341	342.5	342.3	344.1	343.7	345	344.6	346.4	345.5	347.2	346.9	348.2	345.7	353.8	354.5	356.7
7049273.044	670	341.01	0.000001381	39.75	353.76	297.54	341	342.6	342.3	344	343.8	344.9	344.6	346.2	345.5	347.1	346.9	348.1	345.7	353.8	354.5	356.7
7049283.045	670.3	341.01	0.000001381	39.8	353.85	297.53	341	342.5	342.2	344	343.8	345	344.7	346.3	345.5	347.1	346.9	348.2	345.7	353.8	354.5	356.6
7049292.995	672.1	340.99	0.000001381	39.97	353.82	297.56	341	342.6	342.2	344	343.8	345	344.6	346.1	345.5	347.2	346.9	348.2	345.7	353.8	354.5	356.7
7049303.045	672.6	340.97	0.000001381	39.9	353.9	297.57	341	342.4	342.2	344	343.8	344.9	344.6	346.3	345.5	347.2	346.9	347.9	345.7	353.9	354.6	356.8
7049312.996	674.6	340.95	0.000001381	40.24	353.85	297.54	340.9	342.5	342.2	344	343.7	344.9	344.6	346.2	345.5	347.2	346.9	348	345.7	353.9	354.6	356.7
7049323.046	673.5	340.93	0.000001381	40.31	353.88	297.56	340.9	342.5	342.2	344	343.8	344.9	344.6	346.3	345.5	347.2	346.9	348.1	345.7	353.9	354.6	356.8
7049332.997	674.2	340.93	0.000001381	40.61	353.98	297.57	340.9	342.4	342.2	344	343.8	345	344.7	346.3	345.5	347.2	346.9	348.2	345.8	354	354.7	356.8
7049342.997	674.9	340.91	0.000001381	40.56	353.9	297.56	340.9	342.5	342.2	344.1	343.8	345	344.7	346.3	345.5	347.3	347	348.3	345.8	353.9	354.7	356.9
7049352.998	675.4	340.9	0.000001381	40.64	353.98	297.56	340.9	342.4	342.2	344	343.7	344.9	344.7	346.3	345.5	347.2	347	348.2	345.8	354	354.7	356.9
7049363.048	675.3	340.9	0.000001381	40.64	353.91	297.55	340.9	342.5	342.2	344	343.8	344.9	344.7	346.3	345.5	347.3	347	348.2	345.8	353.9	354.7	356.9
7049372.998	676.1	340.89	0.000001381	40.73	353.89	297.55	340.9	342.4	342.2	344.1	343.8	345	344.7	346.3	345.6	347.2	347	348.3	345.8	353.9	354.7	356.9
7049383.049	676.4	340.87	0.000001381	40.8	353.87	297.56	340.9	342.4	342.2	344	343.8	345	344.6	346.3	345.5	347.2	347	348.3	345.9	353.9	354.6	356.9
7049393.049	677.6	340.87	0.000001381	40.71	354.02	297.57	340.9	342.4	342.2	344	343.8	344.9	344.7	346.2	345.6	347.2	347	348.1	345.8	354	354.7	356.9
7049403	678.3	340.85	0.000001381	40.73	354	297.56	340.9	342.3	342.1	344	343.7	344.9	344.7	346.3	345.5	347.3	346.9	348.3	345.9	354	354.7	357
7049413	677.5	340.84	0.000001381	40.81	354.11	297.55	340.8	342.3	342.2	344	343.8	344.9	344.6	346.3	345.6	347.2	347	348.3	345.8	354.1	354.7	356.9
7049423.001	676.4	340.84	0.000001381	40.87	354.1	297.54	340.8	342.3	342.1	343.9	343.7	344.9	344.6	346.3	345.5	347.2	347	348.3	345.9	354.1	354.7	356.9
7049433.051	677	340.83	0.000001381	40.88	354.12	297.54	340.8	342.3	342.1	343.9	343.7	344.9	344.7	346.3	345.6	347.2	346.9	348.3	345.9	354.1	354.8	356.9
7049443.001	675.9	340.84	0.000001381	40.91	354.12	297.55	340.8	342.3	342.1	344	343.7	344.9	344.6	346.3	345.6	347.3	346.9	348.2	345.9	354.1	354.7	356.9
7049453.052	675.9	340.85	0.000001381	40.81	354.17	297.55	340.9	342.3	342.1	344	343.8	345	344.7	346.3	345.5	347.3	347	348.1	345.9	354.2	354.7	356.8
7049463.002	676.7	340.87	0.000001381	40.9	354.16	297.55	340.9	342.4	342.1	344	343.8	345	344.7	346.3	345.6	347.3	347	348.4	345.9	354.2	354.7	356.8
7049473.003	676.2	340.89	0.00000138	40.87	354.08	297.54	340.9	342.5	342.1	344.1	343.8	345	344.7	346.3	345.5	347.2	347	348.3	345.9	354.1	354.7	356.9
7049483.003	676.5	340.92	0.00000138	40.87	354.21	297.54	340.9	342.5	342.2	344.1	343.8	345.1	344.7	346.3	345.5	347.3	347	348.4	345.9	354.2	354.7	356.8
7049493.054	676.2	340.93	0.00000138	40.88	354.26	297.53	340.9	342.6	342.2	344.2	343.8	345	344.7	346.3	345.6	347.3	347	348.4	345.9	354.3	354.8	356.8
7049503.004	677.1	340.97	0.00000138	40.95	354.22	297.53	341	342.5	342.2	344.1	343.8	345.1	344.8	346.4	345.6	347.3	347	348.2	345.9	354.2	354.8	356.9
7049513.004	677.1	341	0.00000138	40.91	354.27	297.53	341	342.5	342.2	344.1	343.8	345	344.8	346.4	345.6	347.3	347	348.4	345.9	354.3	354.8	356.9
7049523.055	676.9	341.04	0.00000138	40.85	354.19	297.53	341	342.5	342.3	344.2	343.9	345.1	344.8	346.4	345.7	347.3	347	348.4	346	354.2	354.8	356.9
7049533.055	678	341.08	0.00000138	40.92	354.36	297.52	341.1	342.6	342.3	344.2	343.9	345.1	344.8	346.3	345.7	347.3	347.1	348.3	346	354.4	354.9	357
7049543.006	677.7	341.12	0.00000138	40.92	354.35	297.53	341.1	342.5	342.3	344.2	344	345.2	344.8	346.5	345.7	347.4	347.1	348.6	346	354.3	355	357.1
7049553.056	678.5	341.14	0.00000138	41.07	354.29	297.52	341.1	342.6	342.4	344.3	344	345.2	344.9	346.4	345.7	347.4	347.1	348.4	346	354.3	355	357.1
7049563.007	680.4	341.17	0.00000138	41.08	354.34	297.51	341.2	342.8	342.4	344.3	344	345.3	344.9	346.5	345.8	347.5	347.2	348.7	346	354.3	355	357.2
7049573.057	680.6	341.19	0.00000138	41.02	354.41	297.51	341.2	342.7	342.4	344.3	344.1	345.3	344.9	346.6	345.8	347.5	347.2	348.5	346	354.4	355	357.2
7049583.007	682.1	341.21	0.00000138	41.09	354.41	297.5	341.2	342.7	342.5	344.4	344.1	345.3	345	346.6	345.8	347.5	347.3	348.7	346.1	354.4	355.1	357.3
7049593.008	682.3	341.23	0.00000138	41.27	354.4	297.48	341.2	342.7	342.5	344.3	344.1	345.3	345	346.6	345.9	347.5	347.3	348.5	346.1	354.4	355.1	357.4
7049603.008	682.6	341.22	0.00000138	41.28	354.45	297.5	341.2	342.8	342.5	344.5	344.1	345.4	345	346.6	345.9	347.6	347.3	348.6	346.2	354.4	355.1	357.4
7049613.059	682.7	341.23	0.00000138	41.35	354.51	297.49	341.2	342.8	342.5	344.4	344.2	345.3	345.1	346.7	345.9	347.7	347.3	348.8	346.2	354.5	355.2	357.5
7049623.009	682.9	341.22	0.00000138	41.44	354.54	297.48	341.2	342.8	342.5	344.4	344.2	345.4	345.1	346.8	346	347.6	347.4	348.7	346.2	354.5	355.2	357.5
7049633.06	682.6	341.23	0.00000138	41.42	354.62	297.47	341.2	342.7	342.5	344.5	344.2	345.4	345.1	346.7	346	347.7	347.4	348.6	346.2	354.6	355.3	357.6
7049643.06	682.4	341.25	0.00000138	41.45	354.6	297.48	341.2	342.8	342.5	344.5	344.2	345.4	345.1	346.8	346	347.7	347.4	348.7	346.3	354.6	355.2	357.7
7049653.06	682.6	341.22	0.00000138	41.4	354.7	297.46	341.2	342.8	342.5	344.6	344.2	345.4	345.1	346.7	346	347.8	347.4	348.8	346.3	354.7	355.2	357.6
7049663.061	681.2	341.22	0.00000138	41.38	354.75	297.45	341.2	342.8	342.5	344.5	344.2	345.4	345.1	346.8	346	347.7	347.5	348.8	346.3	354.8	355.3	357.7
7049673.011	680.8	341.21	0.00000138	41.4	354.7	297.44	341.2	342.7	342.5	344.5	344.2	345.4	345.1	346.8	346	347.7	347.5	348.8	346.4	354.7	355.4	357.7
7049683.062	680	341.21	0.00000138	41.3	354.78	297.45	341.2	342.7	342.5	344.4	344.2	345.4	345.1	346.9	346	347.7	347.5	348.6	346.4	354.8	355.4	357.6
7049693.012	681.1	341.2	0.00000138	41.48	354.78	297.46	341.2	342.8	342.5	344.5	344.2	345.4	345.1	346.8	346.1	347.8	347.5	348.8	346.4	354.8	355.4	357.6
7049703.013	680.6	341.2	0.00000138	41.47	354.77	297.44	341.2	342.8	342.5	344.4	344.2	345.4	345.1	346.8	346	347.8	347.5	348.9	346.4	354.8	355.4	357.7
7049713.063	681.6	341.2	0.00000138	41.51	354.88	297.44	341.2	342.7	342.5	344.6	344.2	345.4	345.2	346.7	346.1	347.8	347.5	348.8	346.4	354.9	355.4	357.7
7049723.063	681.4	341.19	0.00000138	41.44	354.85	297.42	341.2	342.8	342.5	344.5	344.2	345.4	345.1	346.8	346.1	347.8	347.5	348.7	346.4	354.9	355.4	357.8
7049733.014	680.2	341.18	0.00000138	41.48	354.92	297.43	341.2	342.7	342.5	344.5	344.3	345.4	345.1	346.8	346.1	347.7	347.5	349.1	346.4	354.9	355.4	357.7
7049743.014	681	341.17	0.00000138	41.58	354.9	297.44	341.2	342.8	342.5	344.6	344.2	345.5	345.1	346.8	346.1	347.8	347.5	348.9	346.5	354.9	355.5	357.8
7049753.015	679.9	341.17	0.00000138	41.54	354.99	297.43	341.2	342.6	342.5	344.5	344.3	345.5	345.1	346.7	346.1	347.8	347.5	348.8	346.5	355	355.5	357.8
7049763.065	679.2	341.17	0.00000138	41.65	355.03	297.43	341.2	342.7	342.5	344.6	344.2	345.4	345.1	346.8	346.1	347.8	347.6	348.9	346.5	355	355.5	357.8
7049773.066	678.8	341.15	0.00000138	41.52	354.92	297.43	341.2	342.8	342.5	344.5	344.2	345.5	345.1	346.7	346.1	347.8	347.5	349	346.5	354.9	355.5	357.9
7049783.016	678.6	341.14	0.00000138	41.55	355.07	297.43	341.1	342.6	342.5	344.5	344.2	345.5	345.1	346.8	346.1	347.7	347.5	349.1	346.5	355.1	355.5	357.9
7049793.066	678.4	341.12	0.00000138	41.65	355.04	297.43	341.1	342.6	342.5	344.4	344.3	345.5	345.1	346.8	346.1	347.8	347.5	348.8	346.5	355	355.5	357.9
7049803.017	677.6	341.12	0.00000138	41.64	355.06	297.42	341.1	342.7	342.5	344.4	344.2	345.4	345.1	346.8	346.1	347.8	347.5	348.8	346.5	355.1	355.5	357.8
7049813.067	677.5	341.11	0.00000138	41.61	355.12	297.43	341.1	342.7	342.4	344.5	344.2	345.4	345.1	346.8	346.1	347.8	347.5	348.9	346.5	355.1	355.5	357.8
7049823.068	676.3	341.1	0.00000138	41.59	355.23	297.44	341.1	342.6	342.4	344.5	344.2	345.5	345.1	346.8	346.1	347.8	347.5	348.9	346.5	355.2	355.5	357.8
7049833.018	677	341.1	0.00000138	41.75	355.21	297.44	341.1	342.7	342.4	344.4	344.2	345.4	345.1	346.7	346.1	347.8	347.6	349.1	346.5	355.2	355.5	357.8
7049843.019	676.2	341.08	0.00000138	41.69	355.22	297.43	341.1	342.7	342.4	344.5	344.2	345.4	345.1	346.9	346.1	347.8	347.5	349	346.5	355.2	355.5	357.9
7049853.069	675.5	341.09	0.00000138	41.61	355.2	297.44	341.1	342.6	342.4	344.5	344.2	345.4	345.1	346.8	346.1	347.9	347.5	349.1	346.5	355.2	355.5	357.8
7049863.019	674.5	341.08	0.00000138	41.61	355.2	297.44	341.1	342.6	342.4	344.5	344.2	345.5	345.1	346.8	346.1	347.8	347.5	348.9	346.6	355.2	355.6	357.9
7049873.02	673.6	341.07	0.00000138	41.64	355.32	297.43	341.1	342.7	342.4	344.4	344.2	345.4	345.1	346.8	346.1	347.8	347.5	349	346.5	355.3	355.5	357.8
7049883.02	674.1	341.05	0.00000138	41.59	355.25	297.42	341.1	342.6	342.4	344.4	344.2	345.3	345.1	346.7	346.1	347.9	347.5	349.1	346.5	355.3	355.6	357.7
7049893.071	672.9	341.05	0.00000138	41.65	355.25	297.44	341	342.6	342.4	344.4	344.2	345.4	345.1	346.8	346	347.8	347.5	349.1	346.5	355.2	355.5	357.7
7049903.021	673	341.04	0.00000138	41.58	355.16	297.42	341	342.6	342.4	344.4	344.2	345.3	345.1	346.8	346	347.8	347.6	348.9	346.5	355.2	355.5	357.7
7049913.072	673.1	341.04	0.00000138	41.65	355.3	297.43	341	342.5	342.4	344.4	344.2	345.4	345.1	346.8	346.1	347.8	347.5	349	346.5	355.3	355.4	357.7
7049923.072	673.5	341.03	0.00000138	41.68	355.26	297.42	341	342.6	342.4	344.5	344.1	345.3	345.1	346.7	346.1	347.8	347.5	349	346.5	355.3	355.5	357.8
7049933.022	673.3	341.02	0.00000138	41.62	355.29	297.41	341	342.5	342.4	344.5	344.2	345.4	345.1	346.8	346	347.7	347.5	349	346.5	355.3	355.5	357.8
7049943.023	671.8	341.01	0.00000138	41.66	355.28	297.4	341	342.6	342.3	344.4	344.2	345.4	345.1	346.8	346	347.8	347.5	349.1	346.5	355.3	355.4	357.7
7049953.073	670.4	341	0.00000138	41.61	355.26	297.39	341	342.6	342.3	344.3	344.1	345.3	345	346.8	346.1	347.8	347.5	349.1	346.5	355.3	355.5	357.8
7049963.024	671.2	340.99	0.00000138	21.59	355.39	297.4	341	342.5	342.3	344.5	344.2	345.2	345	346.7	346	347.8	347.5	348.9	346.5	355.4	355.5	357.8
7049973.024	671.8	341	0.00000138	27.79	355.25	297.41	341	342.7	342.4	344.5	344.2	345.4	345.1	346.9	346.1	348	347.7	349.1	346.5	355.3	356.7	359.4
7049983.025	672.4	340.98	0.00000138	41.8	355.41	297.41	341	342.7	342.5	344.6	344.3	345.5	345.1	346.9	346.2	348.1	347.8	349.3	346.5	355.4	356.2	358.5
7049993.025	671.4	340.98	0.00000138	41.82	355.41	297.41	341	342.6	342.4	344.5	344.2	345.4	345.2	346.9	346.2	348	347.7	349.3	346.6	355.4	355.9	357.9
7050003.025	670.2	340.97	0.00000138	41.8	355.44	297.4	341	342.6	342.4	344.4	344.3	345.4	345.1	346.8	346.1	348	347.7	349.3	346.6	355.4	355.7	357.6
7050013.076	669.9	340.98	0.00000138	41.83	355.44	297.39	341	342.5	342.3	344.4	344.2	345.4	345.1	346.9	346.1	347.9	347.6	349.3	346.7	355.4	355.7	357.4
7050023.026	670.3	340.96	0.00000138	41.86	355.4	297.39	341	342.5	342.3	344.4	344.2	345.3	345.1	346.8	346.1	347.9	347.6	349.1	346.7	355.4	355.6	357.3
7050033.027	669.4	340.97	0.00000138	41.82	355.34	297.39	341	342.6	342.3	344.4	344.1	345.3	345	346.7	346.1	347.8	347.5	349	346.6	355.3	355.6	357.2
7050043.027	668.2	340.96	0.00000138	41.82	355.37	297.39	341	342.5	342.3	344.3	344.2	345.4	345	346.8	346	347.8	347.5	349.1	346.6	355.4	355.5	357.2
7050053.028	670.1	340.98	0.00000138	41.96	355.48	297.42	341	342.6	342.3	344.4	344.1	345.5	345	346.7	346	347.8	347.5	349.1	346.6	355.5	355.5	357.2
7050063.078	669.9	340.99	0.00000138	41.9	355.52	297.4	341	342.6	342.3	344.5	344.1	345.3	345	346.7	346	347.8	347.4	348.9	346.6	355.5	355.4	357.2
7050073.028	670.6	341.02	0.00000138	41.79	355.41	297.39	341	342.5	342.3	344.5	344.2	345.3	345	346.6	346	347.8	347.5	349	346.6	355.4	355.4	357.2
7050083.079	670.9	341.04	0.00000138	41.96	355.45	297.4	341	342.6	342.3	344.5	344.2	345.3	345	346.7	346	347.7	347.4	349.2	346.6	355.5	355.5	357.2
7050093.079	672.6	341.07	0.00000138	41.99	355.35	297.39	341.1	342.7	342.3	344.5	344.2	345.3	345.1	346.7	346	347.7	347.5	348.9	346.6	355.4	355.5	357.3
7050103.08	674.1	341.09	0.00000138	42.14	355.47	297.39	341.1	342.6	342.4	344.5	344.3	345.4	345.1	346.8	346	347.8	347.5	348.9	346.5	355.5	355.5	357.3
7050113.03	673.9	341.14	0.00000138	42.07	355.42	297.39	341.1	342.7	342.4	344.5	344.2	345.4	345.1	346.8	346.1	347.7	347.5	349	346.5	355.4	355.5	357.4
7050123.081	673.6	341.17	0.00000138	42.08	355.5	297.4	341.2	342.9	342.4	344.7	344.3	345.4	345.1	346.8	346.1	347.8	347.6	349	346.6	355.5	355.5	357.4
7050133.031	674.1	341.22	0.00000138	42.04	355.47	297.39	341.2	342.8	342.5	344.6	344.4	345.6	345.2	346.9	346.1	347.9	347.6	349	346.6	355.5	355.6	357.4
7050143.081	672.9	341.24	0.00000138	42.06	355.46	297.39	341.2	342.8	342.5	344.6	344.4	345.5	345.2	346.9	346.2	347.9	347.6	349.2	346.6	355.5	355.6	357.5
7050153.082	673.2	341.27	0.00000138	42.1	355.46	297.4	341.3	342.8	342.5	344.7	344.4	345.6	345.2	346.9	346.2	347.9	347.6	349	346.6	355.5	355.6	357.5
7050163.032	673	341.29	0.00000138	42	355.49	297.41	341.3	343	342.6	344.6	344.4	345.6	345.3	347	346.2	348	347.7	349.2	346.6	355.5	355.6	357.5
7050173.083	672.9	341.3	0.00000138	42	355.46	297.39	341.3	342.9	342.6	344.8	344.5	345.6	345.3	347	346.2	347.9	347.7	349.5	346.6	355.5	355.8	357.5
7050183.033	671.9	341.3	0.00000138	42.1	355.47	297.4	341.3	342.8	342.6	344.8	344.5	345.7	345.3	347	346.2	348	347.7	349.1	346.7	355.5	355.7	357.5
7050193.084	672.4	341.31	0.00000138	42.07	355.49	297.38	341.3	342.9	342.6	344.7	344.5	345.6	345.3	347	346.3	348	347.7	349.4	346.7	355.5	355.7	357.6
7050203.084	673.1	341.31	0.00000138	42.08	355.49	297.39	341.3	342.9	342.6	344.8	344.5	345.6	345.3	347	346.3	348.1	347.7	349.3	346.7	355.5	355.8	357.5
7050213.084	672.6	341.31	0.00000138	42.2	355.52	297.39	341.3	342.9	342.6	344.8	344.5	345.6	345.3	347	346.3	348	347.8	349.3	346.7	355.5	355.8	357.6
7050223.085	673.4	341.3	0.00000138	42.28	355.47	297.41	341.3	343	342.6	344.7	344.5	345.7	345.3	347.1	346.3	348	347.8	349.1	346.8	355.5	355.9	357.7
7050233.035	673	341.31	0.00000138	42	355.64	297.44	341.3	342.9	342.6	344.8	344.6	345.8	345.3	347	346.3	348.1	347.8	349.3	346.8	355.6	355.9	357.6
7050243.036	673.4	341.31	0.00000138	42.03	355.67	297.44	341.3	342.9	342.6	345	344.5	345.7	345.4	347.1	346.3	348.1	347.8	349.3	346.8	355.7	356	357.5
7050253.086	672.7	341.3	0.00000138	42.04	355.74	297.44	341.3	342.9	342.6	344.7	344.6	345.8	345.4	347.1	346.4	348.2	347.8	349.3	346.8	355.7	356	357.6
7050263.087	671.5	341.31	0.00000138	41.58	355.79	297.42	341.3	342.9	342.6	344.8	344.6	345.8	345.4	347.1	346.4	348.1	347.8	349.6	346.8	355.8	355.9	357.5
7050273.037	671.6	341.3	0.00000138	41.99	355.69	297.4	341.3	342.8	342.6	344.8	344.5	345.6	345.4	347.1	346.4	348.2	347.9	349.3	346.8	355.7	355.9	357.5
7050283.087	670.9	341.29	0.00000138	41.94	355.64	297.42	341.3	342.8	342.6	344.9	344.5	345.7	345.4	347	346.3	348.2	347.8	349.6	346.9	355.6	355.9	357.5
7050293.088	671.3	341.28	0.00000138	41.99	355.75	297.45	341.3	342.7	342.6	344.8	344.6	345.7	345.4	347.1	346.3	348.2	347.8	349.4	346.9	355.8	356	357.5
7050303.088	671	341.29	0.00000138	42.03	355.79	297.45	341.3	342.9	342.6	344.9	344.5	345.6	345.4	347.1	346.4	348.1	347.9	349.5	346.9	355.8	355.9	357.5
7050313.089	670.6	341.27	0.00000138	41.99	355.84	297.44	341.3	342.8	342.6	344.9	344.6	345.6	345.4	347	346.4	348.2	347.8	349.5	346.9	355.8	355.9	357.5
7050323.039	671	341.27	0.00000138	42.06	355.83	297.44	341.3	342.9	342.6	344.8	344.6	345.7	345.4	347.1	346.4	348.1	347.8	349.3	346.9	355.8	355.9	357.5
7050333.04	670.6	341.24	0.00000138	42.13	355.97	297.44	341.2	342.9	342.6	344.8	344.5	345.6	345.4	347	346.3	348.2	347.8	349.6	346.9	356	356	357.5
7050343.04	671	341.24	0.00000138	42.06	355.77	297.44	341.2	342.9	342.6	344.9	344.6	345.7	345.4	347.1	346.3	348.1	347.8	349.5	346.9	355.8	356	357.4
7050353.04	670	341.23	0.00000138	42.08	355.83	297.42	341.2	342.8	342.6	344.9	344.5	345.6	345.4	347	346.3	348	347.9	349.6	346.9	355.8	355.9	357.5
7050363.091	671	341.22	0.00000138	42.14	355.95	297.46	341.2	342.8	342.6	344.9	344.6	345.7	345.4	347.1	346.4	348.1	347.9	349.4	346.9	356	356	357.6
7050373.041	670.5	341.21	0.00000138	42.18	355.91	297.45	341.2	342.8	342.5	344.8	344.6	345.7	345.4	347.1	346.4	348.1	347.9	349.6	346.9	355.9	355.9	357.6
7050383.042	669.5	341.21	0.00000138	42.17	355.93	297.44	341.2	342.7	342.6	344.8	344.6	345.6	345.4	347.1	346.3	348.1	347.8	349.5	346.9	355.9	356	357.6
7050393.042	669.6	341.19	0.00000138	42.18	355.96	297.45	341.2	342.7	342.6	344.8	344.6	345.7	345.4	347	346.4	348.2	347.8	349.4	346.9	356	356	357.6
7050403.043	670.7	341.19	0.00000138	42.25	356	297.47	341.2	342.9	342.5	344.7	344.5	345.7	345.3	347.1	346.4	348.2	347.8	349.7	346.9	356	356	357.6
7050413.043	670.2	341.19	0.00000138	42.14	356.16	297.47	341.2	342.7	342.5	344.8	344.6	345.7	345.4	347.1	346.4	348.1	347.9	349.4	346.9	356.2	356	357.5
7050423.093	670.6	341.18	0.00000138	42.25	356.05	297.48	341.2	342.8	342.5	344.8	344.5	345.6	345.4	347	346.3	348.2	347.8	349.6	346.9	356.1	356	357.6
7050433.094	669.9	341.17	0.00000138	42.21	356.03	297.46	341.2	342.8	342.5	344.8	344.5	345.6	345.4	347.1	346.3	348.1	347.9	349.6	346.9	356	356	357.6
7050443.044	670.6	341.17	0.00000138	42.29	355.99	297.48	341.2	342.8	342.5	344.7	344.5	345.7	345.4	347	346.3	348.2	347.8	349.5	346.9	356	356	357.6
7050453.095	671.1	341.16	0.00000138	42.21	355.99	297.46	341.2	342.7	342.5	344.8	344.5	345.7	345.4	347.1	346.3	348.1	347.8	349.4	346.9	356	355.9	357.6
7050463.045	670.5	341.15	0.00000138	42.28	355.98	297.47	341.2	342.8	342.5	344.8	344.5	345.7	345.3	347	346.4	348.1	347.8	349.6	346.9	356	356	357.7
7050473.096	669.7	341.14	0.00000138	42.21	356.07	297.5	341.1	342.8	342.5	344.8	344.5	345.6	345.4	347.1	346.4	348.1	347.8	349.6	346.9	356.1	356	357.7
7050483.046	670	341.13	0.00000138	42.22	356.19	297.49	341.1	342.9	342.5	344.7	344.5	345.7	345.3	347	346.3	348.1	347.8	349.6	346.9	356.2	356	357.7
7050493.046	670	341.13	0.00000138	42.22	356.07	297.5	341.1	342.7	342.5	344.8	344.5	345.6	345.3	347.1	346.4	348.1	347.9	349.7	346.9	356.1	355.9	357.6
7050503.097	670.1	341.11	0.00000138	42.26	356.24	297.48	341.1	342.7	342.4	344.8	344.5	345.6	345.3	347.1	346.4	348	347.9	349.5	346.9	356.2	356	357.6
7050513.047	670.2	341.11	0.00000138	42.22	356.04	297.48	341.1	342.7	342.4	344.8	344.5	345.6	345.3	347.1	346.3	348.1	347.8	349.4	347	356	356	357.5
7050523.048	670.1	341.07	0.00000138	42.28	356.01	297.48	341.1	342.7	342.5	344.7	344.5	345.6	345.3	347.1	346.3	348.1	347.8	349.4	346.9	356	356	357.6
7050533.048	670.1	341.08	0.00000138	42.26	355.95	297.48	341.1	342.7	342.4	344.8	344.5	345.5	345.3	347	346.3	348	347.8	349.4	347	355.9	356	357.5
7050543.049	669.4	341.06	0.00000138	42.22	356.1	297.5	341.1	342.6	342.4	344.9	344.5	345.5	345.3	347.1	346.3	348	347.8	349.5	346.9	356.1	356	357.5
7050553.049	669.4	341.06	0.00000138	42.15	356.16	297.51	341.1	342.8	342.4	344.7	344.5	345.6	345.3	347	346.3	348.1	347.8	349.4	346.9	356.2	356	357.6
7050563.049	669.8	341.02	0.00000138	42.25	356.18	297.51	341	342.7	342.4	344.7	344.4	345.6	345.2	346.9	346.3	348	347.8	349.4	346.9	356.2	356	357.5
7050573.05	670.7	341.02	0.00000138	42.24	356.08	297.5	341	342.7	342.4	344.7	344.5	345.6	345.2	346.9	346.2	348.1	347.7	349.6	346.9	356.1	356	357.5
7050583.1	670.6	341.02	0.00000138	42.26	356.15	297.48	341	342.6	342.4	344.6	344.4	345.5	345.3	347	346.2	347.9	347.8	349.3	346.9	356.2	355.9	357.5
7050593.101	670.8	341.01	0.00000138	42.32	356.05	297.48	341	342.6	342.4	344.7	344.4	345.4	345.2	346.9	346.2	348.1	347.8	349.1	346.9	356.1	356	357.5
