#1	
double	T_HTF_inlet(2502,2)
0	0
7123322.711	24.06
7123522.370	24.80
7123822.333	23.33
7123832.383	23.39
7123842.334	23.41
7123852.334	23.41
7123862.335	23.43
7123872.385	23.43
7123882.335	23.43
7123892.336	23.47
7123902.386	23.56
7123912.387	23.70
7123922.387	23.91
7123932.338	24.26
7123942.388	24.56
7123952.388	25.00
7123962.389	25.39
7123972.339	25.77
7123982.390	26.16
7123992.340	27.01
7124002.391	27.74
7124012.391	28.30
7124022.391	28.69
7124032.392	28.98
7124042.392	29.16
7124052.343	29.32
7124062.393	29.47
7124072.394	29.63
7124082.394	29.73
7124092.344	29.86
7124102.395	29.99
7124112.395	30.15
7124122.346	30.26
7124132.396	30.27
7124142.397	30.41
7124152.397	30.50
7124162.347	30.57
7124172.398	30.58
7124182.348	30.33
7124192.399	30.13
7124202.399	30.03
7124212.400	29.93
7124222.400	29.85
7124232.400	29.76
7124242.401	29.67
7124252.401	29.62
7124262.402	29.56
7124272.352	29.52
7124282.403	29.46
7124292.403	29.42
7124302.403	29.38
7124312.354	29.35
7124322.354	29.30
7124332.405	29.28
7124342.405	29.25
7124352.356	29.22
7124362.356	29.17
7124372.356	29.13
7124382.407	29.09
7124392.407	29.06
7124402.408	29.03
7124412.358	29.00
7124422.409	28.95
7124432.409	28.92
7124442.409	28.90
7124452.410	28.86
7124462.360	28.83
7124472.361	28.80
7124482.361	28.76
7124492.362	28.73
7124502.362	28.70
7124512.412	28.68
7124522.363	28.65
7124532.413	28.61
7124542.414	28.58
7124552.364	28.54
7124562.415	28.53
7124572.415	28.50
7124582.415	28.47
7124592.416	28.44
7124602.416	28.41
7124612.367	28.40
7124622.367	28.36
7124632.418	28.33
7124642.418	28.31
7124652.418	28.29
7124662.419	28.26
7124672.369	28.24
7124682.420	28.19
7124692.370	28.17
7124702.371	28.15
7124712.421	28.11
7124722.371	28.10
7124732.372	28.06
7124742.422	28.04
7124752.423	28.01
7124762.373	27.99
7124772.424	27.96
7124782.424	27.93
7124792.424	27.91
7124802.425	27.89
7124812.375	27.85
7124822.376	27.83
7124832.426	27.80
7124842.427	27.78
7124852.427	27.75
7124862.427	27.73
7124872.378	27.69
7124882.378	27.69
7124892.379	27.67
7124902.429	27.66
7124912.380	27.63
7124922.430	27.62
7124932.430	27.60
7124942.381	27.58
7124952.431	27.55
7124962.432	27.55
7124972.382	27.52
7124982.433	27.51
7124992.433	27.50
7125002.383	27.48
7125012.434	27.46
7125022.434	27.46
7125032.435	27.44
7125042.435	27.42
7125052.436	27.41
7125062.436	27.39
7125072.436	27.40
7125082.437	27.38
7125092.437	27.37
7125102.388	27.38
7125112.388	27.37
7125122.439	27.35
7125132.389	27.33
7125142.439	27.32
7125152.440	27.30
7125162.440	27.30
7125172.441	27.27
7125182.441	27.27
7125192.441	27.26
7125202.392	27.26
7125212.442	27.25
7125222.443	27.26
7125232.393	27.25
7125242.394	27.24
7125252.444	27.29
7125262.444	27.30
7125272.445	27.32
7125282.445	27.33
7125292.396	27.33
7125302.396	27.33
7125312.397	27.33
7125322.447	27.34
7125332.447	27.35
7125342.448	27.34
7125352.398	27.35
7125362.449	27.35
7125372.399	27.38
7125382.450	27.39
7125392.400	27.41
7125402.450	27.43
7125412.451	27.47
7125422.401	27.46
7125432.452	27.49
7125442.402	27.50
7125452.453	27.50
7125462.453	27.54
7125472.403	27.56
7125482.404	27.57
7125492.404	27.55
7125502.405	27.57
7125512.405	27.58
7125522.456	27.56
7125532.456	27.56
7125542.406	27.57
7125552.457	27.56
7125562.407	27.57
7125572.458	27.57
7125582.408	27.57
7125592.459	27.58
7125602.459	27.59
7125612.409	27.58
7125622.460	27.59
7125632.460	27.60
7125642.411	27.59
7125652.411	27.60
7125662.412	27.60
7125672.462	27.60
7125682.412	27.60
7125692.463	27.61
7125702.463	27.60
7125712.464	27.61
7125722.414	27.62
7125732.465	27.62
7125742.465	27.62
7125752.415	27.62
7125762.466	27.63
7125772.416	27.62
7125782.467	27.63
7125792.467	27.63
7125802.468	27.62
7125812.468	27.62
7125822.468	27.61
7125832.469	27.60
7125842.469	27.62
7125852.470	27.62
7125862.420	27.62
7125872.471	27.62
7125882.471	27.60
7125892.471	27.61
7125902.422	27.64
7125912.422	27.66
7125922.473	27.68
7125932.473	27.69
7125942.474	27.69
7125952.474	27.68
7125962.424	27.67
7125972.475	27.67
7125982.475	27.67
7125992.476	27.67
7126002.476	27.67
7126012.477	27.66
7126022.477	27.66
7126032.427	27.66
7126042.428	27.65
7126052.478	27.64
7126062.429	27.66
7126072.429	27.66
7126082.480	27.64
7126092.480	27.67
7126102.430	27.68
7126112.481	27.59
7126122.481	27.52
7126132.432	27.47
7126142.482	27.42
7126152.433	27.35
7126162.483	27.29
7126172.483	27.22
7126182.484	27.21
7126192.434	27.12
7126202.485	27.12
7126212.435	27.13
7126222.436	27.13
7126232.486	27.14
7126242.436	27.13
7126252.487	27.13
7126262.437	27.12
7126272.488	27.11
7126282.488	27.11
7126292.439	27.14
7126302.489	28.57
7126312.489	27.90
7126322.490	27.72
7126332.440	27.74
7126342.491	27.65
7126352.441	27.63
7126362.442	27.60
7126372.492	27.58
7126382.442	27.56
7126392.493	27.56
7126402.443	27.54
7126412.444	27.53
7126422.444	27.52
7126432.445	27.51
7126442.445	27.51
7126452.495	27.48
7126462.446	27.48
7126472.496	27.46
7126482.497	27.46
7126492.497	27.44
7126502.498	27.44
7126512.498	27.44
7126522.498	27.43
7126532.499	27.42
7126542.499	27.41
7126552.500	27.37
7126562.500	27.37
7126572.451	27.34
7126582.501	27.33
7126592.501	27.31
7126602.502	27.30
7126612.502	27.35
7126622.503	27.38
7126632.453	27.37
7126642.504	27.36
7126652.504	27.36
7126662.454	27.35
7126672.505	27.35
7126682.455	27.32
7126692.506	27.33
7126702.506	27.32
7126712.507	27.31
7126722.457	27.28
7126732.457	27.27
7126742.458	27.26
7126752.458	27.25
7126762.509	27.24
7126772.509	27.22
7126782.460	27.20
7126792.510	27.17
7126802.460	27.15
7126812.461	27.11
7126822.461	27.08
7126832.512	27.06
7126842.462	27.02
7126852.463	27.01
7126862.463	27.00
7126872.513	27.00
7126882.464	26.98
7126892.514	26.96
7126902.515	26.97
7126912.515	26.96
7126922.466	26.95
7126932.516	26.95
7126942.516	26.95
7126952.517	26.92
7126962.517	26.90
7126972.468	26.89
7126982.468	26.88
7126992.519	26.86
7127002.519	26.84
7127012.519	26.81
7127022.520	26.80
7127032.520	26.77
7127042.521	26.76
7127052.471	26.75
7127062.472	26.72
7127072.472	26.72
7127082.522	26.70
7127092.473	26.70
7127102.523	26.67
7127112.524	26.66
7127122.524	26.65
7127132.475	26.63
7127142.475	26.63
7127152.525	26.60
7127162.476	26.59
7127172.476	26.59
7127182.527	26.58
7127192.477	26.58
7127202.478	26.58
7127212.478	26.55
7127222.478	26.54
7127232.529	26.55
7127242.529	26.56
7127252.480	26.54
7127262.480	26.54
7127272.531	26.51
7127282.531	26.50
7127292.481	26.51
7127302.482	26.50
7127312.482	26.49
7127322.533	24.94
7127332.483	25.16
7127342.484	25.16
7127352.534	25.23
7127362.484	25.39
7127372.535	25.53
7127382.535	25.63
7127392.486	25.71
7127402.486	26.11
7127412.537	27.20
7127422.487	28.02
7127432.537	27.41
7127442.538	27.31
7127452.538	27.19
7127462.539	27.09
7127472.489	27.02
7127482.540	26.94
7127492.490	26.88
7127502.540	26.85
7127512.491	26.80
7127522.491	26.77
7127532.542	26.75
7127542.542	26.73
7127552.543	26.73
7127562.543	26.71
7127572.493	26.70
7127582.544	26.68
7127592.544	26.68
7127602.545	26.67
7127612.495	26.68
7127622.546	26.65
7127632.546	26.65
7127642.496	26.64
7127652.497	26.63
7127662.497	26.62
7127672.548	26.63
7127682.548	26.61
7127692.549	26.61
7127702.549	26.60
7127712.549	26.59
7127722.500	26.58
7127732.500	26.59
7127742.501	26.56
7127752.501	26.57
7127762.502	26.56
7127772.552	26.54
7127782.552	26.54
7127792.503	26.53
7127802.553	26.50
7127812.504	26.50
7127822.554	26.49
7127832.505	26.49
7127842.505	26.47
7127852.555	26.48
7127862.556	26.46
7127872.506	26.46
7127882.507	26.44
7127892.557	26.43
7127902.557	26.43
7127912.558	26.41
7127922.558	26.40
7127932.509	26.39
7127942.559	26.40
7127952.560	26.36
7127962.560	26.34
7127972.560	26.34
7127982.561	26.33
7127992.511	26.32
7128002.512	26.30
7128012.512	26.29
7128022.563	26.28
7128032.563	26.26
7128042.513	26.27
7128052.514	26.27
7128062.514	26.25
7128072.565	26.24
7128082.565	26.23
7128092.516	26.22
7128102.516	26.20
7128112.566	26.19
7128122.567	26.19
7128132.567	26.18
7128142.568	26.17
7128152.518	26.16
7128162.519	26.14
7128172.569	26.14
7128182.569	26.12
7128192.570	26.13
7128202.520	26.11
7128212.571	26.10
7128222.571	26.08
7128232.522	26.07
7128242.522	26.05
7128252.572	26.04
7128262.523	26.02
7128272.573	26.01
7128282.574	26.00
7128292.574	25.98
7128302.575	25.96
7128312.525	25.95
7128322.575	25.94
7128332.526	25.93
7128342.526	25.93
7128352.577	25.91
7128362.527	25.92
7128372.528	25.91
7128382.528	25.89
7128392.578	25.88
7128402.579	25.87
7128412.579	25.84
7128422.580	25.83
7128432.580	25.84
7128442.581	25.81
7128452.581	25.79
7128462.531	25.77
7128472.582	25.77
7128482.582	25.76
7128492.533	25.74
7128502.583	25.71
7128512.534	25.71
7128522.584	25.69
7128532.534	25.67
7128542.535	25.66
7128552.585	25.63
7128562.536	25.63
7128572.586	25.61
7128582.537	25.59
7128592.537	25.58
7128602.587	25.57
7128612.538	25.55
7128622.588	25.55
7128632.589	25.53
7128642.589	25.52
7128652.590	25.49
7128662.540	25.49
7128672.590	25.49
7128682.591	25.47
7128692.591	25.46
7128702.592	25.46
7128712.592	25.45
7128722.593	25.44
7128732.543	25.45
7128742.593	25.43
7128752.594	25.44
7128762.594	25.42
7128772.595	25.43
7128782.595	25.43
7128792.596	25.42
7128802.546	25.42
7128812.546	25.40
7128822.597	25.40
7128832.597	25.39
7128842.598	25.38
7128852.598	25.38
7128862.599	25.37
7128872.549	25.34
7128882.599	25.34
7128892.600	25.33
7128902.600	25.32
7128912.601	25.32
7128922.551	25.32
7128932.602	25.32
7128942.552	25.29
7128952.602	25.29
7128962.603	25.29
7128972.553	25.27
7128982.604	25.28
7128992.554	25.25
7129002.605	25.26
7129012.555	25.25
7129022.605	25.23
7129032.606	25.22
7129042.556	25.21
7129052.557	25.19
7129062.607	25.18
7129072.558	25.18
7129082.558	25.17
7129092.608	25.16
7129102.609	25.15
7129112.559	25.16
7129122.610	25.15
7129132.610	25.11
7129142.611	25.11
7129152.561	25.09
7129162.611	25.09
7129172.612	25.08
7129182.612	25.08
7129192.613	25.07
7129202.613	25.05
7129212.614	25.07
7129222.614	25.04
7129232.614	25.04
7129242.615	25.03
7129252.615	25.01
7129262.566	25.00
7129272.616	25.00
7129282.617	24.99
7129292.617	24.98
7129302.617	24.97
7129312.618	24.97
7129322.618	24.96
7129332.619	24.96
7129342.619	24.96
7129352.570	24.94
7129362.620	24.94
7129372.620	24.94
7129382.621	24.94
7129392.621	24.92
7129402.622	24.91
7129412.622	24.91
7129422.623	24.90
7129432.623	24.90
7129442.623	24.89
7129452.574	24.87
7129462.574	24.87
7129472.625	24.87
7129482.625	24.87
7129492.626	24.85
7129502.626	24.84
7129512.626	24.84
7129522.627	24.82
7129532.627	24.82
7129542.628	24.82
7129552.628	24.81
7129562.629	24.79
7129572.579	24.79
7129582.579	24.79
7129592.580	24.78
7129602.630	24.78
7129612.631	24.77
7129622.631	24.76
7129632.582	24.75
7129642.582	24.73
7129652.582	24.73
7129662.633	24.71
7129672.583	24.71
7129682.584	24.69
7129692.634	24.67
7129702.635	24.67
7129712.585	24.66
7129722.585	24.67
7129732.636	24.65
7129742.636	24.63
7129752.637	24.61
7129762.637	24.61
7129772.638	24.60
7129782.638	24.60
7129792.638	24.61
7129802.639	24.59
7129812.589	24.58
7129822.640	24.57
7129832.640	24.57
7129842.641	24.56
7129852.641	24.55
7129862.591	24.55
7129872.642	24.55
7129882.592	24.54
7129892.643	24.53
7129902.643	24.53
7129912.644	24.53
7129922.594	24.54
7129932.594	24.53
7129942.595	24.53
7129952.595	24.53
7129962.596	24.51
7129972.646	24.51
7129982.647	24.51
7129992.597	24.50
7130002.597	24.51
7130012.648	24.50
7130022.648	24.51
7130032.599	24.50
7130042.649	24.51
7130052.600	24.51
7130062.600	24.51
7130072.650	24.51
7130082.651	24.50
7130092.651	24.52
7130102.652	24.50
7130112.652	24.50
7130122.603	24.51
7130132.653	24.50
7130142.653	24.50
7130152.654	24.50
7130162.654	24.49
7130172.605	24.48
7130182.655	24.47
7130192.606	24.47
7130202.606	24.47
7130212.606	24.47
7130222.657	24.47
7130232.657	24.48
7130242.658	24.46
7130252.658	24.47
7130262.659	24.46
7130272.659	24.45
7130282.609	24.46
7130292.610	24.46
7130302.660	24.44
7130312.661	24.43
7130322.611	24.42
7130332.662	24.43
7130342.662	24.42
7130352.662	24.43
7130362.613	24.42
7130372.663	24.43
7130382.614	24.41
7130392.614	24.42
7130402.615	24.41
7130412.665	24.41
7130422.665	24.41
7130432.666	24.40
7130442.666	24.41
7130452.617	24.40
7130462.617	24.38
7130472.618	24.38
7130482.668	24.37
7130492.668	24.38
7130502.669	24.36
7130512.619	24.37
7130522.670	24.36
7130532.670	24.35
7130542.670	24.35
7130552.671	24.35
7130562.621	24.34
7130572.672	24.34
7130582.622	24.32
7130592.673	24.33
7130602.673	24.32
7130612.673	24.31
7130622.624	24.31
7130632.674	24.30
7130642.625	24.31
7130652.625	24.29
7130662.676	24.29
7130672.676	24.30
7130682.676	24.30
7130692.677	24.29
7130702.627	24.29
7130712.678	24.29
7130722.678	24.26
7130732.629	24.27
7130742.679	24.24
7130752.629	24.24
7130762.680	24.23
7130772.630	24.22
7130782.681	24.21
7130792.631	24.22
7130802.632	24.21
7130812.682	24.22
7130822.632	24.22
7130832.633	24.21
7130842.683	24.21
7130852.634	24.22
7130862.684	24.21
7130872.635	24.20
7130882.685	24.21
7130892.635	24.20
7130902.636	24.20
7130912.636	24.20
7130922.637	24.18
7130932.637	24.18
7130942.688	24.18
7130952.638	24.19
7130962.638	24.17
7130972.689	24.17
7130982.639	24.18
7130992.640	24.17
7131002.690	24.18
7131012.691	24.18
7131022.641	24.17
7131032.691	24.17
7131042.642	24.18
7131052.692	24.16
7131062.643	24.17
7131072.643	24.16
7131082.694	24.17
7131092.644	24.17
7131102.694	24.17
7131112.695	24.15
7131122.645	24.15
7131132.696	24.16
7131142.696	24.15
7131152.647	24.16
7131162.697	24.15
7131172.697	24.16
7131182.698	24.15
7131192.698	24.15
7131202.649	24.14
7131212.699	24.14
7131222.700	24.15
7131232.650	24.15
7131242.650	24.14
7131252.651	24.14
7131262.651	24.14
7131272.652	24.13
7131282.652	24.12
7131292.703	24.13
7131302.703	24.13
7131312.703	24.12
7131322.704	24.13
7131332.654	24.14
7131342.655	24.13
7131352.655	24.13
7131362.706	24.14
7131372.656	24.13
7131382.656	24.14
7131392.707	24.14
7131402.707	24.13
7131412.658	24.14
7131422.658	24.12
7131432.659	24.14
7131442.709	24.13
7131452.709	24.16
7131462.710	24.14
7131472.660	24.14
7131482.711	24.14
7131492.711	24.12
7131502.712	24.13
7131512.712	24.13
7131522.712	24.12
7131532.663	24.12
7131542.663	24.11
7131552.714	24.11
7131562.664	24.12
7131572.665	24.11
7131582.715	24.11
7131592.665	24.10
7131602.716	24.12
7131612.716	24.10
7131622.667	24.11
7131632.667	24.09
7131642.668	24.09
7131652.718	24.10
7131662.668	24.10
7131672.719	24.08
7131682.719	24.08
7131692.670	24.07
7131702.670	24.09
7131712.671	24.08
7131722.721	24.07
7131732.721	24.07
7131742.722	24.08
7131752.722	24.09
7131762.723	24.08
7131772.723	24.09
7131782.724	24.08
7131792.674	24.09
7131802.674	24.09
7131812.675	24.09
7131822.675	24.09
7131832.676	24.08
7131842.726	24.09
7131852.677	24.08
7131862.727	24.09
7131872.727	24.09
7131882.678	24.09
7131892.678	24.08
7131902.679	24.08
7131912.729	24.08
7131922.730	24.08
7131932.730	24.07
7131942.730	24.07
7131952.681	24.08
7131962.731	24.08
7131972.732	24.07
7131982.682	24.06
7131992.733	24.06
7132002.733	24.07
7132012.733	24.06
7132022.734	24.07
7132032.734	24.07
7132042.735	24.06
7132052.735	24.06
7132062.736	24.07
7132072.736	24.09
7132082.686	24.08
7132092.737	24.07
7132102.737	24.07
7132112.738	24.08
7132122.688	24.08
7132132.689	24.09
7132142.739	24.10
7132152.739	24.08
7132162.690	24.07
7132172.740	24.08
7132182.741	24.08
7132192.691	24.08
7132202.692	24.08
7132212.742	24.07
7132222.692	24.07
7132232.693	24.07
7132242.693	24.07
7132252.744	24.06
7132262.694	24.07
7132272.745	24.06
7132282.745	24.05
7132292.745	24.05
7132302.696	24.06
7132312.696	24.05
7132322.747	24.04
7132332.697	24.05
7132342.748	24.03
7132352.748	24.03
7132362.748	24.03
7132372.749	24.03
7132382.699	24.02
7132392.750	24.02
7132402.700	24.03
7132412.751	24.01
7132422.751	24.03
7132432.701	24.02
7132442.752	24.02
7132452.752	24.04
7132462.753	24.02
7132472.703	24.03
7132482.754	24.04
7132492.704	24.04
7132502.754	24.04
7132512.755	24.04
7132522.755	24.04
7132532.756	24.04
7132542.756	24.03
7132552.757	24.04
7132562.707	24.04
7132572.707	24.03
7132582.758	24.04
7132592.708	24.03
7132602.709	24.02
7132612.759	24.03
7132622.760	24.04
7132632.760	24.03
7132642.760	24.03
7132652.761	24.04
7132662.761	24.04
7132672.762	24.04
7132682.712	24.05
7132692.713	24.04
7132702.763	24.03
7132712.763	24.04
7132722.714	24.03
7132732.764	24.04
7132742.765	24.03
7132752.765	24.03
7132762.766	24.02
7132772.766	24.03
7132782.766	24.02
7132792.767	24.02
7132802.767	24.02
7132812.768	24.02
7132822.768	24.01
7132832.719	24.03
7132842.719	24.01
7132852.769	24.02
7132862.720	24.02
7132872.770	24.02
7132882.771	24.01
7132892.721	24.02
7132902.772	24.01
7132912.772	24.01
7132922.722	24.01
7132932.723	23.99
7132942.773	23.99
7132952.724	23.99
7132962.774	23.98
7132972.775	23.98
7132982.775	23.99
7132992.725	23.98
7133002.776	23.98
7133012.776	23.98
7133022.777	23.78
7133032.777	23.59
7133042.778	23.96
7133052.728	24.57
7133062.778	24.86
7133072.779	25.20
7133082.779	25.61
7133092.730	26.04
7133102.780	26.73
7133112.781	28.76
7133122.781	31.29
7133132.731	34.37
7133142.782	37.77
7133152.732	41.03
7133162.733	43.77
7133172.783	46.32
7133182.783	49.92
7133192.734	53.37
7133202.784	54.25
7133212.735	55.57
7133222.785	58.33
7133232.786	59.74
7133242.736	60.79
7133252.786	61.13
7133262.737	62.39
7133272.787	62.79
7133282.788	63.10
7133292.788	63.38
7133302.789	66.08
7133312.789	69.03
7133322.789	69.59
7133332.740	70.21
7133342.740	70.66
7133352.791	70.97
7133362.741	71.33
7133372.742	71.54
7133382.742	71.73
7133392.792	71.68
7133402.743	71.25
7133412.793	70.90
7133422.794	70.54
7133432.744	70.09
7133442.745	69.72
7133452.795	69.49
7133462.795	69.36
7133472.746	69.29
7133482.796	69.24
7133492.797	69.22
7133502.797	69.22
7133512.798	69.24
7133522.798	69.25
7133532.748	69.28
7133542.749	69.33
7133552.749	69.36
7133562.800	69.38
7133572.750	69.41
7133582.751	69.45
7133592.751	69.46
7133602.751	69.51
7133612.802	69.55
7133622.802	69.58
7133632.753	69.60
7133642.753	69.62
7133652.804	69.65
7133662.804	69.67
7133672.804	69.70
7133682.805	69.74
7133692.805	69.76
7133702.806	69.79
7133712.756	69.80
7133722.807	69.83
7133732.807	69.84
7133742.757	69.85
7133752.808	69.88
7133762.808	69.90
7133772.759	69.92
7133782.809	69.94
7133792.760	69.96
7133802.760	69.97
7133812.760	69.99
7133822.761	69.99
7133832.811	70.00
7133842.812	70.03
7133852.762	70.04
7133862.763	70.06
7133872.813	70.06
7133882.813	70.07
7133892.814	70.07
7133902.764	70.07
7133912.765	70.08
7133922.765	70.09
7133932.766	70.07
7133942.816	70.09
7133952.816	70.09
7133962.767	70.08
7133972.767	70.08
7133982.818	70.08
7133992.818	70.08
7134002.769	70.07
7134012.769	70.07
7134022.819	70.07
7134032.770	70.05
7134042.820	70.06
7134052.821	70.06
7134062.821	70.05
7134072.772	70.05
7134082.772	70.05
7134092.772	70.04
7134102.823	70.04
7134112.773	70.03
7134122.824	70.00
7134132.824	70.01
7134142.775	70.00
7134152.775	69.99
7134162.775	69.99
7134172.776	69.97
7134182.776	69.98
7134192.827	69.96
7134202.777	69.96
7134212.778	69.96
7134222.828	69.94
7134232.828	69.94
7134242.779	69.94
7134252.829	69.92
7134262.830	69.90
7134272.830	69.88
7134282.831	69.88
7134292.831	69.89
7134302.781	69.87
7134312.832	69.86
7134322.782	69.85
7134332.833	69.84
7134342.783	69.82
7134352.834	69.81
7134362.834	69.79
7134372.834	69.79
7134382.785	69.77
7134392.785	69.76
7134402.786	69.75
7134412.836	69.74
7134422.837	69.72
7134432.837	69.70
7134442.787	69.70
7134452.838	69.70
7134462.838	69.69
7134472.839	69.68
7134482.789	69.67
7134492.840	69.65
7134502.840	69.63
7134512.790	69.60
7134522.791	69.59
7134532.841	69.56
7134542.842	69.55
7134552.842	69.54
7134562.793	69.51
7134572.793	69.50
7134582.793	69.48
7134592.794	69.47
7134602.844	69.45
7134612.845	69.42
7134622.795	69.40
7134632.846	69.39
7134642.846	69.36
7134652.846	69.34
7134662.847	69.34
7134672.847	69.32
7134682.848	69.31
7134692.848	69.29
7134702.849	69.26
7134712.849	69.25
7134722.849	69.23
7134732.850	69.22
7134742.800	69.21
7134752.851	69.19
7134762.851	69.17
7134772.852	69.15
7134782.802	69.13
7134792.852	69.11
7134802.803	69.09
7134812.803	69.07
7134822.804	69.05
7134832.854	69.04
7134842.805	69.02
7134852.855	69.01
7134862.805	68.98
7134872.856	68.97
7134882.856	68.97
7134892.807	68.93
7134902.807	68.91
7134912.808	68.88
7134922.808	68.86
7134932.808	68.84
7134942.859	68.83
7134952.859	68.81
7134962.810	68.79
7134972.810	68.78
7134982.861	68.74
7134992.811	68.72
7135002.861	68.70
7135012.862	68.69
7135022.862	68.67
7135032.863	68.65
7135042.813	68.62
7135052.864	68.56
7135062.864	68.57
7135072.864	68.56
7135082.815	68.55
7135092.815	68.54
7135102.866	68.51
7135112.816	68.49
7135122.817	68.49
7135132.867	68.47
7135142.817	68.45
7135152.818	68.44
7135162.818	68.41
7135172.869	68.39
7135182.869	68.39
7135192.870	68.36
7135202.820	68.35
7135212.870	68.33
7135222.871	68.29
7135232.871	68.28
7135242.822	68.26
7135252.822	68.24
7135262.823	68.24
7135272.873	68.21
7135282.823	68.20
7135292.874	68.17
7135302.824	68.15
7135312.825	68.13
7135322.875	68.12
7135332.826	68.10
7135342.826	68.07
7135352.826	68.05
7135362.827	68.03
7135372.827	68.00
7135382.828	67.98
7135392.878	67.97
7135402.829	67.95
7135412.879	67.93
7135422.879	67.91
7135432.830	67.89
7135442.830	67.86
7135452.881	67.85
7135462.831	67.86
7135472.832	67.86
7135482.832	67.87
7135492.832	67.89
7135502.833	67.91
7135512.833	67.94
7135522.884	67.98
7135532.884	67.98
7135542.885	68.00
7135552.835	68.02
7135562.885	68.02
7135572.836	68.02
7135582.836	68.04
7135592.837	68.02
7135602.837	68.01
7135612.888	68.00
7135622.838	67.99
7135632.838	67.98
7135642.839	67.96
7135652.839	67.95
7135662.840	67.94
7135672.890	67.92
7135682.841	67.90
7135692.891	67.89
7135702.891	67.87
7135712.892	67.85
7135722.842	67.84
7135732.843	67.82
7135742.893	67.80
7135752.844	67.78
7135762.844	67.77
7135772.844	67.75
7135782.895	67.76
7135792.895	67.75
7135802.896	67.74
7135812.896	67.74
7135822.896	67.73
7135832.897	67.72
7135842.897	67.71
7135852.848	67.69
7135862.898	67.69
7135872.899	67.67
7135882.849	67.65
7135892.899	67.64
7135902.850	67.63
7135912.850	67.60
7135922.851	67.58
7135932.901	67.58
7135942.902	67.57
7135952.902	67.56
7135962.852	67.59
7135972.853	67.59
7135982.853	67.61
7135992.904	67.63
7136002.854	67.66
7136012.855	67.68
7136022.855	67.71
7136032.905	67.74
7136042.906	67.75
7136052.856	67.76
7136062.907	67.77
7136072.857	67.76
7136082.908	67.76
7136092.858	67.74
7136102.908	67.74
7136112.909	67.72
7136122.909	67.71
7136132.910	67.68
7136142.910	67.67
7136152.861	67.65
7136162.911	67.64
7136172.911	67.62
7136182.862	67.61
7136192.862	67.59
7136202.913	67.58
7136212.863	67.57
7136222.914	67.55
7136232.864	67.52
7136242.914	67.52
7136252.865	67.48
7136262.865	67.48
7136272.916	67.46
7136282.916	67.45
7136292.917	67.43
7136302.867	67.42
7136312.867	67.39
7136322.918	67.39
7136332.868	67.36
7136342.869	67.34
7136352.919	67.33
7136362.870	67.33
7136372.870	67.30
7136382.920	67.32
7136392.921	67.32
7136402.871	67.33
7136412.872	67.35
7136422.922	67.38
7136432.873	67.37
7136442.873	67.41
7136452.873	67.45
7136462.874	67.46
7136472.874	67.47
7136482.875	67.49
7136492.875	67.52
7136502.926	67.52
7136512.876	67.52
7136522.926	67.50
7136532.927	67.49
7136542.927	67.49
7136552.878	67.47
7136562.878	67.45
7136572.929	67.44
7136582.879	67.42
7136592.879	67.41
7136602.930	67.38
7136612.930	67.38
7136622.881	67.35
7136632.931	67.34
7136642.882	67.34
7136652.932	67.32
7136662.932	67.29
7136672.883	67.27
7136682.883	67.25
7136692.884	67.25
7136702.884	67.23
7136712.885	67.22
7136722.885	67.20
7136732.885	67.19
7136742.936	67.18
7136752.936	67.17
7136762.937	67.14
7136772.887	67.14
7136782.938	67.13
7136792.888	67.12
7136802.938	67.12
7136812.939	67.12
7136822.889	67.14
7136832.890	67.16
7136842.890	67.20
7136852.891	67.23
7136862.891	67.27
7136872.891	67.28
7136882.942	67.32
7136892.892	67.32
7136902.893	67.32
7136912.943	67.32
7136922.944	67.31
7136932.944	67.29
7136942.894	67.29
7136952.895	67.29
7136962.945	67.27
7136972.946	67.27
7136982.896	67.24
7136992.897	67.24
7137002.947	67.24
7137012.947	67.23
7137022.948	67.20
7137032.898	67.19
7137042.899	67.18
7137052.899	67.16
7137062.900	67.15
7137072.900	67.14
7137082.950	67.11
7137092.901	67.10
7137102.951	67.11
7137112.902	67.09
7137122.952	67.07
7137132.953	67.05
7137142.903	67.04
7137152.903	67.03
7137162.954	67.01
7137172.904	67.00
7137182.955	67.00
7137192.905	67.00
7137202.956	67.00
7137212.956	67.02
7137222.956	67.05
7137232.957	67.06
7137242.907	67.11
7137252.958	67.13
7137262.958	67.15
7137272.959	67.18
7137282.909	67.20
7137292.959	67.22
7137302.910	67.22
7137312.910	67.24
7137322.961	67.23
7137332.911	67.23
7137342.912	67.23
7137352.962	67.21
7137362.962	67.21
7137372.913	67.19
7137382.963	67.16
7137392.964	67.15
7137402.964	67.14
7137412.965	67.13
7137422.915	67.11
7137432.965	67.10
7137442.916	67.09
7137452.966	67.07
7137462.967	67.06
7137472.967	67.04
7137482.918	67.04
7137492.918	67.03
7137502.968	67.01
7137512.969	67.00
7137522.919	66.98
7137532.970	66.99
7137542.920	66.98
7137552.921	66.96
7137562.971	66.96
7137572.921	66.95
7137582.922	66.98
7137592.922	66.99
7137602.923	67.02
7137612.923	67.05
7137622.924	67.09
7137632.924	67.13
7137642.974	67.18
7137652.925	67.22
7137662.925	67.26
7137672.926	67.32
7137682.926	67.34
7137692.977	67.36
7137702.927	67.37
7137712.977	67.38
7137722.978	67.37
7137732.928	67.37
7137742.979	67.38
7137752.929	67.38
7137762.930	67.36
7137772.980	67.37
7137782.980	67.35
7137792.931	67.34
7137802.931	67.35
7137812.932	67.33
7137822.932	67.32
7137832.983	67.31
7137842.983	67.32
7137852.983	67.30
7137862.934	67.29
7137872.984	67.28
7137882.935	67.27
7137892.935	67.26
7137902.936	67.25
7137912.986	67.25
7137922.986	67.24
7137932.987	67.24
7137942.937	67.25
7137952.938	67.24
7137962.988	67.23
7137972.939	67.24
7137982.989	67.24
7137992.989	67.23
7138002.990	67.26
7138012.940	67.26
7138022.941	67.30
7138032.941	67.32
7138042.942	67.35
7138052.992	67.39
7138062.942	67.41
7138072.993	67.44
7138082.943	67.48
7138092.994	67.50
7138102.944	67.51
7138112.945	67.52
7138122.945	67.52
7138132.945	67.55
7138142.996	67.53
7138152.946	67.54
7138162.947	67.55
7138172.947	67.54
7138182.948	67.53
7138192.948	67.52
7138202.998	67.52
7138212.999	67.51
7138222.949	67.49
7138232.950	67.49
7138243.000	67.49
7138252.951	67.48
7138262.951	67.45
7138273.001	67.45
7138282.952	67.44
7138292.952	67.42
7138302.953	67.42
7138312.953	67.42
7138322.954	67.41
7138333.004	67.40
7138343.004	67.38
7138352.955	67.38
7138363.005	67.37
7138372.956	67.36
7138382.956	67.35
7138392.957	67.33
7138402.957	67.33
7138412.957	67.32
7138422.958	67.33
7138432.958	67.36
7138442.959	67.39
7138452.959	67.43
7138462.960	67.45
7138472.960	67.49
7138482.960	67.51
7138492.961	67.56
7138502.961	67.59
7138513.012	67.64
7138522.962	67.69
7138533.012	67.72
7138543.013	67.75
7138552.963	67.78
7138563.014	67.80
7138572.964	67.81
7138582.965	67.82
7138592.965	67.83
7138603.015	67.83
7138613.016	67.84
7138623.016	67.84
7138632.967	67.83
7138642.967	67.83
7138652.968	67.82
7138663.018	67.81
7138673.018	67.81
7138683.019	67.82
7138693.019	67.82
7138702.970	67.82
7138712.970	67.81
7138723.021	67.82
7138732.971	67.81
7138743.021	67.79
7138753.022	67.79
7138762.972	67.76
7138773.023	67.76
7138782.973	67.76
7138792.974	67.75
7138802.974	67.74
7138812.974	67.73
7138823.025	67.71
7138833.025	67.72
7138843.026	67.70
7138852.976	67.69
7138862.977	67.69
7138873.027	67.68
7138882.977	67.68
7138893.028	67.65
7138902.978	67.68
7138913.029	67.69
7138922.979	67.71
7138933.030	67.74
7138943.030	67.77
7138952.980	67.80
7138963.031	67.83
7138973.031	67.87
7138983.032	67.91
7138993.032	67.95
7139003.033	68.01
7139013.033	68.04
7139023.033	68.06
7139032.984	68.10
7139043.034	68.11
7139052.985	68.11
7139063.035	68.11
7139072.986	68.10
7139083.036	68.10
7139092.986	68.09
7139102.987	68.09
7139112.987	68.07
7139122.988	68.06
7139133.038	68.05
7139142.989	68.03
7139153.039	68.03
7139163.039	68.02
7139172.990	68.00
7139182.990	67.99
7139193.041	67.97
7139203.041	67.96
7139212.992	67.95
7139222.992	67.94
7139233.042	67.93
7139242.993	67.90
7139253.043	67.90
7139263.044	67.88
7139273.044	67.86
7139283.045	67.86
7139292.995	67.84
7139303.045	67.82
7139312.996	67.80
7139323.046	67.78
7139332.997	67.78
7139342.997	67.76
7139352.998	67.75
7139363.048	67.75
7139372.998	67.74
7139383.049	67.72
7139393.049	67.72
7139403.000	67.70
7139413.000	67.69
7139423.001	67.69
7139433.051	67.68
7139443.001	67.69
7139453.052	67.70
7139463.002	67.72
7139473.003	67.74
7139483.003	67.77
7139493.054	67.78
7139503.004	67.82
7139513.004	67.85
7139523.055	67.89
7139533.055	67.93
7139543.006	67.97
7139553.056	67.99
7139563.007	68.02
7139573.057	68.04
7139583.007	68.06
7139593.008	68.08
7139603.008	68.07
7139613.059	68.08
7139623.009	68.07
7139633.060	68.08
7139643.060	68.10
7139653.060	68.07
7139663.061	68.07
7139673.011	68.06
7139683.062	68.06
7139693.012	68.05
7139703.013	68.05
7139713.063	68.05
7139723.063	68.04
7139733.014	68.03
7139743.014	68.02
7139753.015	68.02
7139763.065	68.02
7139773.066	68.00
7139783.016	67.99
7139793.066	67.97
7139803.017	67.97
7139813.067	67.96
7139823.068	67.95
7139833.018	67.95
7139843.019	67.93
7139853.069	67.94
7139863.019	67.93
7139873.020	67.92
7139883.020	67.90
7139893.071	67.90
7139903.021	67.89
7139913.072	67.89
7139923.072	67.88
7139933.022	67.87
7139943.023	67.86
7139953.073	67.85
7139963.024	67.84
7139973.024	67.85
7139983.025	67.83
7139993.025	67.83
7140003.025	67.82
7140013.076	67.83
7140023.026	67.81
7140033.027	67.82
7140043.027	67.81
7140053.028	67.83
7140063.078	67.84
7140073.028	67.87
7140083.079	67.89
7140093.079	67.92
7140103.080	67.94
7140113.030	67.99
7140123.081	68.02
7140133.031	68.07
7140143.081	68.09
7140153.082	68.12
7140163.032	68.14
7140173.083	68.15
7140183.033	68.15
7140193.084	68.16
7140203.084	68.16
7140213.084	68.16
7140223.085	68.15
7140233.035	68.16
7140243.036	68.16
7140253.086	68.15
7140263.087	68.16
7140273.037	68.15
7140283.087	68.14
7140293.088	68.13
7140303.088	68.14
7140313.089	68.12
7140323.039	68.12
7140333.040	68.09
7140343.040	68.09
7140353.040	68.08
7140363.091	68.07
7140373.041	68.06
7140383.042	68.06
7140393.042	68.04
7140403.043	68.04
7140413.043	68.04
7140423.093	68.03
7140433.094	68.02
7140443.044	68.02
7140453.095	68.01
7140463.045	68.00
7140473.096	67.99
7140483.046	67.98
7140493.046	67.98
7140503.097	67.96
7140513.047	67.96
7140523.048	67.92
7140533.048	67.93
7140543.049	67.91
7140553.049	67.91
7140563.049	67.87
7140573.050	67.87
7140583.100	67.87
7140593.101	67.86
7140603.051	67.85
7140613.102	67.86
7140623.102	67.87
7140633.102	67.88
7140643.103	67.91
7140653.053	67.93
7140663.054	67.97
7140673.054	68.00
7140683.105	68.03
7140693.105	68.06
7140703.105	68.08
7140713.106	68.10
7140723.056	68.12
7140733.057	68.11
7140743.107	68.13
7140753.108	68.14
7140763.108	68.13
7140773.108	68.12
7140783.109	68.12
7140793.109	68.12
7140803.110	68.12
7140813.060	68.11
7140823.061	68.10
7140833.111	68.10
7140843.061	68.10
7140853.112	68.10
7140863.062	68.08
7140873.113	68.09
7140883.113	68.07
7140893.064	68.08
7140903.064	68.07
7140913.114	68.05
7140923.065	68.05
7140933.065	68.03
7140943.116	68.02
7140953.066	68.04
7140963.067	68.02
7140973.067	68.02
7140983.117	68.02
7140993.118	68.01
7141003.068	68.00
7141013.119	67.98
7141023.119	67.97
7141033.120	67.97
7141043.120	67.97
7141053.070	67.95
7141063.121	67.94
7141073.121	67.93
7141083.122	67.92
7141093.072	67.92
7141103.122	67.90
7141113.073	67.88
7141123.123	67.89
7141133.124	67.87
7141143.074	67.85
7141153.075	67.85
7141163.125	67.83
7141173.075	67.85
7141183.076	67.85
7141193.126	67.89
7141203.127	67.92
7141213.127	67.95
7141223.078	67.98
7141233.128	67.98
7141243.128	68.02
7141253.129	68.04
7141263.129	68.07
7141273.130	68.09
7141283.130	68.09
7141293.131	68.09
7141303.131	68.10
7141313.081	68.10
7141323.082	68.10
7141333.132	68.09
7141343.083	68.07
7141353.133	68.07
7141363.134	67.83
7141373.134	67.36
7141383.084	67.09
7141393.135	66.84
7141403.135	66.53
7141413.136	66.22
7141423.136	65.81
7141433.087	65.45
7141443.137	65.09
7141453.087	64.75
7141463.138	64.43
7141473.138	64.07
7141483.089	63.61
7141493.089	63.25
7141503.140	62.86
7141513.140	62.47
7141523.140	62.06
7141533.141	61.55
7141543.141	61.16
7141553.142	60.76
7141563.142	60.38
7141573.143	60.02
31557185.890	0.00
31557185.900	0.00
31557185.910	0.00
31557185.920	0.00
31557185.930	0.00
31557185.940	0.00
31557185.950	0.00
31557185.960	0.00
31557185.970	0.00
31557185.980	0.00
31557185.990	0.00
31557186.000	0.00
31557186.010	0.00
31557186.020	0.00
31557186.030	0.00
31557186.040	0.00
31557186.050	0.00
31557186.060	0.00
31557186.070	0.00
31557186.080	0.00
31557186.090	0.00
31557186.100	0.00
31557186.110	0.00
31557186.120	0.00
31557186.130	0.00
31557186.140	0.00
31557186.150	0.00
31557186.160	0.00
31557186.170	0.00
31557186.180	0.00
31557186.190	0.00
31557186.200	0.00
31557186.210	0.00
31557186.220	0.00
31557186.230	0.00
31557186.240	0.00
31557186.250	0.00
31557186.260	0.00
31557186.270	0.00
31557186.280	0.00
31557186.290	0.00
31557186.300	0.00
31557186.310	0.00
31557186.320	0.00
31557186.330	0.00
31557186.340	0.00
31557186.350	0.00
31557186.360	0.00
31557186.370	0.00
31557186.380	0.00
31557186.390	0.00
31557186.400	0.00
31557186.410	0.00
31557186.420	0.00
31557186.430	0.00
31557186.440	0.00
31557186.450	0.00
31557186.460	0.00
31557186.470	0.00
31557186.480	0.00
31557186.490	0.00
31557186.500	0.00
31557186.510	0.00
31557186.520	0.00
31557186.530	0.00
31557186.540	0.00
31557186.550	0.00
31557186.560	0.00
31557186.570	0.00
31557186.580	0.00
31557186.590	0.00
31557186.600	0.00
31557186.610	0.00
31557186.620	0.00
31557186.630	0.00
31557186.640	0.00
31557186.650	0.00
31557186.660	0.00
31557186.670	0.00
31557186.680	0.00
31557186.690	0.00
31557186.700	0.00
31557186.710	0.00
31557186.720	0.00
31557186.730	0.00
31557186.740	0.00
31557186.750	0.00
31557186.760	0.00
31557186.770	0.00
31557186.780	0.00
31557186.790	0.00
31557186.800	0.00
31557186.810	0.00
31557186.820	0.00
31557186.830	0.00
31557186.840	0.00
31557186.850	0.00
31557186.860	0.00
31557186.870	0.00
31557186.880	0.00
31557186.890	0.00
31557186.900	0.00
31557186.910	0.00
31557186.920	0.00
31557186.930	0.00
31557186.940	0.00
31557186.950	0.00
31557186.960	0.00
31557186.970	0.00
31557186.980	0.00
31557186.990	0.00
31557187.000	0.00
31557187.010	0.00
31557187.020	0.00
31557187.030	0.00
31557187.040	0.00
31557187.050	0.00
31557187.060	0.00
31557187.070	0.00
31557187.080	0.00
31557187.090	0.00
31557187.100	0.00
31557187.110	0.00
31557187.120	0.00
31557187.130	0.00
31557187.140	0.00
31557187.150	0.00
31557187.160	0.00
31557187.170	0.00
31557187.180	0.00
31557187.190	0.00
31557187.200	0.00
31557187.210	0.00
31557187.220	0.00
31557187.230	0.00
31557187.240	0.00
31557187.250	0.00
31557187.260	0.00
31557187.270	0.00
31557187.280	0.00
31557187.290	0.00
31557187.300	0.00
31557187.310	0.00
31557187.320	0.00
31557187.330	0.00
31557187.340	0.00
31557187.350	0.00
31557187.360	0.00
31557187.370	0.00
31557187.380	0.00
31557187.390	0.00
31557187.400	0.00
31557187.410	0.00
31557187.420	0.00
31557187.430	0.00
31557187.440	0.00
31557187.450	0.00
31557187.460	0.00
31557187.470	0.00
31557187.480	0.00
31557187.490	0.00
31557187.500	0.00
31557187.510	0.00
31557187.520	0.00
31557187.530	0.00
31557187.540	0.00
31557187.550	0.00
31557187.560	0.00
31557187.570	0.00
31557187.580	0.00
31557187.590	0.00
31557187.600	0.00
31557187.610	0.00
31557187.620	0.00
31557187.630	0.00
31557187.640	0.00
31557187.650	0.00
31557187.660	0.00
31557187.670	0.00
31557187.680	0.00
31557187.690	0.00
31557187.700	0.00
31557187.710	0.00
31557187.720	0.00
31557187.730	0.00
31557187.740	0.00
31557187.750	0.00
31557187.760	0.00
31557187.770	0.00
31557187.780	0.00
31557187.790	0.00
31557187.800	0.00
31557187.810	0.00
31557187.820	0.00
31557187.830	0.00
31557187.840	0.00
31557187.850	0.00
31557187.860	0.00
31557187.870	0.00
31557187.880	0.00
31557187.890	0.00
31557187.900	0.00
31557187.910	0.00
31557187.920	0.00
31557187.930	0.00
31557187.940	0.00
31557187.950	0.00
31557187.960	0.00
31557187.970	0.00
31557187.980	0.00
31557187.990	0.00
31557188.000	0.00
31557188.010	0.00
31557188.020	0.00
31557188.030	0.00
31557188.040	0.00
31557188.050	0.00
31557188.060	0.00
31557188.070	0.00
31557188.080	0.00
31557188.090	0.00
31557188.100	0.00
31557188.110	0.00
31557188.120	0.00
31557188.130	0.00
31557188.140	0.00
31557188.150	0.00
31557188.160	0.00
31557188.170	0.00
31557188.180	0.00
31557188.190	0.00
31557188.200	0.00
31557188.210	0.00
31557188.220	0.00
31557188.230	0.00
31557188.240	0.00
31557188.250	0.00
31557188.260	0.00
31557188.270	0.00
31557188.280	0.00
31557188.290	0.00
31557188.300	0.00
31557188.310	0.00
31557188.320	0.00
31557188.330	0.00
31557188.340	0.00
31557188.350	0.00
31557188.360	0.00
31557188.370	0.00
31557188.380	0.00
31557188.390	0.00
31557188.400	0.00
31557188.410	0.00
31557188.420	0.00
31557188.430	0.00
31557188.440	0.00
31557188.450	0.00
31557188.460	0.00
31557188.470	0.00
31557188.480	0.00
31557188.490	0.00
31557188.500	0.00
31557188.510	0.00
31557188.520	0.00
31557188.530	0.00
31557188.540	0.00
31557188.550	0.00
31557188.560	0.00
31557188.570	0.00
31557188.580	0.00
31557188.590	0.00
31557188.600	0.00
31557188.610	0.00
31557188.620	0.00
31557188.630	0.00
31557188.640	0.00
31557188.650	0.00
31557188.660	0.00
31557188.670	0.00
31557188.680	0.00
31557188.690	0.00
31557188.700	0.00
31557188.710	0.00
31557188.720	0.00
31557188.730	0.00
31557188.740	0.00
31557188.750	0.00
31557188.760	0.00
31557188.770	0.00
31557188.780	0.00
31557188.790	0.00
31557188.800	0.00
31557188.810	0.00
31557188.820	0.00
31557188.830	0.00
31557188.840	0.00
31557188.850	0.00
31557188.860	0.00
31557188.870	0.00
31557188.880	0.00
31557188.890	0.00
31557188.900	0.00
31557188.910	0.00
31557188.920	0.00
31557188.930	0.00
31557188.940	0.00
31557188.950	0.00
31557188.960	0.00
31557188.970	0.00
31557188.980	0.00
31557188.990	0.00
31557189.000	0.00
31557189.010	0.00
31557189.020	0.00
31557189.030	0.00
31557189.040	0.00
31557189.050	0.00
31557189.060	0.00
31557189.070	0.00
31557189.080	0.00
31557189.090	0.00
31557189.100	0.00
31557189.110	0.00
31557189.120	0.00
31557189.130	0.00
31557189.140	0.00
31557189.150	0.00
31557189.160	0.00
31557189.170	0.00
31557189.180	0.00
31557189.190	0.00
31557189.200	0.00
31557189.210	0.00
31557189.220	0.00
31557189.230	0.00
31557189.240	0.00
31557189.250	0.00
31557189.260	0.00
31557189.270	0.00
31557189.280	0.00
31557189.290	0.00
31557189.300	0.00
31557189.310	0.00
31557189.320	0.00
31557189.330	0.00
31557189.340	0.00
31557189.350	0.00
31557189.360	0.00
31557189.370	0.00
31557189.380	0.00
31557189.390	0.00
31557189.400	0.00
31557189.410	0.00
31557189.420	0.00
31557189.430	0.00
31557189.440	0.00
31557189.450	0.00
31557189.460	0.00
31557189.470	0.00
31557189.480	0.00
31557189.490	0.00
31557189.500	0.00
31557189.510	0.00
31557189.520	0.00
31557189.530	0.00
31557189.540	0.00
31557189.550	0.00
31557189.560	0.00
31557189.570	0.00
31557189.580	0.00
31557189.590	0.00
31557189.600	0.00
31557189.610	0.00
31557189.620	0.00
31557189.630	0.00
31557189.640	0.00
31557189.650	0.00
31557189.660	0.00
31557189.670	0.00
31557189.680	0.00
31557189.690	0.00
31557189.700	0.00
31557189.710	0.00
31557189.720	0.00
31557189.730	0.00
31557189.740	0.00
31557189.750	0.00
31557189.760	0.00
31557189.770	0.00
31557189.780	0.00
31557189.790	0.00
31557189.800	0.00
31557189.810	0.00
31557189.820	0.00
31557189.830	0.00
31557189.840	0.00
31557189.850	0.00
31557189.860	0.00
31557189.870	0.00
31557189.880	0.00
31557189.890	0.00
31557189.900	0.00
31557189.910	0.00
31557189.920	0.00
31557189.930	0.00
31557189.940	0.00
31557189.950	0.00
31557189.960	0.00
31557189.970	0.00
31557189.980	0.00
31557189.990	0.00
31557190.000	0.00
31557190.010	0.00
31557190.020	0.00
31557190.030	0.00
31557190.040	0.00
31557190.050	0.00
31557190.060	0.00
31557190.070	0.00
31557190.080	0.00
31557190.090	0.00
31557190.100	0.00
31557190.110	0.00
31557190.120	0.00
31557190.130	0.00
31557190.140	0.00
31557190.150	0.00
31557190.160	0.00
31557190.170	0.00
31557190.180	0.00
31557190.190	0.00
31557190.200	0.00
31557190.210	0.00
31557190.220	0.00
31557190.230	0.00
31557190.240	0.00
31557190.250	0.00
31557190.260	0.00
31557190.270	0.00
31557190.280	0.00
31557190.290	0.00
31557190.300	0.00
31557190.310	0.00
31557190.320	0.00
31557190.330	0.00
31557190.340	0.00
31557190.350	0.00
31557190.360	0.00
31557190.370	0.00
31557190.380	0.00
31557190.390	0.00
31557190.400	0.00
31557190.410	0.00
31557190.420	0.00
31557190.430	0.00
31557190.440	0.00
31557190.450	0.00
31557190.460	0.00
31557190.470	0.00
31557190.480	0.00
31557190.490	0.00
31557190.500	0.00
31557190.510	0.00
31557190.520	0.00
31557190.530	0.00
31557190.540	0.00
31557190.550	0.00
31557190.560	0.00
31557190.570	0.00
31557190.580	0.00
31557190.590	0.00
31557190.600	0.00
31557190.610	0.00
31557190.620	0.00
31557190.630	0.00
31557190.640	0.00
31557190.650	0.00
31557190.660	0.00
31557190.670	0.00
31557190.680	0.00
31557190.690	0.00
31557190.700	0.00
31557190.710	0.00
31557190.720	0.00
31557190.730	0.00
31557190.740	0.00
31557190.750	0.00
31557190.760	0.00
31557190.770	0.00
31557190.780	0.00
31557190.790	0.00
31557190.800	0.00
31557190.810	0.00
31557190.820	0.00
31557190.830	0.00
31557190.840	0.00
31557190.850	0.00
31557190.860	0.00
31557190.870	0.00
31557190.880	0.00
31557190.890	0.00
31557190.900	0.00
31557190.910	0.00
31557190.920	0.00
31557190.930	0.00
31557190.940	0.00
31557190.950	0.00
31557190.960	0.00
31557190.970	0.00
31557190.980	0.00
31557190.990	0.00
31557191.000	0.00
31557191.010	0.00
31557191.020	0.00
31557191.030	0.00
31557191.040	0.00
31557191.050	0.00
31557191.060	0.00
31557191.070	0.00
31557191.080	0.00
31557191.090	0.00
31557191.100	0.00
31557191.110	0.00
31557191.120	0.00
31557191.130	0.00
31557191.140	0.00
31557191.150	0.00
31557191.160	0.00
31557191.170	0.00
31557191.180	0.00
31557191.190	0.00
31557191.200	0.00
31557191.210	0.00
31557191.220	0.00
31557191.230	0.00
31557191.240	0.00
31557191.250	0.00
31557191.260	0.00
31557191.270	0.00
31557191.280	0.00
31557191.290	0.00
31557191.300	0.00
31557191.310	0.00
31557191.320	0.00
31557191.330	0.00
31557191.340	0.00
31557191.350	0.00
31557191.360	0.00
31557191.370	0.00
31557191.380	0.00
31557191.390	0.00
31557191.400	0.00
31557191.410	0.00
31557191.420	0.00
31557191.430	0.00
31557191.440	0.00
31557191.450	0.00
31557191.460	0.00
31557191.470	0.00
31557191.480	0.00
31557191.490	0.00
31557191.500	0.00
31557191.510	0.00
31557191.520	0.00
31557191.530	0.00
31557191.540	0.00
31557191.550	0.00
31557191.560	0.00
31557191.570	0.00
31557191.580	0.00
31557191.590	0.00
31557191.600	0.00
31557191.610	0.00
31557191.620	0.00
31557191.630	0.00
31557191.640	0.00
31557191.650	0.00
31557191.660	0.00
31557191.670	0.00
31557191.680	0.00
31557191.690	0.00
31557191.700	0.00
31557191.710	0.00
31557191.720	0.00
31557191.730	0.00
31557191.740	0.00
31557191.750	0.00
31557191.760	0.00
31557191.770	0.00
31557191.780	0.00
31557191.790	0.00
31557191.800	0.00
31557191.810	0.00
31557191.820	0.00
31557191.830	0.00
31557191.840	0.00
31557191.850	0.00
31557191.860	0.00
31557191.870	0.00
31557191.880	0.00
31557191.890	0.00
31557191.900	0.00
31557191.910	0.00
31557191.920	0.00
31557191.930	0.00
31557191.940	0.00
31557191.950	0.00
31557191.960	0.00
31557191.970	0.00
31557191.980	0.00
31557191.990	0.00
31557192.000	0.00
31557192.010	0.00
31557192.020	0.00
31557192.030	0.00
31557192.040	0.00
31557192.050	0.00
31557192.060	0.00
31557192.070	0.00
31557192.080	0.00
31557192.090	0.00
31557192.100	0.00
31557192.110	0.00
31557192.120	0.00
31557192.130	0.00
31557192.140	0.00
31557192.150	0.00
31557192.160	0.00
31557192.170	0.00
31557192.180	0.00
31557192.190	0.00
31557192.200	0.00
31557192.210	0.00
31557192.220	0.00
31557192.230	0.00
31557192.240	0.00
31557192.250	0.00
31557192.260	0.00
31557192.270	0.00
31557192.280	0.00
31557192.290	0.00
31557192.300	0.00
31557192.310	0.00
31557192.320	0.00
31557192.330	0.00
31557192.340	0.00
31557192.350	0.00
31557192.360	0.00
31557192.370	0.00
31557192.380	0.00
31557192.390	0.00
31557192.400	0.00
31557192.410	0.00
31557192.420	0.00
31557192.430	0.00
31557192.440	0.00
31557192.450	0.00
31557192.460	0.00
31557192.470	0.00
31557192.480	0.00
31557192.490	0.00
31557192.500	0.00
31557192.510	0.00
31557192.520	0.00
31557192.530	0.00
31557192.540	0.00
31557192.550	0.00
31557192.560	0.00
31557192.570	0.00
31557192.580	0.00
31557192.590	0.00
31557192.600	0.00
31557192.610	0.00
31557192.620	0.00
31557192.630	0.00
31557192.640	0.00
31557192.650	0.00
31557192.660	0.00
31557192.670	0.00
31557192.680	0.00
31557192.690	0.00
31557192.700	0.00
31557192.710	0.00
31557192.720	0.00
31557192.730	0.00
31557192.740	0.00
31557192.750	0.00
31557192.760	0.00
31557192.770	0.00
31557192.780	0.00
31557192.790	0.00
31557192.800	0.00
31557192.810	0.00
31557192.820	0.00
31557192.830	0.00
31557192.840	0.00
31557192.850	0.00
31557192.860	0.00
31557192.870	0.00
31557192.880	0.00
31557192.890	0.00
31557192.900	0.00
31557192.910	0.00
31557192.920	0.00
31557192.930	0.00
31557192.940	0.00
31557192.950	0.00
31557192.960	0.00
31557192.970	0.00
31557192.980	0.00
31557192.990	0.00
31557193.000	0.00
31557193.010	0.00
31557193.020	0.00
31557193.030	0.00
31557193.040	0.00
31557193.050	0.00
31557193.060	0.00
31557193.070	0.00
31557193.080	0.00
31557193.090	0.00
31557193.100	0.00
31557193.110	0.00
