[			
0	,	273.15	;
7132953	,	297.14	;
7132963	,	297.13	;
7132973	,	297.13	;
7132983	,	297.14	;
7132993	,	297.13	;
7133003	,	297.13	;
7133013	,	297.13	;
7133023	,	296.93	;
7133033	,	296.74	;
7133043	,	297.11	;
7133053	,	297.72	;
7133063	,	298.01	;
7133073	,	298.35	;
7133083	,	298.76	;
7133093	,	299.19	;
7133103	,	299.88	;
7133113	,	301.91	;
7133123	,	304.44	;
7133133	,	307.52	;
7133143	,	310.92	;
7133153	,	314.18	;
7133163	,	316.92	;
7133173	,	319.47	;
7133183	,	323.07	;
7133193	,	326.52	;
7133203	,	327.40	;
7133213	,	328.72	;
7133223	,	331.48	;
7133233	,	332.89	;
7133243	,	333.94	;
7133253	,	334.28	;
7133263	,	335.54	;
7133273	,	335.94	;
7133283	,	336.25	;
7133293	,	336.53	;
7133303	,	339.23	;
7133313	,	342.18	;
7133323	,	342.74	;
7133333	,	343.36	;
7133343	,	343.81	;
7133353	,	344.12	;
7133363	,	344.48	;
7133373	,	344.69	;
7133383	,	344.88	;
7133393	,	344.83	;
7133403	,	344.40	;
7133413	,	344.05	;
7133423	,	343.69	;
7133433	,	343.24	;
7133443	,	342.87	;
7133453	,	342.64	;
7133463	,	342.51	;
7133473	,	342.44	;
7133483	,	342.39	;
7133493	,	342.37	;
7133503	,	342.37	;
7133513	,	342.39	;
7133523	,	342.40	;
7133533	,	342.43	;
7133543	,	342.48	;
7133553	,	342.51	;
7133563	,	342.53	;
7133573	,	342.56	;
7133583	,	342.60	;
7133593	,	342.61	;
7133603	,	342.66	;
7133613	,	342.70	;
7133623	,	342.73	;
7133633	,	342.75	;
7133643	,	342.77	;
7133653	,	342.80	;
7133663	,	342.82	;
7133673	,	342.85	;
7133683	,	342.89	;
7133693	,	342.91	;
7133703	,	342.94	;
7133713	,	342.95	;
7133723	,	342.98	;
7133733	,	342.99	;
7133743	,	343.00	;
7133753	,	343.03	;
7133763	,	343.05	;
7133773	,	343.07	;
7133783	,	343.09	;
7133793	,	343.11	;
7133803	,	343.12	;
7133813	,	343.14	;
7133823	,	343.14	;
7133833	,	343.15	;
7133843	,	343.18	;
7133853	,	343.19	;
7133863	,	343.21	;
7133873	,	343.21	;
7133883	,	343.22	;
7133893	,	343.22	;
7133903	,	343.22	;
7133913	,	343.23	;
7133923	,	343.24	;
7133933	,	343.22	;
7133943	,	343.24	;
7133953	,	343.24	;
7133963	,	343.23	;
7133973	,	343.23	;
7133983	,	343.23	;
7133993	,	343.23	;
7134003	,	343.22	;
7134013	,	343.22	;
7134023	,	343.22	;
7134033	,	343.20	;
7134043	,	343.21	;
7134053	,	343.21	;
7134063	,	343.20	;
7134073	,	343.20	;
7134083	,	343.20	;
7134093	,	343.19	;
7134103	,	343.19	;
7134113	,	343.18	;
7134123	,	343.15	;
7134133	,	343.16	;
7134143	,	343.15	;
7134153	,	343.14	;
7134163	,	343.14	;
7134173	,	343.12	;
7134183	,	343.13	;
7134193	,	343.11	;
7134203	,	343.11	;
7134213	,	343.11	;
7134223	,	343.09	;
7134233	,	343.09	;
7134243	,	343.09	;
7134253	,	343.07	;
7134263	,	343.05	;
7134273	,	343.03	;
7134283	,	343.03	;
7134293	,	343.04	;
7134303	,	343.02	;
7134313	,	343.01	;
7134323	,	343.00	;
7134333	,	342.99	;
7134343	,	342.97	;
7134353	,	342.96	;
7134363	,	342.94	;
7134373	,	342.94	;
7134383	,	342.92	;
7134393	,	342.91	;
7134403	,	342.90	;
7134413	,	342.89	;
7134423	,	342.87	;
7134433	,	342.85	;
7134443	,	342.85	;
7134453	,	342.85	;
7134463	,	342.84	;
7134473	,	342.83	;
7134483	,	342.82	;
7134493	,	342.80	;
7134503	,	342.78	;
7134513	,	342.75	;
7134523	,	342.74	;
7134533	,	342.71	;
7134543	,	342.70	;
7134553	,	342.69	;
7134563	,	342.66	;
7134573	,	342.65	;
7134583	,	342.63	;
7134593	,	342.62	;
7134603	,	342.60	;
7134613	,	342.57	;
7134623	,	342.55	;
7134633	,	342.54	;
7134643	,	342.51	;
7134653	,	342.49	;
7134663	,	342.49	;
7134673	,	342.47	;
7134683	,	342.46	;
7134693	,	342.44	;
7134703	,	342.41	;
7134713	,	342.40	;
7134723	,	342.38	;
7134733	,	342.37	;
7134743	,	342.36	;
7134753	,	342.34	;
7134763	,	342.32	;
7134773	,	342.30	;
7134783	,	342.28	;
7134793	,	342.26	;
7134803	,	342.24	;
7134813	,	342.22	;
7134823	,	342.20	;
7134833	,	342.19	;
7134843	,	342.17	;
7134853	,	342.16	;
7134863	,	342.13	;
7134873	,	342.12	;
7134883	,	342.12	;
7134893	,	342.08	;
7134903	,	342.06	;
7134913	,	342.03	;
7134923	,	342.01	;
7134933	,	341.99	;
7134943	,	341.98	;
7134953	,	341.96	;
7134963	,	341.94	;
7134973	,	341.93	;
7134983	,	341.89	;
7134993	,	341.87	;
7135003	,	341.85	;
7135013	,	341.84	;
7135023	,	341.82	;
7135033	,	341.80	;
7135043	,	341.77	;
7135053	,	341.71	;
7135063	,	341.72	;
7135073	,	341.71	;
7135083	,	341.70	;
7135093	,	341.69	;
7135103	,	341.66	;
7135113	,	341.64	;
7135123	,	341.64	;
7135133	,	341.62	;
7135143	,	341.60	;
7135153	,	341.59	;
7135163	,	341.56	;
7135173	,	341.54	;
7135183	,	341.54	;
7135193	,	341.51	;
7135203	,	341.50	;
7135213	,	341.48	;
7135223	,	341.44	;
7135233	,	341.43	;
7135243	,	341.41	;
7135253	,	341.39	;
7135263	,	341.39	;
7135273	,	341.36	;
7135283	,	341.35	;
7135293	,	341.32	;
7135303	,	341.30	;
7135313	,	341.28	;
7135323	,	341.27	;
7135333	,	341.25	;
7135343	,	341.22	;
7135353	,	341.20	;
7135363	,	341.18	;
7135373	,	341.15	;
7135383	,	341.13	;
7135393	,	341.12	;
7135403	,	341.10	;
7135413	,	341.08	;
7135423	,	341.06	;
7135433	,	341.04	;
7135443	,	341.01	;
7135453	,	341.00	;
7135463	,	341.01	;
7135473	,	341.01	;
7135483	,	341.02	;
7135493	,	341.04	;
7135503	,	341.06	;
7135513	,	341.09	;
7135523	,	341.13	;
7135533	,	341.13	;
7135543	,	341.15	;
7135553	,	341.17	;
7135563	,	341.17	;
7135573	,	341.17	;
7135583	,	341.19	;
7135593	,	341.17	;
7135603	,	341.16	;
7135613	,	341.15	;
7135623	,	341.14	;
7135633	,	341.13	;
7135643	,	341.11	;
7135653	,	341.10	;
7135663	,	341.09	;
7135673	,	341.07	;
7135683	,	341.05	;
7135693	,	341.04	;
7135703	,	341.02	;
7135713	,	341.00	;
7135723	,	340.99	;
7135733	,	340.97	;
7135743	,	340.95	;
7135753	,	340.93	;
7135763	,	340.92	;
7135773	,	340.90	;
7135783	,	340.91	;
7135793	,	340.90	;
7135803	,	340.89	;
7135813	,	340.89	;
7135823	,	340.88	;
7135833	,	340.87	;
7135843	,	340.86	;
7135853	,	340.84	;
7135863	,	340.84	;
7135873	,	340.82	;
7135883	,	340.80	;
7135893	,	340.79	;
7135903	,	340.78	;
7135913	,	340.75	;
7135923	,	340.73	;
7135933	,	340.73	;
7135943	,	340.72	;
7135953	,	340.71	;
7135963	,	340.74	;
7135973	,	340.74	;
7135983	,	340.76	;
7135993	,	340.78	;
7136003	,	340.81	;
7136013	,	340.83	;
7136023	,	340.86	;
7136033	,	340.89	;
7136043	,	340.90	;
7136053	,	340.91	;
7136063	,	340.92	;
7136073	,	340.91	;
7136083	,	340.91	;
7136093	,	340.89	;
7136103	,	340.89	;
7136113	,	340.87	;
7136123	,	340.86	;
7136133	,	340.83	;
7136143	,	340.82	;
7136153	,	340.80	;
7136163	,	340.79	;
7136173	,	340.77	;
7136183	,	340.76	;
7136193	,	340.74	;
7136203	,	340.73	;
7136213	,	340.72	;
7136223	,	340.70	;
7136233	,	340.67	;
7136243	,	340.67	;
7136253	,	340.63	;
7136263	,	340.63	;
7136273	,	340.61	;
7136283	,	340.60	;
7136293	,	340.58	;
7136303	,	340.57	;
7136313	,	340.54	;
7136323	,	340.54	;
7136333	,	340.51	;
7136343	,	340.49	;
7136353	,	340.48	;
7136363	,	340.48	;
7136373	,	340.45	;
7136383	,	340.47	;
7136393	,	340.47	;
7136403	,	340.48	;
7136413	,	340.50	;
7136423	,	340.53	;
7136433	,	340.52	;
7136443	,	340.56	;
7136453	,	340.60	;
7136463	,	340.61	;
7136473	,	340.62	;
7136483	,	340.64	;
7136493	,	340.67	;
7136503	,	340.67	;
7136513	,	340.67	;
7136523	,	340.65	;
7136533	,	340.64	;
7136543	,	340.64	;
7136553	,	340.62	;
7136563	,	340.60	;
7136573	,	340.59	;
7136583	,	340.57	;
7136593	,	340.56	;
7136603	,	340.53	;
7136613	,	340.53	;
7136623	,	340.50	;
7136633	,	340.49	;
7136643	,	340.49	;
7136653	,	340.47	;
7136663	,	340.44	;
7136673	,	340.42	;
7136683	,	340.40	;
7136693	,	340.40	;
7136703	,	340.38	;
7136713	,	340.37	;
7136723	,	340.35	;
7136733	,	340.34	;
7136743	,	340.33	;
7136753	,	340.32	;
7136763	,	340.29	;
7136773	,	340.29	;
7136783	,	340.28	;
7136793	,	340.27	;
7136803	,	340.27	;
7136813	,	340.27	;
7136823	,	340.29	;
7136833	,	340.31	;
7136843	,	340.35	;
7136853	,	340.38	;
7136863	,	340.42	;
7136873	,	340.43	;
7136883	,	340.47	;
7136893	,	340.47	;
7136903	,	340.47	;
7136913	,	340.47	;
7136923	,	340.46	;
7136933	,	340.44	;
7136943	,	340.44	;
7136953	,	340.44	;
7136963	,	340.42	;
7136973	,	340.42	;
7136983	,	340.39	;
7136993	,	340.39	;
7137003	,	340.39	;
7137013	,	340.38	;
7137023	,	340.35	;
7137033	,	340.34	;
7137043	,	340.33	;
7137053	,	340.31	;
7137063	,	340.30	;
7137073	,	340.29	;
7137083	,	340.26	;
7137093	,	340.25	;
7137103	,	340.26	;
7137113	,	340.24	;
7137123	,	340.22	;
7137133	,	340.20	;
7137143	,	340.19	;
7137153	,	340.18	;
7137163	,	340.16	;
7137173	,	340.15	;
7137183	,	340.15	;
7137193	,	340.15	;
7137203	,	340.15	;
7137213	,	340.17	;
7137223	,	340.20	;
7137233	,	340.21	;
7137243	,	340.26	;
7137253	,	340.28	;
7137263	,	340.30	;
7137273	,	340.33	;
7137283	,	340.35	;
7137293	,	340.37	;
7137303	,	340.37	;
7137313	,	340.39	;
7137323	,	340.38	;
7137333	,	340.38	;
7137343	,	340.38	;
7137353	,	340.36	;
7137363	,	340.36	;
7137373	,	340.34	;
7137383	,	340.31	;
7137393	,	340.30	;
7137403	,	340.29	;
7137413	,	340.28	;
7137423	,	340.26	;
7137433	,	340.25	;
7137443	,	340.24	;
7137453	,	340.22	;
7137463	,	340.21	;
7137473	,	340.19	;
7137483	,	340.19	;
7137493	,	340.18	;
7137503	,	340.16	;
7137513	,	340.15	;
7137523	,	340.13	;
7137533	,	340.14	;
7137543	,	340.13	;
7137553	,	340.11	;
7137563	,	340.11	;
7137573	,	340.10	;
7137583	,	340.13	;
7137593	,	340.14	;
7137603	,	340.17	;
7137613	,	340.20	;
7137623	,	340.24	;
7137633	,	340.28	;
7137643	,	340.33	;
7137653	,	340.37	;
7137663	,	340.41	;
7137673	,	340.47	;
7137683	,	340.49	;
7137693	,	340.51	;
7137703	,	340.52	;
7137713	,	340.53	;
7137723	,	340.52	;
7137733	,	340.52	;
7137743	,	340.53	;
7137753	,	340.53	;
7137763	,	340.51	;
7137773	,	340.52	;
7137783	,	340.50	;
7137793	,	340.49	;
7137803	,	340.50	;
7137813	,	340.48	;
7137823	,	340.47	;
7137833	,	340.46	;
7137843	,	340.47	;
7137853	,	340.45	;
7137863	,	340.44	;
7137873	,	340.43	;
7137883	,	340.42	;
7137893	,	340.41	;
7137903	,	340.40	;
7137913	,	340.40	;
7137923	,	340.39	;
7137933	,	340.39	;
7137943	,	340.40	;
7137953	,	340.39	;
7137963	,	340.38	;
7137973	,	340.39	;
7137983	,	340.39	;
7137993	,	340.38	;
7138003	,	340.41	;
7138013	,	340.41	;
7138023	,	340.45	;
7138033	,	340.47	;
7138043	,	340.50	;
7138053	,	340.54	;
7138063	,	340.56	;
7138073	,	340.59	;
7138083	,	340.63	;
7138093	,	340.65	;
7138103	,	340.66	;
7138113	,	340.67	;
7138123	,	340.67	;
7138133	,	340.70	;
7138143	,	340.68	;
7138153	,	340.69	;
7138163	,	340.70	;
7138173	,	340.69	;
7138183	,	340.68	;
7138193	,	340.67	;
7138203	,	340.67	;
7138213	,	340.66	;
7138223	,	340.64	;
7138233	,	340.64	;
7138243	,	340.64	;
7138253	,	340.63	;
7138263	,	340.60	;
7138273	,	340.60	;
7138283	,	340.59	;
7138293	,	340.57	;
7138303	,	340.57	;
7138313	,	340.57	;
7138323	,	340.56	;
7138333	,	340.55	;
7138343	,	340.53	;
7138353	,	340.53	;
7138363	,	340.52	;
7138373	,	340.51	;
7138383	,	340.50	;
7138393	,	340.48	;
7138403	,	340.48	;
7138413	,	340.47	;
7138423	,	340.48	;
7138433	,	340.51	;
7138443	,	340.54	;
7138453	,	340.58	;
7138463	,	340.60	;
7138473	,	340.64	;
7138483	,	340.66	;
7138493	,	340.71	;
7138503	,	340.74	;
7138513	,	340.79	;
7138523	,	340.84	;
7138533	,	340.87	;
7138543	,	340.90	;
7138553	,	340.93	;
7138563	,	340.95	;
7138573	,	340.96	;
7138583	,	340.97	;
7138593	,	340.98	;
7138603	,	340.98	;
7138613	,	340.99	;
7138623	,	340.99	;
7138633	,	340.98	;
7138643	,	340.98	;
7138653	,	340.97	;
7138663	,	340.96	;
7138673	,	340.96	;
7138683	,	340.97	;
7138693	,	340.97	;
7138703	,	340.97	;
7138713	,	340.96	;
7138723	,	340.97	;
7138733	,	340.96	;
7138743	,	340.94	;
7138753	,	340.94	;
7138763	,	340.91	;
7138773	,	340.91	;
7138783	,	340.91	;
7138793	,	340.90	;
7138803	,	340.89	;
7138813	,	340.88	;
7138823	,	340.86	;
7138833	,	340.87	;
7138843	,	340.85	;
7138853	,	340.84	;
7138863	,	340.84	;
7138873	,	340.83	;
7138883	,	340.83	;
7138893	,	340.80	;
7138903	,	340.83	;
7138913	,	340.84	;
7138923	,	340.86	;
7138933	,	340.89	;
7138943	,	340.92	;
7138953	,	340.95	;
7138963	,	340.98	;
7138973	,	341.02	;
7138983	,	341.06	;
7138993	,	341.10	;
7139003	,	341.16	;
7139013	,	341.19	;
7139023	,	341.21	;
7139033	,	341.25	;
7139043	,	341.26	;
7139053	,	341.26	;
7139063	,	341.26	;
7139073	,	341.25	;
7139083	,	341.25	;
7139093	,	341.24	;
7139103	,	341.24	;
7139113	,	341.22	;
7139123	,	341.21	;
7139133	,	341.20	;
7139143	,	341.18	;
7139153	,	341.18	;
7139163	,	341.17	;
7139173	,	341.15	;
7139183	,	341.14	;
7139193	,	341.12	;
7139203	,	341.11	;
7139213	,	341.10	;
7139223	,	341.09	;
7139233	,	341.08	;
7139243	,	341.05	;
7139253	,	341.05	;
7139263	,	341.03	;
7139273	,	341.01	;
7139283	,	341.01	;
7139293	,	340.99	;
7139303	,	340.97	;
7139313	,	340.95	;
7139323	,	340.93	;
7139333	,	340.93	;
7139343	,	340.91	;
7139353	,	340.90	;
7139363	,	340.90	;
7139373	,	340.89	;
7139383	,	340.87	;
7139393	,	340.87	;
7139403	,	340.85	;
7139413	,	340.84	;
7139423	,	340.84	;
7139433	,	340.83	;
7139443	,	340.84	;
7139453	,	340.85	;
7139463	,	340.87	;
7139473	,	340.89	;
7139483	,	340.92	;
7139493	,	340.93	;
7139503	,	340.97	;
7139513	,	341.00	;
7139523	,	341.04	;
7139533	,	341.08	;
7139543	,	341.12	;
7139553	,	341.14	;
7139563	,	341.17	;
7139573	,	341.19	;
7139583	,	341.21	;
7139593	,	341.23	;
7139603	,	341.22	;
7139613	,	341.23	;
7139623	,	341.22	;
7139633	,	341.23	;
7139643	,	341.25	;
7139653	,	341.22	;
7139663	,	341.22	;
7139673	,	341.21	;
7139683	,	341.21	;
7139693	,	341.20	;
7139703	,	341.20	;
7139713	,	341.20	;
7139723	,	341.19	;
7139733	,	341.18	;
7139743	,	341.17	;
7139753	,	341.17	;
7139763	,	341.17	;
7139773	,	341.15	;
7139783	,	341.14	;
7139793	,	341.12	;
7139803	,	341.12	;
7139813	,	341.11	;
7139823	,	341.10	;
7139833	,	341.10	;
7139843	,	341.08	;
7139853	,	341.09	;
7139863	,	341.08	;
7139873	,	341.07	;
7139883	,	341.05	;
7139893	,	341.05	;
7139903	,	341.04	;
7139913	,	341.04	;
7139923	,	341.03	;
7139933	,	341.02	;
7139943	,	341.01	;
7139953	,	341.00	;
7139963	,	340.99	;
7139973	,	341.00	;
7139983	,	340.98	;
7139993	,	340.98	;
7140003	,	340.97	;
7140013	,	340.98	;
7140023	,	340.96	;
7140033	,	340.97	;
7140043	,	340.96	;
7140053	,	340.98	;
7140063	,	340.99	;
7140073	,	341.02	;
7140083	,	341.04	;
7140093	,	341.07	;
7140103	,	341.09	;
7140113	,	341.14	;
7140123	,	341.17	;
7140133	,	341.22	;
7140143	,	341.24	;
7140153	,	341.27	;
7140163	,	341.29	;
7140173	,	341.30	;
7140183	,	341.30	;
7140193	,	341.31	;
7140203	,	341.31	;
7140213	,	341.31	;
7140223	,	341.30	;
7140233	,	341.31	;
7140243	,	341.31	;
7140253	,	341.30	;
7140263	,	341.31	;
7140273	,	341.30	;
7140283	,	341.29	;
7140293	,	341.28	;
7140303	,	341.29	;
7140313	,	341.27	;
7140323	,	341.27	;
7140333	,	341.24	;
7140343	,	341.24	;
7140353	,	341.23	;
7140363	,	341.22	;
7140373	,	341.21	;
7140383	,	341.21	;
7140393	,	341.19	;
7140403	,	341.19	;
7140413	,	341.19	;
7140423	,	341.18	;
7140433	,	341.17	;
7140443	,	341.17	;
7140453	,	341.16	;
7140463	,	341.15	;
7140473	,	341.14	;
7140483	,	341.13	;
7140493	,	341.13	;
7140503	,	341.11	;
7140513	,	341.11	;
7140523	,	341.07	;
7140533	,	341.08	;
7140543	,	341.06	;
7140553	,	341.06	;
7140563	,	341.02	;
7140573	,	341.02	;
7140583	,	341.02	;
7140593	,	341.01	;
7140603	,	341.00	;
7140613	,	341.01	;
7140623	,	341.02	;
7140633	,	341.03	;
7140643	,	341.06	;
7140653	,	341.08	;
7140663	,	341.12	;
7140673	,	341.15	;
7140683	,	341.18	;
7140693	,	341.21	;
7140703	,	341.23	;
7140713	,	341.25	;
7140723	,	341.27	;
7140733	,	341.26	;
7140743	,	341.28	;
7140753	,	341.29	;
7140763	,	341.28	;
7140773	,	341.27	;
7140783	,	341.27	;
7140793	,	341.27	;
7140803	,	341.27	;
7140813	,	341.26	;
7140823	,	341.25	;
7140833	,	341.25	;
7140843	,	341.25	;
7140853	,	341.25	;
7140863	,	341.23	;
7140873	,	341.24	;
7140883	,	341.22	;
7140893	,	341.23	;
7140903	,	341.22	;
7140913	,	341.20	;
7140923	,	341.20	;
7140933	,	341.18	;
7140943	,	341.17	;
7140953	,	341.19	;
7140963	,	341.17	;
7140973	,	341.17	;
7140983	,	341.17	;
7140993	,	341.16	;
7141003	,	341.15	;
7141013	,	341.13	;
7141023	,	341.12	;
7141033	,	341.12	;
7141043	,	341.12	;
7141053	,	341.10	;
7141063	,	341.09	;
7141073	,	341.08	;
7141083	,	341.07	;
7141093	,	341.07	;
7141103	,	341.05	;
7141113	,	341.03	;
7141123	,	341.04	;
7141133	,	341.02	;
7141143	,	341.00	;
7141153	,	341.00	;
7141163	,	340.98	;
7141173	,	341.00	;
7141183	,	341.00	;
7141193	,	341.04	;
7141203	,	341.07	;
7141213	,	341.10	;
7141223	,	341.13	;
7141233	,	341.13	;
7141243	,	341.17	;
7141253	,	341.19	;
7141263	,	341.22	;
7141273	,	341.24	;
7141283	,	341.24	;
7141293	,	341.24	;
7141303	,	341.25	;
7141313	,	341.25	;
7141323	,	341.25	;
7141333	,	341.24	;
7141343	,	341.22	;
7141353	,	341.22	;
7141363	,	340.98	;
7141373	,	340.51	;
7141383	,	340.24	;
7141393	,	339.99	;
7141403	,	339.68	;
7141413	,	339.37	;
7141423	,	338.96	;
7141433	,	338.60	;
7141443	,	338.24	;
7141453	,	337.90	;
7141463	,	337.58	;
7141473	,	337.22	;
7141483	,	336.76	;
7141493	,	336.40	;
7141503	,	336.01	;
7141513	,	335.62	;
7141523	,	335.21	;
7141533	,	334.70	;
7141543	,	334.31	;
7141553	,	333.91	;
7141563	,	333.53	;
7141573	,	333.17	;
31557186	,	0.00	]
