#1			
float	T_Cav(458,2)	
0	26
7136983	26.64
7136993	26.62
7137003	26.60
7137013	26.57
7137023	26.53
7137033	26.49
7137043	26.45
7137053	26.41
7137063	26.36
7137073	26.31
7137083	26.25
7137093	26.20
7137103	26.14
7137113	26.09
7137123	26.03
7137133	25.98
7137143	25.93
7137153	25.88
7137163	25.83
7137173	25.79
7137183	25.75
7137193	25.71
7137203	25.68
7137213	25.65
7137223	25.62
7137233	25.60
7137243	25.58
7137253	25.56
7137263	25.54
7137273	25.53
7137283	25.52
7137293	25.51
7137303	25.50
7137313	25.50
7137323	25.49
7137333	25.48
7137343	25.48
7137353	25.47
7137363	25.47
7137373	25.46
7137383	25.46
7137393	25.45
7137403	25.45
7137413	25.45
7137423	25.45
7137433	25.44
7137443	25.44
7137453	25.44
7137463	25.44
7137473	25.44
7137483	25.44
7137493	25.44
7137503	25.44
7137513	25.43
7137523	25.43
7137533	25.43
7137543	25.43
7137553	25.42
7137563	25.42
7137573	25.41
7137583	25.41
7137593	25.40
7137603	25.40
7137613	25.39
7137623	25.39
7137633	25.38
7137643	25.38
7137653	25.37
7137663	25.37
7137673	25.37
7137683	25.36
7137693	25.36
7137703	25.36
7137713	25.36
7137723	25.36
7137733	25.36
7137743	25.36
7137753	25.37
7137763	25.37
7137773	25.37
7137783	25.37
7137793	25.38
7137803	25.38
7137813	25.38
7137823	25.39
7137833	25.39
7137843	25.39
7137853	25.39
7137863	25.39
7137873	25.39
7137883	25.39
7137893	25.39
7137903	25.39
7137913	25.39
7137923	25.38
7137933	25.38
7137943	25.37
7137953	25.37
7137963	25.36
7137973	25.35
7137983	25.34
7137993	25.34
7138003	25.33
7138013	25.32
7138023	25.31
7138033	25.31
7138043	25.30
7138053	25.29
7138063	25.29
7138073	25.28
7138083	25.28
7138093	25.28
7138103	25.28
7138113	25.28
7138123	25.28
7138133	25.28
7138143	25.29
7138153	25.29
7138163	25.29
7138173	25.30
7138183	25.30
7138193	25.31
7138203	25.31
7138213	25.32
7138223	25.32
7138233	25.33
7138243	25.33
7138253	25.33
7138263	25.34
7138273	25.34
7138283	25.34
7138293	25.34
7138303	25.34
7138313	25.34
7138323	25.33
7138333	25.33
7138343	25.33
7138353	25.33
7138363	25.33
7138373	25.32
7138383	25.32
7138393	25.32
7138403	25.32
7138413	25.31
7138423	25.31
7138433	25.31
7138443	25.31
7138453	25.31
7138463	25.31
7138473	25.31
7138483	25.31
7138493	25.31
7138503	25.31
7138513	25.31
7138523	25.30
7138533	25.30
7138543	25.30
7138553	25.30
7138563	25.31
7138573	25.31
7138583	25.31
7138593	25.31
7138603	25.31
7138613	25.31
7138623	25.32
7138633	25.32
7138643	25.32
7138653	25.32
7138663	25.33
7138673	25.33
7138683	25.33
7138693	25.33
7138703	25.33
7138713	25.34
7138723	25.34
7138733	25.34
7138743	25.34
7138753	25.34
7138763	25.34
7138773	25.34
7138783	25.34
7138793	25.34
7138803	25.35
7138813	25.35
7138823	25.35
7138833	25.35
7138843	25.35
7138853	25.35
7138863	25.35
7138873	25.35
7138883	25.35
7138893	25.35
7138903	25.35
7138913	25.36
7138923	25.36
7138933	25.36
7138943	25.36
7138953	25.36
7138963	25.37
7138973	25.37
7138983	25.37
7138993	25.37
7139003	25.37
7139013	25.37
7139023	25.37
7139033	25.37
7139043	25.37
7139053	25.37
7139063	25.37
7139073	25.37
7139083	25.37
7139093	25.37
7139103	25.37
7139113	25.37
7139123	25.38
7139133	25.38
7139143	25.38
7139153	25.39
7139163	25.40
7139173	25.40
7139183	25.41
7139193	25.42
7139203	25.43
7139213	25.44
7139223	25.45
7139233	25.47
7139243	25.48
7139253	25.49
7139263	25.50
7139273	25.51
7139283	25.52
7139293	25.53
7139303	25.54
7139313	25.54
7139323	25.55
7139333	25.55
7139343	25.55
7139353	25.55
7139363	25.55
7139373	25.55
7139383	25.55
7139393	25.55
7139403	25.54
7139413	25.54
7139423	25.53
7139433	25.53
7139443	25.52
7139453	25.51
7139463	25.51
7139473	25.50
7139483	25.49
7139493	25.49
7139503	25.48
7139513	25.47
7139523	25.47
7139533	25.46
7139543	25.46
7139553	25.45
7139563	25.45
7139573	25.45
7139583	25.44
7139593	25.44
7139603	25.44
7139613	25.44
7139623	25.43
7139633	25.43
7139643	25.43
7139653	25.43
7139663	25.43
7139673	25.43
7139683	25.43
7139693	25.44
7139703	25.44
7139713	25.44
7139723	25.44
7139733	25.45
7139743	25.45
7139753	25.46
7139763	25.47
7139773	25.47
7139783	25.48
7139793	25.49
7139803	25.49
7139813	25.50
7139823	25.51
7139833	25.52
7139843	25.52
7139853	25.53
7139863	25.53
7139873	25.54
7139883	25.54
7139893	25.54
7139903	25.54
7139913	25.54
7139923	25.54
7139933	25.53
7139943	25.53
7139953	25.52
7139963	25.52
7139973	25.51
7139983	25.51
7139993	25.50
7140003	25.49
7140013	25.49
7140023	25.48
7140033	25.48
7140043	25.48
7140053	25.47
7140063	25.47
7140073	25.47
7140083	25.47
7140093	25.47
7140103	25.47
7140113	25.47
7140123	25.47
7140133	25.47
7140143	25.47
7140153	25.47
7140163	25.47
7140173	25.47
7140183	25.47
7140193	25.47
7140203	25.47
7140213	25.47
7140223	25.47
7140233	25.47
7140243	25.47
7140253	25.47
7140263	25.47
7140273	25.47
7140283	25.47
7140293	25.47
7140303	25.48
7140313	25.48
7140323	25.48
7140333	25.49
7140343	25.49
7140353	25.50
7140363	25.50
7140373	25.51
7140383	25.51
7140393	25.52
7140403	25.53
7140413	25.53
7140423	25.54
7140433	25.54
7140443	25.55
7140453	25.55
7140463	25.55
7140473	25.55
7140483	25.55
7140493	25.55
7140503	25.55
7140513	25.55
7140523	25.54
7140533	25.54
7140543	25.53
7140553	25.53
7140563	25.52
7140573	25.51
7140583	25.51
7140593	25.50
7140603	25.49
7140613	25.48
7140623	25.48
7140633	25.47
7140643	25.46
7140653	25.45
7140663	25.45
7140673	25.44
7140683	25.44
7140693	25.44
7140703	25.43
7140713	25.43
7140723	25.43
7140733	25.43
7140743	25.43
7140753	25.43
7140763	25.43
7140773	25.44
7140783	25.44
7140793	25.44
7140803	25.44
7140813	25.44
7140823	25.43
7140833	25.43
7140843	25.43
7140853	25.42
7140863	25.41
7140873	25.41
7140883	25.40
7140893	25.39
7140903	25.38
7140913	25.37
7140923	25.36
7140933	25.35
7140943	25.34
7140953	25.34
7140963	25.33
7140973	25.32
7140983	25.32
7140993	25.31
7141003	25.30
7141013	25.30
7141023	25.29
7141033	25.29
7141043	25.28
7141053	25.27
7141063	25.27
7141073	25.26
7141083	25.25
7141093	25.24
7141103	25.23
7141113	25.21
7141123	25.20
7141133	25.18
7141143	25.16
7141153	25.14
7141163	25.13
7141173	25.11
7141183	25.09
7141193	25.07
7141203	25.05
7141213	25.03
7141223	25.01
7141233	24.99
7141243	24.97
7141253	24.95
7141263	24.94
7141273	24.92
7141283	24.91
7141293	24.89
7141303	24.88
7141313	24.86
7141323	24.85
7141333	24.84
7141343	24.83
7141353	24.82
7141363	24.80
7141373	24.79
7141383	24.78
7141393	24.76
7141403	24.75
7141413	24.73
7141423	24.72
7141433	24.70
7141443	24.69
7141453	24.67
7141463	24.66
7141473	24.65
7141483	24.64
7141493	24.62
7141503	24.61
7141513	24.60
7141523	24.59
7141533	24.59
7141543	24.58
7141553	24.57

	
