[28561622.622,298.4;
28561633.075,298.5;
28561643.572,298.6;
28561654.096,298.7;
28561662.587,298.7;
28561673.035,298.8;
28561683.502,298.9;
28561694.002,298.9;
28561702.412,299.0;
28561712.860,299.0;
28561723.285,299.1;
28561733.811,299.1;
28561737.976,299.2;
28561783.794,299.4;
28561792.155,299.5;
28561802.608,299.5;
28561813.105,299.6;
28561823.635,299.6;
28561834.054,299.7;
28561842.426,299.7;
28561852.850,299.8;
28561863.288,299.8;
28561873.733,299.9;
28561882.099,299.9;
28561892.454,300.0;
28561902.920,300.1;
28561913.333,300.1;
28561921.998,300.1;
28561932.579,300.2;
28561943.041,300.2;
28561953.463,300.2;
28561963.962,300.3;
28561972.308,300.3;
28561982.794,300.3;
28561993.402,300.4;
28562003.928,300.4;
28562012.445,300.4;
28562022.883,300.5;
28562033.444,300.5;
28562043.927,300.5;
28562052.284,300.6;
28562062.735,300.6;
28562073.187,300.6;
28562083.685,300.6;
28562092.066,300.7;
28562102.501,300.7;
28562112.984,300.7;
28562123.493,300.8;
28562133.961,300.8;
28562142.322,300.8;
28562152.822,300.9;
28562163.292,300.9;
28562173.724,300.9;
28562182.086,301.0;
28562192.571,301.1;
28562203.082,301.2;
28562213.503,301.3;
28562223.999,301.5;
28562232.377,301.6;
28562242.847,301.8;
28562253.325,302.0;
28562263.829,302.1;
28562272.299,302.3;
28562282.749,302.4;
28562293.202,302.6;
28562303.696,302.7;
28562312.089,302.8;
28562322.604,303.1;
28562333.041,303.2;
28562343.478,303.5;
28562353.946,303.7;
28562362.337,303.9;
28562366.594,304.0;
28562492.064,306.5;
28562502.449,306.7;
28562512.917,306.9;
28562523.385,307.1;
28562533.960,307.2;
28562542.353,307.4;
28562552.819,307.5;
28562563.392,307.7;
28562573.845,307.8;
28562582.206,308.0;
28562592.624,308.1;
28562603.060,308.3;
28562613.495,308.4;
28562623.874,308.6;
28562632.283,308.7;
28562642.778,308.8;
28562653.165,309.0;
28562663.577,309.1;
28562671.978,309.2;
28562682.433,309.3;
28562692.928,309.4;
28562703.414,309.6;
28562711.914,309.7;
28562722.443,309.8;
28562732.970,309.9;
28562743.452,310.1;
28562753.876,310.2;
28562762.255,310.3;
28562772.690,310.4;
28562783.169,310.6;
28562793.625,310.7;
28562801.981,310.8;
28562812.463,310.9;
28562822.904,311.0;
28562833.386,311.0;
28562843.989,311.1;
28562852.351,311.2;
28562862.806,311.4;
28562873.306,311.5;
28562883.815,311.6;
28562892.213,311.7;
28562902.736,311.8;
28562913.267,311.9;
28562923.879,312.0;
28562932.219,312.1;
28562942.691,312.2;
28562953.189,312.3;
28562963.656,312.4;
28562972.156,312.5;
28562982.640,312.7;
28562993.181,312.8;
28563003.695,312.9;
28563012.124,313.0;
28563022.726,313.1;
28563033.224,313.2;
28563043.679,313.3;
28563052.099,313.4;
28563062.633,313.5;
28563073.037,313.6;
28563083.552,313.7;
28563093.971,313.8;
28563102.345,313.9;
28563112.861,314.0;
28563123.293,314.1;
28563133.719,314.2;
28563142.089,314.3;
28563152.574,314.3;
28563163.154,314.4;
28563173.621,314.5;
28563182.087,314.6;
28563192.592,314.6;
28563203.038,314.7;
28563213.629,314.8;
28563222.007,314.9;
28563232.568,315.0;
28563243.081,315.1;
28563253.578,315.1;
28563261.926,315.2;
28563272.424,315.3;
28563282.903,315.4;
28563293.403,315.5;
28563303.856,315.6;
28563312.330,315.7;
28563322.824,315.8;
28563333.257,315.8;
28563343.710,315.9;
28563352.104,316.0;
28563362.606,316.0;
28563373.104,316.1;
28563383.508,316.2;
28563393.973,316.2;
28563402.368,316.3;
28563412.836,316.4;
28563423.272,316.5;
28563433.748,316.6;
28563442.126,316.6;
28563452.598,316.7;
28563463.064,316.7;
28563473.449,316.8;
28563483.875,316.9;
28563492.199,316.9;
28563502.589,317.0;
28563513.012,317.0;
28563523.554,317.1;
28563531.920,317.1;
28563542.325,317.2;
28563552.806,317.2;
28563563.274,317.3;
28563573.722,317.3;
28563582.176,317.4;
28563592.673,317.4;
28563603.124,317.5;
28563613.598,317.5;
28563621.940,317.6;
28563632.409,317.6;
28563642.890,317.7;
28563653.297,317.8;
28563663.778,317.9;
28563672.095,317.9;
28563682.525,317.9;
28563693.012,318.0;
28563703.574,318.0;
28563711.934,318.1;
28563722.443,318.1;
28563732.927,318.2;
28563743.379,318.2;
28563753.845,318.3;
28563762.304,318.3;
28563772.802,318.4;
28563783.239,318.4;
28563793.721,318.5;
28563802.080,318.6;
28563812.565,318.6;
28563823.041,318.6;
28563833.514,318.7;
28563841.965,318.7;
28563852.447,318.8;
28563862.931,318.8;
28563873.459,318.9;
28563883.942,318.9;
28563892.288,319.0;
28563902.712,319.0;
28563913.196,319.1;
28563923.689,319.1;
28563932.112,319.2;
28563942.659,319.3;
28563953.141,319.3;
28563963.577,319.4;
28563972.020,319.4;
28563982.423,319.5;
28563992.936,319.5;
28564003.417,319.6;
28564013.920,319.7;
28564022.296,319.7;
28564032.748,319.7;
28564043.226,319.8;
28564053.663,319.8;
28564062.044,319.9;
28564072.476,319.9;
28564082.930,320.0;
28564093.331,320.0;
28564103.816,320.1;
28564112.221,320.1;
28564122.812,320.2;
28564133.346,320.3;
28564143.721,320.3;
28564152.077,320.4;
28564162.497,320.4;
28564172.950,320.4;
28564183.389,320.5;
28564193.851,320.5;
28564202.323,320.5;
28564212.825,320.5;
28564223.335,320.6;
28564233.848,320.6;
28564242.214,320.6;
28564252.681,320.6;
28564263.142,320.7;
28564273.615,320.7;
28564282.056,320.7;
28564292.504,320.8;
28564302.958,320.8;
28564313.374,320.8;
28564323.808,320.9;
28564332.129,320.9;
28564342.669,320.9;
28564353.155,321.0;
28564363.592,321.0;
28564371.967,321.0;
28564382.389,321.1;
28564392.822,321.1;
28564403.317,321.1;
28564413.697,321.2;
28564422.041,321.2;
28564432.614,321.2;
28564443.179,321.3;
28564453.782,321.3;
28564462.175,321.3;
28564472.642,321.3;
28564483.094,321.3;
28564493.528,321.3;
28564501.898,321.4;
28564512.374,321.4;
28564522.811,321.4;
28564533.267,321.5;
28564543.734,321.5;
28564552.151,321.6;
28564562.554,321.6;
28564572.984,321.7;
28564583.424,321.7;
28564591.930,321.7;
28564602.341,321.7;
28564612.826,321.7;
28564623.252,321.8;
28564633.756,321.8;
28564642.170,321.8;
28564652.638,321.8;
28564663.163,321.8;
28564673.709,321.8;
28564682.112,321.8;
28564692.593,321.8;
28564703.098,321.9;
28564713.558,321.9;
28564721.982,321.9;
28564732.452,321.9;
28564742.865,321.9;
28564753.272,321.9;
28564763.733,321.9;
28564772.078,322.0;
28564782.539,322.0;
28564792.994,322.0;
28564803.449,322.0;
28564813.942,322.0;
28564822.303,322.0;
28564832.700,322.1;
28564843.169,322.1;
28564853.715,322.1;
28564862.094,322.1;
28564872.519,322.1;
28564882.941,322.1;
28564893.407,322.1;
28564903.832,322.2;
28564912.174,322.2;
28564922.613,322.2;
28564933.050,322.2;
28564943.463,322.2;
28564953.944,322.2;
28564962.353,322.2;
28564972.930,322.3;
28564983.555,322.3;
28564994.008,322.3;
28565002.338,322.3;
28565012.767,322.3;
28565023.204,322.3;
28565033.643,322.3;
28565042.021,322.3;
28565052.459,322.3;
28565062.940,322.3;
28565073.383,322.3;
28565083.805,322.3;
28565092.167,322.3;
28565102.607,322.3;
28565113.073,322.3;
28565123.527,322.3;
28565132.011,322.3;
28565142.467,322.3;
28565153.058,322.3;
28565163.495,322.3;
28565173.902,322.3;
28565182.231,322.3;
28565192.639,322.3;
28565203.119,322.3;
28565213.620,322.3;
28565224.093,322.3;
28565232.402,322.3;
28565242.890,322.3;
28565253.308,322.3;
28565263.666,322.3;
28565274.103,322.3;
28565282.486,322.3;
28565292.917,322.3;
28565303.448,322.3;
28565313.884,322.3;
28565322.263,322.3;
28565332.764,322.3;
28565343.312,322.3;
28565353.871,322.3;
28565362.247,322.3;
28565372.767,322.3;
28565383.206,322.3;
28565393.765,322.3;
28565402.155,322.3;
28565412.684,322.4;
28565423.138,322.4;
28565433.635,322.4;
28565444.105,322.4;
28565452.450,322.4;
28565462.889,322.4;
28565473.330,322.4;
28565483.781,322.4;
28565492.142,322.5;
28565502.606,322.4;
28565513.032,322.4;
28565523.469,322.4;
28565533.999,322.4;
28565542.313,322.4;
28565552.769,322.5;
28565563.188,322.4;
28565573.653,322.5;
28565584.090,322.5;
28565592.420,322.5;
28565602.891,322.4;
28565613.362,322.4;
28565623.858,322.4;
28565632.237,322.4;
28565642.642,322.4;
28565653.059,322.4;
28565663.611,322.4;
28565674.043,322.4;
28565682.469,322.4;
28565692.936,322.4;
28565703.488,322.4;
28565713.924,322.4;
28565722.318,322.4;
28565732.736,322.4;
28565743.187,322.4;
28565753.608,322.3;
28565764.077,322.3;
28565772.502,322.3;
28565782.985,322.3;
28565793.499,322.3;
28565803.894,322.3;
28565812.240,322.3;
28565822.770,322.3;
28565833.238,322.2;
28565843.676,322.2;
28565854.110,322.2;
28565862.507,322.2;
28565873.030,322.2;
28565883.421,322.2;
28565893.971,322.2;
28565902.376,322.2;
28565912.817,322.2;
28565923.345,322.2;
28565933.783,322.1;
28565944.140,322.1;
28565952.501,322.1;
28565962.923,322.1;
28565973.391,322.0;
28565983.863,322.0;
28565992.238,322.0;
28566002.663,322.0;
28566013.084,322.0;
28566023.489,322.0;
28566033.938,321.9;
28566042.300,321.9;
28566052.726,321.8;
28566063.175,321.8;
28566073.631,321.8;
28566084.100,321.8;
28566092.427,321.8;
28566102.928,321.8;
28566113.365,321.7;
28566123.829,321.7;
28566132.180,321.7;
28566142.629,321.6;
28566153.085,321.6;
28566163.519,321.6;
28566173.943,321.5;
28566182.290,321.5;
28566192.728,321.5;
28566203.165,321.5;
28566213.614,321.4;
28566224.051,321.4;
28566232.379,321.4;
28566242.883,321.3;
28566253.321,321.3;
28566263.704,321.3;
28566274.148,321.3;
28566282.541,321.2;
28566292.991,321.2;
28566303.444,321.2;
28566313.943,321.2;
28566322.288,321.2;
28566332.789,321.1;
28566343.181,321.1;
28566353.603,321.0;
28566364.068,321.0;
28566372.402,321.0;
28566382.839,320.9;
28566393.333,320.8;
28566403.759,320.1;
28566412.117,319.8;
28566422.589,319.4;
28566433.210,319.1;
28566443.728,318.7;
28566452.054,318.4;
28566462.633,318.1;
28566473.135,317.9;
28566483.600,317.6;
28566494.118,317.3;
28566502.668,317.1;
28566513.162,316.8;
28566523.602,316.6;
28566534.052,316.3;
28566542.444,316.1;
28566552.913,315.9;
28566563.416,315.7;
28566573.896,315.5;
28566582.321,315.3;
28566592.728,315.1;
28566603.121,314.9;
28566613.619,314.6;
28566624.105,314.4;
28566632.477,314.3]
