#1	
float	Tpump(1780,2)
0	273.15
7123322.711	297.21
7123522.37	297.95
7123822.333	296.48
7123832.383	296.54
7123842.334	296.56
7123852.334	296.56
7123862.335	296.58
7123872.385	296.58
7123882.335	296.58
7123892.336	296.62
7123902.386	296.71
7123912.387	296.85
7123922.387	297.06
7123932.338	297.41
7123942.388	297.71
7123952.388	298.15
7123962.389	298.54
7123972.339	298.92
7123982.39	299.31
7123992.34	300.16
7124002.391	300.89
7124012.391	301.45
7124022.391	301.84
7124032.392	302.13
7124042.392	302.31
7124052.343	302.47
7124062.393	302.62
7124072.394	302.78
7124082.394	302.88
7124092.344	303.01
7124102.395	303.14
7124112.395	303.3
7124122.346	303.41
7124132.396	303.42
7124142.397	303.56
7124152.397	303.65
7124162.347	303.72
7124172.398	303.73
7124182.348	303.48
7124192.399	303.28
7124202.399	303.18
7124212.4	303.08
7124222.4	303
7124232.4	302.91
7124242.401	302.82
7124252.401	302.77
7124262.402	302.71
7124272.352	302.67
7124282.403	302.61
7124292.403	302.57
7124302.403	302.53
7124312.354	302.5
7124322.354	302.45
7124332.405	302.43
7124342.405	302.4
7124352.356	302.37
7124362.356	302.32
7124372.356	302.28
7124382.407	302.24
7124392.407	302.21
7124402.408	302.18
7124412.358	302.15
7124422.409	302.1
7124432.409	302.07
7124442.409	302.05
7124452.41	302.01
7124462.36	301.98
7124472.361	301.95
7124482.361	301.91
7124492.362	301.88
7124502.362	301.85
7124512.412	301.83
7124522.363	301.8
7124532.413	301.76
7124542.414	301.73
7124552.364	301.69
7124562.415	301.68
7124572.415	301.65
7124582.415	301.62
7124592.416	301.59
7124602.416	301.56
7124612.367	301.55
7124622.367	301.51
7124632.418	301.48
7124642.418	301.46
7124652.418	301.44
7124662.419	301.41
7124672.369	301.39
7124682.42	301.34
7124692.37	301.32
7124702.371	301.3
7124712.421	301.26
7124722.371	301.25
7124732.372	301.21
7124742.422	301.19
7124752.423	301.16
7124762.373	301.14
7124772.424	301.11
7124782.424	301.08
7124792.424	301.06
7124802.425	301.04
7124812.375	301
7124822.376	300.98
7124832.426	300.95
7124842.427	300.93
7124852.427	300.9
7124862.427	300.88
7124872.378	300.84
7124882.378	300.84
7124892.379	300.82
7124902.429	300.81
7124912.38	300.78
7124922.43	300.77
7124932.43	300.75
7124942.381	300.73
7124952.431	300.7
7124962.432	300.7
7124972.382	300.67
7124982.433	300.66
7124992.433	300.65
7125002.383	300.63
7125012.434	300.61
7125022.434	300.61
7125032.435	300.59
7125042.435	300.57
7125052.436	300.56
7125062.436	300.54
7125072.436	300.55
7125082.437	300.53
7125092.437	300.52
7125102.388	300.53
7125112.388	300.52
7125122.439	300.5
7125132.389	300.48
7125142.439	300.47
7125152.44	300.45
7125162.44	300.45
7125172.441	300.42
7125182.441	300.42
7125192.441	300.41
7125202.392	300.41
7125212.442	300.4
7125222.443	300.41
7125232.393	300.4
7125242.394	300.39
7125252.444	300.44
7125262.444	300.45
7125272.445	300.47
7125282.445	300.48
7125292.396	300.48
7125302.396	300.48
7125312.397	300.48
7125322.447	300.49
7125332.447	300.5
7125342.448	300.49
7125352.398	300.5
7125362.449	300.5
7125372.399	300.53
7125382.45	300.54
7125392.4	300.56
7125402.45	300.58
7125412.451	300.62
7125422.401	300.61
7125432.452	300.64
7125442.402	300.65
7125452.453	300.65
7125462.453	300.69
7125472.403	300.71
7125482.404	300.72
7125492.404	300.7
7125502.405	300.72
7125512.405	300.73
7125522.456	300.71
7125532.456	300.71
7125542.406	300.72
7125552.457	300.71
7125562.407	300.72
7125572.458	300.72
7125582.408	300.72
7125592.459	300.73
7125602.459	300.74
7125612.409	300.73
7125622.46	300.74
7125632.46	300.75
7125642.411	300.74
7125652.411	300.75
7125662.412	300.75
7125672.462	300.75
7125682.412	300.75
7125692.463	300.76
7125702.463	300.75
7125712.464	300.76
7125722.414	300.77
7125732.465	300.77
7125742.465	300.77
7125752.415	300.77
7125762.466	300.78
7125772.416	300.77
7125782.467	300.78
7125792.467	300.78
7125802.468	300.77
7125812.468	300.77
7125822.468	300.76
7125832.469	300.75
7125842.469	300.77
7125852.47	300.77
7125862.42	300.77
7125872.471	300.77
7125882.471	300.75
7125892.471	300.76
7125902.422	300.79
7125912.422	300.81
7125922.473	300.83
7125932.473	300.84
7125942.474	300.84
7125952.474	300.83
7125962.424	300.82
7125972.475	300.82
7125982.475	300.82
7125992.476	300.82
7126002.476	300.82
7126012.477	300.81
7126022.477	300.81
7126032.427	300.81
7126042.428	300.8
7126052.478	300.79
7126062.429	300.81
7126072.429	300.81
7126082.48	300.79
7126092.48	300.82
7126102.43	300.83
7126112.481	300.74
7126122.481	300.67
7126132.432	300.62
7126142.482	300.57
7126152.433	300.5
7126162.483	300.44
7126172.483	300.37
7126182.484	300.36
7126192.434	300.27
7126202.485	300.27
7126212.435	300.28
7126222.436	300.28
7126232.486	300.29
7126242.436	300.28
7126252.487	300.28
7126262.437	300.27
7126272.488	300.26
7126282.488	300.26
7126292.439	300.29
7126302.489	301.72
7126312.489	301.05
7126322.49	300.87
7126332.44	300.89
7126342.491	300.8
7126352.441	300.78
7126362.442	300.75
7126372.492	300.73
7126382.442	300.71
7126392.493	300.71
7126402.443	300.69
7126412.444	300.68
7126422.444	300.67
7126432.445	300.66
7126442.445	300.66
7126452.495	300.63
7126462.446	300.63
7126472.496	300.61
7126482.497	300.61
7126492.497	300.59
7126502.498	300.59
7126512.498	300.59
7126522.498	300.58
7126532.499	300.57
7126542.499	300.56
7126552.5	300.52
7126562.5	300.52
7126572.451	300.49
7126582.501	300.48
7126592.501	300.46
7126602.502	300.45
7126612.502	300.5
7126622.503	300.53
7126632.453	300.52
7126642.504	300.51
7126652.504	300.51
7126662.454	300.5
7126672.505	300.5
7126682.455	300.47
7126692.506	300.48
7126702.506	300.47
7126712.507	300.46
7126722.457	300.43
7126732.457	300.42
7126742.458	300.41
7126752.458	300.4
7126762.509	300.39
7126772.509	300.37
7126782.46	300.35
7126792.51	300.32
7126802.46	300.3
7126812.461	300.26
7126822.461	300.23
7126832.512	300.21
7126842.462	300.17
7126852.463	300.16
7126862.463	300.15
7126872.513	300.15
7126882.464	300.13
7126892.514	300.11
7126902.515	300.12
7126912.515	300.11
7126922.466	300.1
7126932.516	300.1
7126942.516	300.1
7126952.517	300.07
7126962.517	300.05
7126972.468	300.04
7126982.468	300.03
7126992.519	300.01
7127002.519	299.99
7127012.519	299.96
7127022.52	299.95
7127032.52	299.92
7127042.521	299.91
7127052.471	299.9
7127062.472	299.87
7127072.472	299.87
7127082.522	299.85
7127092.473	299.85
7127102.523	299.82
7127112.524	299.81
7127122.524	299.8
7127132.475	299.78
7127142.475	299.78
7127152.525	299.75
7127162.476	299.74
7127172.476	299.74
7127182.527	299.73
7127192.477	299.73
7127202.478	299.73
7127212.478	299.7
7127222.478	299.69
7127232.529	299.7
7127242.529	299.71
7127252.48	299.69
7127262.48	299.69
7127272.531	299.66
7127282.531	299.65
7127292.481	299.66
7127302.482	299.65
7127312.482	299.64
7127322.533	298.09
7127332.483	298.31
7127342.484	298.31
7127352.534	298.38
7127362.484	298.54
7127372.535	298.68
7127382.535	298.78
7127392.486	298.86
7127402.486	299.26
7127412.537	300.35
7127422.487	301.17
7127432.537	300.56
7127442.538	300.46
7127452.538	300.34
7127462.539	300.24
7127472.489	300.17
7127482.54	300.09
7127492.49	300.03
7127502.54	300
7127512.491	299.95
7127522.491	299.92
7127532.542	299.9
7127542.542	299.88
7127552.543	299.88
7127562.543	299.86
7127572.493	299.85
7127582.544	299.83
7127592.544	299.83
7127602.545	299.82
7127612.495	299.83
7127622.546	299.8
7127632.546	299.8
7127642.496	299.79
7127652.497	299.78
7127662.497	299.77
7127672.548	299.78
7127682.548	299.76
7127692.549	299.76
7127702.549	299.75
7127712.549	299.74
7127722.5	299.73
7127732.5	299.74
7127742.501	299.71
7127752.501	299.72
7127762.502	299.71
7127772.552	299.69
7127782.552	299.69
7127792.503	299.68
7127802.553	299.65
7127812.504	299.65
7127822.554	299.64
7127832.505	299.64
7127842.505	299.62
7127852.555	299.63
7127862.556	299.61
7127872.506	299.61
7127882.507	299.59
7127892.557	299.58
7127902.557	299.58
7127912.558	299.56
7127922.558	299.55
7127932.509	299.54
7127942.559	299.55
7127952.56	299.51
7127962.56	299.49
7127972.56	299.49
7127982.561	299.48
7127992.511	299.47
7128002.512	299.45
7128012.512	299.44
7128022.563	299.43
7128032.563	299.41
7128042.513	299.42
7128052.514	299.42
7128062.514	299.4
7128072.565	299.39
7128082.565	299.38
7128092.516	299.37
7128102.516	299.35
7128112.566	299.34
7128122.567	299.34
7128132.567	299.33
7128142.568	299.32
7128152.518	299.31
7128162.519	299.29
7128172.569	299.29
7128182.569	299.27
7128192.57	299.28
7128202.52	299.26
7128212.571	299.25
7128222.571	299.23
7128232.522	299.22
7128242.522	299.2
7128252.572	299.19
7128262.523	299.17
7128272.573	299.16
7128282.574	299.15
7128292.574	299.13
7128302.575	299.11
7128312.525	299.1
7128322.575	299.09
7128332.526	299.08
7128342.526	299.08
7128352.577	299.06
7128362.527	299.07
7128372.528	299.06
7128382.528	299.04
7128392.578	299.03
7128402.579	299.02
7128412.579	298.99
7128422.58	298.98
7128432.58	298.99
7128442.581	298.96
7128452.581	298.94
7128462.531	298.92
7128472.582	298.92
7128482.582	298.91
7128492.533	298.89
7128502.583	298.86
7128512.534	298.86
7128522.584	298.84
7128532.534	298.82
7128542.535	298.81
7128552.585	298.78
7128562.536	298.78
7128572.586	298.76
7128582.537	298.74
7128592.537	298.73
7128602.587	298.72
7128612.538	298.7
7128622.588	298.7
7128632.589	298.68
7128642.589	298.67
7128652.59	298.64
7128662.54	298.64
7128672.59	298.64
7128682.591	298.62
7128692.591	298.61
7128702.592	298.61
7128712.592	298.6
7128722.593	298.59
7128732.543	298.6
7128742.593	298.58
7128752.594	298.59
7128762.594	298.57
7128772.595	298.58
7128782.595	298.58
7128792.596	298.57
7128802.546	298.57
7128812.546	298.55
7128822.597	298.55
7128832.597	298.54
7128842.598	298.53
7128852.598	298.53
7128862.599	298.52
7128872.549	298.49
7128882.599	298.49
7128892.6	298.48
7128902.6	298.47
7128912.601	298.47
7128922.551	298.47
7128932.602	298.47
7128942.552	298.44
7128952.602	298.44
7128962.603	298.44
7128972.553	298.42
7128982.604	298.43
7128992.554	298.4
7129002.605	298.41
7129012.555	298.4
7129022.605	298.38
7129032.606	298.37
7129042.556	298.36
7129052.557	298.34
7129062.607	298.33
7129072.558	298.33
7129082.558	298.32
7129092.608	298.31
7129102.609	298.3
7129112.559	298.31
7129122.61	298.3
7129132.61	298.26
7129142.611	298.26
7129152.561	298.24
7129162.611	298.24
7129172.612	298.23
7129182.612	298.23
7129192.613	298.22
7129202.613	298.2
7129212.614	298.22
7129222.614	298.19
7129232.614	298.19
7129242.615	298.18
7129252.615	298.16
7129262.566	298.15
7129272.616	298.15
7129282.617	298.14
7129292.617	298.13
7129302.617	298.12
7129312.618	298.12
7129322.618	298.11
7129332.619	298.11
7129342.619	298.11
7129352.57	298.09
7129362.62	298.09
7129372.62	298.09
7129382.621	298.09
7129392.621	298.07
7129402.622	298.06
7129412.622	298.06
7129422.623	298.05
7129432.623	298.05
7129442.623	298.04
7129452.574	298.02
7129462.574	298.02
7129472.625	298.02
7129482.625	298.02
7129492.626	298
7129502.626	297.99
7129512.626	297.99
7129522.627	297.97
7129532.627	297.97
7129542.628	297.97
7129552.628	297.96
7129562.629	297.94
7129572.579	297.94
7129582.579	297.94
7129592.58	297.93
7129602.63	297.93
7129612.631	297.92
7129622.631	297.91
7129632.582	297.9
7129642.582	297.88
7129652.582	297.88
7129662.633	297.86
7129672.583	297.86
7129682.584	297.84
7129692.634	297.82
7129702.635	297.82
7129712.585	297.81
7129722.585	297.82
7129732.636	297.8
7129742.636	297.78
7129752.637	297.76
7129762.637	297.76
7129772.638	297.75
7129782.638	297.75
7129792.638	297.76
7129802.639	297.74
7129812.589	297.73
7129822.64	297.72
7129832.64	297.72
7129842.641	297.71
7129852.641	297.7
7129862.591	297.7
7129872.642	297.7
7129882.592	297.69
7129892.643	297.68
7129902.643	297.68
7129912.644	297.68
7129922.594	297.69
7129932.594	297.68
7129942.595	297.68
7129952.595	297.68
7129962.596	297.66
7129972.646	297.66
7129982.647	297.66
7129992.597	297.65
7130002.597	297.66
7130012.648	297.65
7130022.648	297.66
7130032.599	297.65
7130042.649	297.66
7130052.6	297.66
7130062.6	297.66
7130072.65	297.66
7130082.651	297.65
7130092.651	297.67
7130102.652	297.65
7130112.652	297.65
7130122.603	297.66
7130132.653	297.65
7130142.653	297.65
7130152.654	297.65
7130162.654	297.64
7130172.605	297.63
7130182.655	297.62
7130192.606	297.62
7130202.606	297.62
7130212.606	297.62
7130222.657	297.62
7130232.657	297.63
7130242.658	297.61
7130252.658	297.62
7130262.659	297.61
7130272.659	297.6
7130282.609	297.61
7130292.61	297.61
7130302.66	297.59
7130312.661	297.58
7130322.611	297.57
7130332.662	297.58
7130342.662	297.57
7130352.662	297.58
7130362.613	297.57
7130372.663	297.58
7130382.614	297.56
7130392.614	297.57
7130402.615	297.56
7130412.665	297.56
7130422.665	297.56
7130432.666	297.55
7130442.666	297.56
7130452.617	297.55
7130462.617	297.53
7130472.618	297.53
7130482.668	297.52
7130492.668	297.53
7130502.669	297.51
7130512.619	297.52
7130522.67	297.51
7130532.67	297.5
7130542.67	297.5
7130552.671	297.5
7130562.621	297.49
7130572.672	297.49
7130582.622	297.47
7130592.673	297.48
7130602.673	297.47
7130612.673	297.46
7130622.624	297.46
7130632.674	297.45
7130642.625	297.46
7130652.625	297.44
7130662.676	297.44
7130672.676	297.45
7130682.676	297.45
7130692.677	297.44
7130702.627	297.44
7130712.678	297.44
7130722.678	297.41
7130732.629	297.42
7130742.679	297.39
7130752.629	297.39
7130762.68	297.38
7130772.63	297.37
7130782.681	297.36
7130792.631	297.37
7130802.632	297.36
7130812.682	297.37
7130822.632	297.37
7130832.633	297.36
7130842.683	297.36
7130852.634	297.37
7130862.684	297.36
7130872.635	297.35
7130882.685	297.36
7130892.635	297.35
7130902.636	297.35
7130912.636	297.35
7130922.637	297.33
7130932.637	297.33
7130942.688	297.33
7130952.638	297.34
7130962.638	297.32
7130972.689	297.32
7130982.639	297.33
7130992.64	297.32
7131002.69	297.33
7131012.691	297.33
7131022.641	297.32
7131032.691	297.32
7131042.642	297.33
7131052.692	297.31
7131062.643	297.32
7131072.643	297.31
7131082.694	297.32
7131092.644	297.32
7131102.694	297.32
7131112.695	297.3
7131122.645	297.3
7131132.696	297.31
7131142.696	297.3
7131152.647	297.31
7131162.697	297.3
7131172.697	297.31
7131182.698	297.3
7131192.698	297.3
7131202.649	297.29
7131212.699	297.29
7131222.7	297.3
7131232.65	297.3
7131242.65	297.29
7131252.651	297.29
7131262.651	297.29
7131272.652	297.28
7131282.652	297.27
7131292.703	297.28
7131302.703	297.28
7131312.703	297.27
7131322.704	297.28
7131332.654	297.29
7131342.655	297.28
7131352.655	297.28
7131362.706	297.29
7131372.656	297.28
7131382.656	297.29
7131392.707	297.29
7131402.707	297.28
7131412.658	297.29
7131422.658	297.27
7131432.659	297.29
7131442.709	297.28
7131452.709	297.31
7131462.71	297.29
7131472.66	297.29
7131482.711	297.29
7131492.711	297.27
7131502.712	297.28
7131512.712	297.28
7131522.712	297.27
7131532.663	297.27
7131542.663	297.26
7131552.714	297.26
7131562.664	297.27
7131572.665	297.26
7131582.715	297.26
7131592.665	297.25
7131602.716	297.27
7131612.716	297.25
7131622.667	297.26
7131632.667	297.24
7131642.668	297.24
7131652.718	297.25
7131662.668	297.25
7131672.719	297.23
7131682.719	297.23
7131692.67	297.22
7131702.67	297.24
7131712.671	297.23
7131722.721	297.22
7131732.721	297.22
7131742.722	297.23
7131752.722	297.24
7131762.723	297.23
7131772.723	297.24
7131782.724	297.23
7131792.674	297.24
7131802.674	297.24
7131812.675	297.24
7131822.675	297.24
7131832.676	297.23
7131842.726	297.24
7131852.677	297.23
7131862.727	297.24
7131872.727	297.24
7131882.678	297.24
7131892.678	297.23
7131902.679	297.23
7131912.729	297.23
7131922.73	297.23
7131932.73	297.22
7131942.73	297.22
7131952.681	297.23
7131962.731	297.23
7131972.732	297.22
7131982.682	297.21
7131992.733	297.21
7132002.733	297.22
7132012.733	297.21
7132022.734	297.22
7132032.734	297.22
7132042.735	297.21
7132052.735	297.21
7132062.736	297.22
7132072.736	297.24
7132082.686	297.23
7132092.737	297.22
7132102.737	297.22
7132112.738	297.23
7132122.688	297.23
7132132.689	297.24
7132142.739	297.25
7132152.739	297.23
7132162.69	297.22
7132172.74	297.23
7132182.741	297.23
7132192.691	297.23
7132202.692	297.23
7132212.742	297.22
7132222.692	297.22
7132232.693	297.22
7132242.693	297.22
7132252.744	297.21
7132262.694	297.22
7132272.745	297.21
7132282.745	297.2
7132292.745	297.2
7132302.696	297.21
7132312.696	297.2
7132322.747	297.19
7132332.697	297.2
7132342.748	297.18
7132352.748	297.18
7132362.748	297.18
7132372.749	297.18
7132382.699	297.17
7132392.75	297.17
7132402.7	297.18
7132412.751	297.16
7132422.751	297.18
7132432.701	297.17
7132442.752	297.17
7132452.752	297.19
7132462.753	297.17
7132472.703	297.18
7132482.754	297.19
7132492.704	297.19
7132502.754	297.19
7132512.755	297.19
7132522.755	297.19
7132532.756	297.19
7132542.756	297.18
7132552.757	297.19
7132562.707	297.19
7132572.707	297.18
7132582.758	297.19
7132592.708	297.18
7132602.709	297.17
7132612.759	297.18
7132622.76	297.19
7132632.76	297.18
7132642.76	297.18
7132652.761	297.19
7132662.761	297.19
7132672.762	297.19
7132682.712	297.2
7132692.713	297.19
7132702.763	297.18
7132712.763	297.19
7132722.714	297.18
7132732.764	297.19
7132742.765	297.18
7132752.765	297.18
7132762.766	297.17
7132772.766	297.18
7132782.766	297.17
7132792.767	297.17
7132802.767	297.17
7132812.768	297.17
7132822.768	297.16
7132832.719	297.18
7132842.719	297.16
7132852.769	297.17
7132862.72	297.17
7132872.77	297.17
7132882.771	297.16
7132892.721	297.17
7132902.772	297.16
7132912.772	297.16
7132922.722	297.16
7132932.723	297.14
7132942.773	297.14
7132952.724	297.14
7132962.774	297.13
7132972.775	297.13
7132982.775	297.14
7132992.725	297.13
7133002.776	297.13
7133012.776	297.13
7133022.777	296.93
7133032.777	296.74
7133042.778	297.11
7133052.728	297.72
7133062.778	298.01
7133072.779	298.35
7133082.779	298.76
7133092.73	299.19
7133102.78	299.88
7133112.781	301.91
7133122.781	304.44
7133132.731	307.52
7133142.782	310.92
7133152.732	314.18
7133162.733	316.92
7133172.783	319.47
7133182.783	323.07
7133192.734	326.52
7133202.784	327.4
7133212.735	328.72
7133222.785	331.48
7133232.786	332.89
7133242.736	333.94
7133252.786	334.28
7133262.737	335.54
7133272.787	335.94
7133282.788	336.25
7133292.788	336.53
7133302.789	339.23
7133312.789	342.18
7133322.789	342.74
7133332.74	343.36
7133342.74	343.81
7133352.791	344.12
7133362.741	344.48
7133372.742	344.69
7133382.742	344.88
7133392.792	344.83
7133402.743	344.4
7133412.793	344.05
7133422.794	343.69
7133432.744	343.24
7133442.745	342.87
7133452.795	342.64
7133462.795	342.51
7133472.746	342.44
7133482.796	342.39
7133492.797	342.37
7133502.797	342.37
7133512.798	342.39
7133522.798	342.4
7133532.748	342.43
7133542.749	342.48
7133552.749	342.51
7133562.8	342.53
7133572.75	342.56
7133582.751	342.6
7133592.751	342.61
7133602.751	342.66
7133612.802	342.7
7133622.802	342.73
7133632.753	342.75
7133642.753	342.77
7133652.804	342.8
7133662.804	342.82
7133672.804	342.85
7133682.805	342.89
7133692.805	342.91
7133702.806	342.94
7133712.756	342.95
7133722.807	342.98
7133732.807	342.99
7133742.757	343
7133752.808	343.03
7133762.808	343.05
7133772.759	343.07
7133782.809	343.09
7133792.76	343.11
7133802.76	343.12
7133812.76	343.14
7133822.761	343.14
7133832.811	343.15
7133842.812	343.18
7133852.762	343.19
7133862.763	343.21
7133872.813	343.21
7133882.813	343.22
7133892.814	343.22
7133902.764	343.22
7133912.765	343.23
7133922.765	343.24
7133932.766	343.22
7133942.816	343.24
7133952.816	343.24
7133962.767	343.23
7133972.767	343.23
7133982.818	343.23
7133992.818	343.23
7134002.769	343.22
7134012.769	343.22
7134022.819	343.22
7134032.77	343.2
7134042.82	343.21
7134052.821	343.21
7134062.821	343.2
7134072.772	343.2
7134082.772	343.2
7134092.772	343.19
7134102.823	343.19
7134112.773	343.18
7134122.824	343.15
7134132.824	343.16
7134142.775	343.15
7134152.775	343.14
7134162.775	343.14
7134172.776	343.12
7134182.776	343.13
7134192.827	343.11
7134202.777	343.11
7134212.778	343.11
7134222.828	343.09
7134232.828	343.09
7134242.779	343.09
7134252.829	343.07
7134262.83	343.05
7134272.83	343.03
7134282.831	343.03
7134292.831	343.04
7134302.781	343.02
7134312.832	343.01
7134322.782	343
7134332.833	342.99
7134342.783	342.97
7134352.834	342.96
7134362.834	342.94
7134372.834	342.94
7134382.785	342.92
7134392.785	342.91
7134402.786	342.9
7134412.836	342.89
7134422.837	342.87
7134432.837	342.85
7134442.787	342.85
7134452.838	342.85
7134462.838	342.84
7134472.839	342.83
7134482.789	342.82
7134492.84	342.8
7134502.84	342.78
7134512.79	342.75
7134522.791	342.74
7134532.841	342.71
7134542.842	342.7
7134552.842	342.69
7134562.793	342.66
7134572.793	342.65
7134582.793	342.63
7134592.794	342.62
7134602.844	342.6
7134612.845	342.57
7134622.795	342.55
7134632.846	342.54
7134642.846	342.51
7134652.846	342.49
7134662.847	342.49
7134672.847	342.47
7134682.848	342.46
7134692.848	342.44
7134702.849	342.41
7134712.849	342.4
7134722.849	342.38
7134732.85	342.37
7134742.8	342.36
7134752.851	342.34
7134762.851	342.32
7134772.852	342.3
7134782.802	342.28
7134792.852	342.26
7134802.803	342.24
7134812.803	342.22
7134822.804	342.2
7134832.854	342.19
7134842.805	342.17
7134852.855	342.16
7134862.805	342.13
7134872.856	342.12
7134882.856	342.12
7134892.807	342.08
7134902.807	342.06
7134912.808	342.03
7134922.808	342.01
7134932.808	341.99
7134942.859	341.98
7134952.859	341.96
7134962.81	341.94
7134972.81	341.93
7134982.861	341.89
7134992.811	341.87
7135002.861	341.85
7135012.862	341.84
7135022.862	341.82
7135032.863	341.8
7135042.813	341.77
7135052.864	341.71
7135062.864	341.72
7135072.864	341.71
7135082.815	341.7
7135092.815	341.69
7135102.866	341.66
7135112.816	341.64
7135122.817	341.64
7135132.867	341.62
7135142.817	341.6
7135152.818	341.59
7135162.818	341.56
7135172.869	341.54
7135182.869	341.54
7135192.87	341.51
7135202.82	341.5
7135212.87	341.48
7135222.871	341.44
7135232.871	341.43
7135242.822	341.41
7135252.822	341.39
7135262.823	341.39
7135272.873	341.36
7135282.823	341.35
7135292.874	341.32
7135302.824	341.3
7135312.825	341.28
7135322.875	341.27
7135332.826	341.25
7135342.826	341.22
7135352.826	341.2
7135362.827	341.18
7135372.827	341.15
7135382.828	341.13
7135392.878	341.12
7135402.829	341.1
7135412.879	341.08
7135422.879	341.06
7135432.83	341.04
7135442.83	341.01
7135452.881	341
7135462.831	341.01
7135472.832	341.01
7135482.832	341.02
7135492.832	341.04
7135502.833	341.06
7135512.833	341.09
7135522.884	341.13
7135532.884	341.13
7135542.885	341.15
7135552.835	341.17
7135562.885	341.17
7135572.836	341.17
7135582.836	341.19
7135592.837	341.17
7135602.837	341.16
7135612.888	341.15
7135622.838	341.14
7135632.838	341.13
7135642.839	341.11
7135652.839	341.1
7135662.84	341.09
7135672.89	341.07
7135682.841	341.05
7135692.891	341.04
7135702.891	341.02
7135712.892	341
7135722.842	340.99
7135732.843	340.97
7135742.893	340.95
7135752.844	340.93
7135762.844	340.92
7135772.844	340.9
7135782.895	340.91
7135792.895	340.9
7135802.896	340.89
7135812.896	340.89
7135822.896	340.88
7135832.897	340.87
7135842.897	340.86
7135852.848	340.84
7135862.898	340.84
7135872.899	340.82
7135882.849	340.8
7135892.899	340.79
7135902.85	340.78
7135912.85	340.75
7135922.851	340.73
7135932.901	340.73
7135942.902	340.72
7135952.902	340.71
7135962.852	340.74
7135972.853	340.74
7135982.853	340.76
7135992.904	340.78
7136002.854	340.81
7136012.855	340.83
7136022.855	340.86
7136032.905	340.89
7136042.906	340.9
7136052.856	340.91
7136062.907	340.92
7136072.857	340.91
7136082.908	340.91
7136092.858	340.89
7136102.908	340.89
7136112.909	340.87
7136122.909	340.86
7136132.91	340.83
7136142.91	340.82
7136152.861	340.8
7136162.911	340.79
7136172.911	340.77
7136182.862	340.76
7136192.862	340.74
7136202.913	340.73
7136212.863	340.72
7136222.914	340.7
7136232.864	340.67
7136242.914	340.67
7136252.865	340.63
7136262.865	340.63
7136272.916	340.61
7136282.916	340.6
7136292.917	340.58
7136302.867	340.57
7136312.867	340.54
7136322.918	340.54
7136332.868	340.51
7136342.869	340.49
7136352.919	340.48
7136362.87	340.48
7136372.87	340.45
7136382.92	340.47
7136392.921	340.47
7136402.871	340.48
7136412.872	340.5
7136422.922	340.53
7136432.873	340.52
7136442.873	340.56
7136452.873	340.6
7136462.874	340.61
7136472.874	340.62
7136482.875	340.64
7136492.875	340.67
7136502.926	340.67
7136512.876	340.67
7136522.926	340.65
7136532.927	340.64
7136542.927	340.64
7136552.878	340.62
7136562.878	340.6
7136572.929	340.59
7136582.879	340.57
7136592.879	340.56
7136602.93	340.53
7136612.93	340.53
7136622.881	340.5
7136632.931	340.49
7136642.882	340.49
7136652.932	340.47
7136662.932	340.44
7136672.883	340.42
7136682.883	340.4
7136692.884	340.4
7136702.884	340.38
7136712.885	340.37
7136722.885	340.35
7136732.885	340.34
7136742.936	340.33
7136752.936	340.32
7136762.937	340.29
7136772.887	340.29
7136782.938	340.28
7136792.888	340.27
7136802.938	340.27
7136812.939	340.27
7136822.889	340.29
7136832.89	340.31
7136842.89	340.35
7136852.891	340.38
7136862.891	340.42
7136872.891	340.43
7136882.942	340.47
7136892.892	340.47
7136902.893	340.47
7136912.943	340.47
7136922.944	340.46
7136932.944	340.44
7136942.894	340.44
7136952.895	340.44
7136962.945	340.42
7136972.946	340.42
7136982.896	340.39
7136992.897	340.39
7137002.947	340.39
7137012.947	340.38
7137022.948	340.35
7137032.898	340.34
7137042.899	340.33
7137052.899	340.31
7137062.9	340.3
7137072.9	340.29
7137082.95	340.26
7137092.901	340.25
7137102.951	340.26
7137112.902	340.24
7137122.952	340.22
7137132.953	340.2
7137142.903	340.19
7137152.903	340.18
7137162.954	340.16
7137172.904	340.15
7137182.955	340.15
7137192.905	340.15
7137202.956	340.15
7137212.956	340.17
7137222.956	340.2
7137232.957	340.21
7137242.907	340.26
7137252.958	340.28
7137262.958	340.3
7137272.959	340.33
7137282.909	340.35
7137292.959	340.37
7137302.91	340.37
7137312.91	340.39
7137322.961	340.38
7137332.911	340.38
7137342.912	340.38
7137352.962	340.36
7137362.962	340.36
7137372.913	340.34
7137382.963	340.31
7137392.964	340.3
7137402.964	340.29
7137412.965	340.28
7137422.915	340.26
7137432.965	340.25
7137442.916	340.24
7137452.966	340.22
7137462.967	340.21
7137472.967	340.19
7137482.918	340.19
7137492.918	340.18
7137502.968	340.16
7137512.969	340.15
7137522.919	340.13
7137532.97	340.14
7137542.92	340.13
7137552.921	340.11
7137562.971	340.11
7137572.921	340.1
7137582.922	340.13
7137592.922	340.14
7137602.923	340.17
7137612.923	340.2
7137622.924	340.24
7137632.924	340.28
7137642.974	340.33
7137652.925	340.37
7137662.925	340.41
7137672.926	340.47
7137682.926	340.49
7137692.977	340.51
7137702.927	340.52
7137712.977	340.53
7137722.978	340.52
7137732.928	340.52
7137742.979	340.53
7137752.929	340.53
7137762.93	340.51
7137772.98	340.52
7137782.98	340.5
7137792.931	340.49
7137802.931	340.5
7137812.932	340.48
7137822.932	340.47
7137832.983	340.46
7137842.983	340.47
7137852.983	340.45
7137862.934	340.44
7137872.984	340.43
7137882.935	340.42
7137892.935	340.41
7137902.936	340.4
7137912.986	340.4
7137922.986	340.39
7137932.987	340.39
7137942.937	340.4
7137952.938	340.39
7137962.988	340.38
7137972.939	340.39
7137982.989	340.39
7137992.989	340.38
7138002.99	340.41
7138012.94	340.41
7138022.941	340.45
7138032.941	340.47
7138042.942	340.5
7138052.992	340.54
7138062.942	340.56
7138072.993	340.59
7138082.943	340.63
7138092.994	340.65
7138102.944	340.66
7138112.945	340.67
7138122.945	340.67
7138132.945	340.7
7138142.996	340.68
7138152.946	340.69
7138162.947	340.7
7138172.947	340.69
7138182.948	340.68
7138192.948	340.67
7138202.998	340.67
7138212.999	340.66
7138222.949	340.64
7138232.95	340.64
7138243	340.64
7138252.951	340.63
7138262.951	340.6
7138273.001	340.6
7138282.952	340.59
7138292.952	340.57
7138302.953	340.57
7138312.953	340.57
7138322.954	340.56
7138333.004	340.55
7138343.004	340.53
7138352.955	340.53
7138363.005	340.52
7138372.956	340.51
7138382.956	340.5
7138392.957	340.48
7138402.957	340.48
7138412.957	340.47
7138422.958	340.48
7138432.958	340.51
7138442.959	340.54
7138452.959	340.58
7138462.96	340.6
7138472.96	340.64
7138482.96	340.66
7138492.961	340.71
7138502.961	340.74
7138513.012	340.79
7138522.962	340.84
7138533.012	340.87
7138543.013	340.9
7138552.963	340.93
7138563.014	340.95
7138572.964	340.96
7138582.965	340.97
7138592.965	340.98
7138603.015	340.98
7138613.016	340.99
7138623.016	340.99
7138632.967	340.98
7138642.967	340.98
7138652.968	340.97
7138663.018	340.96
7138673.018	340.96
7138683.019	340.97
7138693.019	340.97
7138702.97	340.97
7138712.97	340.96
7138723.021	340.97
7138732.971	340.96
7138743.021	340.94
7138753.022	340.94
7138762.972	340.91
7138773.023	340.91
7138782.973	340.91
7138792.974	340.9
7138802.974	340.89
7138812.974	340.88
7138823.025	340.86
7138833.025	340.87
7138843.026	340.85
7138852.976	340.84
7138862.977	340.84
7138873.027	340.83
7138882.977	340.83
7138893.028	340.8
7138902.978	340.83
7138913.029	340.84
7138922.979	340.86
7138933.03	340.89
7138943.03	340.92
7138952.98	340.95
7138963.031	340.98
7138973.031	341.02
7138983.032	341.06
7138993.032	341.1
7139003.033	341.16
7139013.033	341.19
7139023.033	341.21
7139032.984	341.25
7139043.034	341.26
7139052.985	341.26
7139063.035	341.26
7139072.986	341.25
7139083.036	341.25
7139092.986	341.24
7139102.987	341.24
7139112.987	341.22
7139122.988	341.21
7139133.038	341.2
7139142.989	341.18
7139153.039	341.18
7139163.039	341.17
7139172.99	341.15
7139182.99	341.14
7139193.041	341.12
7139203.041	341.11
7139212.992	341.1
7139222.992	341.09
7139233.042	341.08
7139242.993	341.05
7139253.043	341.05
7139263.044	341.03
7139273.044	341.01
7139283.045	341.01
7139292.995	340.99
7139303.045	340.97
7139312.996	340.95
7139323.046	340.93
7139332.997	340.93
7139342.997	340.91
7139352.998	340.9
7139363.048	340.9
7139372.998	340.89
7139383.049	340.87
7139393.049	340.87
7139403	340.85
7139413	340.84
7139423.001	340.84
7139433.051	340.83
7139443.001	340.84
7139453.052	340.85
7139463.002	340.87
7139473.003	340.89
7139483.003	340.92
7139493.054	340.93
7139503.004	340.97
7139513.004	341
7139523.055	341.04
7139533.055	341.08
7139543.006	341.12
7139553.056	341.14
7139563.007	341.17
7139573.057	341.19
7139583.007	341.21
7139593.008	341.23
7139603.008	341.22
7139613.059	341.23
7139623.009	341.22
7139633.06	341.23
7139643.06	341.25
7139653.06	341.22
7139663.061	341.22
7139673.011	341.21
7139683.062	341.21
7139693.012	341.2
7139703.013	341.2
7139713.063	341.2
7139723.063	341.19
7139733.014	341.18
7139743.014	341.17
7139753.015	341.17
7139763.065	341.17
7139773.066	341.15
7139783.016	341.14
7139793.066	341.12
7139803.017	341.12
7139813.067	341.11
7139823.068	341.1
7139833.018	341.1
7139843.019	341.08
7139853.069	341.09
7139863.019	341.08
7139873.02	341.07
7139883.02	341.05
7139893.071	341.05
7139903.021	341.04
7139913.072	341.04
7139923.072	341.03
7139933.022	341.02
7139943.023	341.01
7139953.073	341
7139963.024	340.99
7139973.024	341
7139983.025	340.98
7139993.025	340.98
7140003.025	340.97
7140013.076	340.98
7140023.026	340.96
7140033.027	340.97
7140043.027	340.96
7140053.028	340.98
7140063.078	340.99
7140073.028	341.02
7140083.079	341.04
7140093.079	341.07
7140103.08	341.09
7140113.03	341.14
7140123.081	341.17
7140133.031	341.22
7140143.081	341.24
7140153.082	341.27
7140163.032	341.29
7140173.083	341.3
7140183.033	341.3
7140193.084	341.31
7140203.084	341.31
7140213.084	341.31
7140223.085	341.3
7140233.035	341.31
7140243.036	341.31
7140253.086	341.3
7140263.087	341.31
7140273.037	341.3
7140283.087	341.29
7140293.088	341.28
7140303.088	341.29
7140313.089	341.27
7140323.039	341.27
7140333.04	341.24
7140343.04	341.24
7140353.04	341.23
7140363.091	341.22
7140373.041	341.21
7140383.042	341.21
7140393.042	341.19
7140403.043	341.19
7140413.043	341.19
7140423.093	341.18
7140433.094	341.17
7140443.044	341.17
7140453.095	341.16
7140463.045	341.15
7140473.096	341.14
7140483.046	341.13
7140493.046	341.13
7140503.097	341.11
7140513.047	341.11
7140523.048	341.07
7140533.048	341.08
7140543.049	341.06
7140553.049	341.06
7140563.049	341.02
7140573.05	341.02
7140583.1	341.02
7140593.101	341.01
7140603.051	341
7140613.102	341.01
7140623.102	341.02
7140633.102	341.03
7140643.103	341.06
7140653.053	341.08
7140663.054	341.12
7140673.054	341.15
7140683.105	341.18
7140693.105	341.21
7140703.105	341.23
7140713.106	341.25
7140723.056	341.27
7140733.057	341.26
7140743.107	341.28
7140753.108	341.29
7140763.108	341.28
7140773.108	341.27
7140783.109	341.27
7140793.109	341.27
7140803.11	341.27
7140813.06	341.26
7140823.061	341.25
7140833.111	341.25
7140843.061	341.25
7140853.112	341.25
7140863.062	341.23
7140873.113	341.24
7140883.113	341.22
7140893.064	341.23
7140903.064	341.22
7140913.114	341.2
7140923.065	341.2
7140933.065	341.18
7140943.116	341.17
7140953.066	341.19
7140963.067	341.17
7140973.067	341.17
7140983.117	341.17
7140993.118	341.16
7141003.068	341.15
7141013.119	341.13
7141023.119	341.12
7141033.12	341.12
7141043.12	341.12
7141053.07	341.1
7141063.121	341.09
7141073.121	341.08
7141083.122	341.07
7141093.072	341.07
7141103.122	341.05
7141113.073	341.03
7141123.123	341.04
7141133.124	341.02
7141143.074	341
7141153.075	341
7141163.125	340.98
7141173.075	341
7141183.076	341
7141193.126	341.04
7141203.127	341.07
7141213.127	341.1
7141223.078	341.13
7141233.128	341.13
7141243.128	341.17
7141253.129	341.19
7141263.129	341.22
7141273.13	341.24
7141283.13	341.24
7141293.131	341.24
7141303.131	341.25
7141313.081	341.25
7141323.082	341.25
7141333.132	341.24
7141343.083	341.22
7141353.133	341.22
7141363.134	340.98
7141373.134	340.51
7141383.084	340.24
7141393.135	339.99
7141403.135	339.68
7141413.136	339.37
7141423.136	338.96
7141433.087	338.6
7141443.137	338.24
7141453.087	337.9
7141463.138	337.58
7141473.138	337.22
7141483.089	336.76
7141493.089	336.4
7141503.14	336.01
7141513.14	335.62
7141523.14	335.21
7141533.141	334.7
7141543.141	334.31
7141553.142	333.91
7141563.142	333.53
7141573.143	333.17
31557185.89	0