#1			
float	DNI_THTFin_vdot(1779,4)		
0	0	273.15	0
7123322.711	0.9	297.21	0.000003236
7123522.37	1.6	297.95	0.000003242
7123822.333	0.9	296.48	0
7123832.383	1	296.54	0
7123842.334	1	296.56	0
7123852.334	1	296.56	0
7123862.335	0.9	296.58	0
7123872.385	0.9	296.58	0
7123882.335	0.9	296.58	0
7123892.336	1	296.62	0
7123902.386	1	296.71	0
7123912.387	1	296.85	0
7123922.387	1	297.06	0
7123932.338	0.9	297.41	0
7123942.388	0.9	297.71	0
7123952.388	1	298.15	0
7123962.389	1	298.54	0
7123972.339	1	298.92	0
7123982.39	1	299.31	0
7123992.34	0.9	300.16	0
7124002.391	0.9	300.89	0
7124012.391	1	301.45	0
7124022.391	0.9	301.84	0
7124032.392	0.9	302.13	0
7124042.392	1	302.31	0
7124052.343	1	302.47	0
7124062.393	0.9	302.62	0
7124072.394	1	302.78	0
7124082.394	1	302.88	0
7124092.344	1	303.01	0
7124102.395	1	303.14	0
7124112.395	1	303.3	0
7124122.346	1	303.41	0
7124132.396	1	303.42	0
7124142.397	1	303.56	0
7124152.397	1	303.65	0
7124162.347	1	303.72	0
7124172.398	1	303.73	0
7124182.348	1	303.48	0
7124192.399	0.9	303.28	0
7124202.399	1	303.18	0
7124212.4	1	303.08	0
7124222.4	1	303	0
7124232.4	1	302.91	0
7124242.401	1	302.82	0
7124252.401	1	302.77	0
7124262.402	1	302.71	0
7124272.352	1.1	302.67	0
7124282.403	1	302.61	0
7124292.403	1	302.57	0
7124302.403	0.9	302.53	0
7124312.354	1	302.5	0
7124322.354	1	302.45	0
7124332.405	1	302.43	0
7124342.405	1	302.4	0
7124352.356	1	302.37	0
7124362.356	0.9	302.32	0
7124372.356	1	302.28	0
7124382.407	1	302.24	0
7124392.407	1	302.21	0
7124402.408	1	302.18	0
7124412.358	1	302.15	0
7124422.409	1	302.1	0
7124432.409	1	302.07	0
7124442.409	1	302.05	0
7124452.41	1	302.01	0
7124462.36	1	301.98	0
7124472.361	0.9	301.95	0
7124482.361	1	301.91	0
7124492.362	1	301.88	0
7124502.362	1	301.85	0
7124512.412	1	301.83	0
7124522.363	1	301.8	0
7124532.413	1	301.76	0
7124542.414	1	301.73	0
7124552.364	1	301.69	0
7124562.415	1	301.68	0
7124572.415	1	301.65	0
7124582.415	1	301.62	0
7124592.416	1	301.59	0
7124602.416	1	301.56	0
7124612.367	1	301.55	0
7124622.367	1	301.51	0
7124632.418	1	301.48	0
7124642.418	1	301.46	0
7124652.418	1	301.44	0
7124662.419	1	301.41	0
7124672.369	1	301.39	0
7124682.42	1	301.34	0
7124692.37	1	301.32	0
7124702.371	1	301.3	0
7124712.421	1	301.26	0
7124722.371	1	301.25	0
7124732.372	1	301.21	0
7124742.422	1	301.19	0
7124752.423	1	301.16	0
7124762.373	1	301.14	0
7124772.424	1	301.11	0
7124782.424	1	301.08	0
7124792.424	1	301.06	0
7124802.425	1	301.04	0
7124812.375	1.1	301	0
7124822.376	1	300.98	0
7124832.426	1	300.95	0
7124842.427	1	300.93	0
7124852.427	1	300.9	0
7124862.427	1	300.88	0
7124872.378	1	300.84	0
7124882.378	1	300.84	0
7124892.379	1	300.82	0
7124902.429	1	300.81	0
7124912.38	0.9	300.78	0
7124922.43	1	300.77	0
7124932.43	1	300.75	0
7124942.381	1	300.73	0
7124952.431	1	300.7	0
7124962.432	1	300.7	0
7124972.382	1	300.67	0
7124982.433	1	300.66	0
7124992.433	1.1	300.65	0
7125002.383	1	300.63	0
7125012.434	1	300.61	0
7125022.434	1	300.61	0
7125032.435	1	300.59	0
7125042.435	1	300.57	0
7125052.436	1	300.56	0
7125062.436	1	300.54	0
7125072.436	1	300.55	0
7125082.437	1	300.53	0
7125092.437	1	300.52	0
7125102.388	1	300.53	0
7125112.388	1	300.52	0
7125122.439	0.9	300.5	0
7125132.389	1	300.48	0
7125142.439	1	300.47	0
7125152.44	1	300.45	0
7125162.44	1	300.45	0
7125172.441	1	300.42	0
7125182.441	1	300.42	0
7125192.441	1	300.41	0
7125202.392	1	300.41	0
7125212.442	1	300.4	0
7125222.443	1	300.41	0
7125232.393	1	300.4	0
7125242.394	1	300.39	0
7125252.444	1	300.44	0
7125262.444	1	300.45	0
7125272.445	1	300.47	0
7125282.445	1	300.48	0
7125292.396	1	300.48	0
7125302.396	1	300.48	0
7125312.397	1	300.48	0
7125322.447	1	300.49	0
7125332.447	1	300.5	0
7125342.448	1	300.49	0
7125352.398	1	300.5	0
7125362.449	1	300.5	0
7125372.399	0.9	300.53	0
7125382.45	1	300.54	0
7125392.4	0.9	300.56	0
7125402.45	1	300.58	0
7125412.451	1	300.62	0
7125422.401	0.9	300.61	0
7125432.452	1	300.64	0
7125442.402	0.9	300.65	0
7125452.453	1	300.65	0
7125462.453	0.9	300.69	0
7125472.403	1	300.71	0
7125482.404	1	300.72	0
7125492.404	1	300.7	0
7125502.405	1	300.72	0
7125512.405	1	300.73	0
7125522.456	1	300.71	0
7125532.456	1	300.71	0
7125542.406	1	300.72	0
7125552.457	1	300.71	0
7125562.407	1	300.72	0
7125572.458	0.9	300.72	0
7125582.408	0.9	300.72	0
7125592.459	1	300.73	0
7125602.459	1	300.74	0
7125612.409	1	300.73	0
7125622.46	1	300.74	0
7125632.46	1	300.75	0
7125642.411	1	300.74	0
7125652.411	1	300.75	0
7125662.412	1	300.75	0
7125672.462	1	300.75	0
7125682.412	1	300.75	0
7125692.463	0.9	300.76	0
7125702.463	1	300.75	0
7125712.464	1	300.76	0
7125722.414	1	300.77	0
7125732.465	1	300.77	0
7125742.465	1	300.77	0
7125752.415	1	300.77	0
7125762.466	1	300.78	0
7125772.416	1	300.77	0
7125782.467	0.9	300.78	0
7125792.467	0.9	300.78	0
7125802.468	1	300.77	0
7125812.468	1	300.77	0
7125822.468	1	300.76	0
7125832.469	0.9	300.75	0
7125842.469	1	300.77	0
7125852.47	1	300.77	0
7125862.42	1	300.77	0
7125872.471	1	300.77	0
7125882.471	1	300.75	0
7125892.471	1	300.76	0
7125902.422	1	300.79	0
7125912.422	1	300.81	0
7125922.473	1	300.83	0
7125932.473	0.9	300.84	0
7125942.474	1	300.84	0
7125952.474	1	300.83	0
7125962.424	1	300.82	0
7125972.475	1	300.82	0
7125982.475	1	300.82	0
7125992.476	1	300.82	0
7126002.476	1	300.82	0
7126012.477	1	300.81	0
7126022.477	1	300.81	0
7126032.427	1	300.81	0
7126042.428	1	300.8	0
7126052.478	1	300.79	0
7126062.429	1	300.81	0
7126072.429	1	300.81	0
7126082.48	1	300.79	0
7126092.48	1	300.82	0
7126102.43	1	300.83	0
7126112.481	1	300.74	0
7126122.481	1	300.67	0
7126132.432	1	300.62	0
7126142.482	0.9	300.57	0
7126152.433	1	300.5	0
7126162.483	1	300.44	0
7126172.483	1	300.37	0
7126182.484	1	300.36	0
7126192.434	0.9	300.27	0
7126202.485	1	300.27	0
7126212.435	1	300.28	0
7126222.436	1	300.28	0
7126232.486	1	300.29	0
7126242.436	0.9	300.28	0
7126252.487	1	300.28	0
7126262.437	1	300.27	0
7126272.488	1	300.26	0
7126282.488	1	300.26	0
7126292.439	1	300.29	0
7126302.489	1	301.72	0
7126312.489	1	301.05	0
7126322.49	1	300.87	0
7126332.44	1	300.89	0
7126342.491	1	300.8	0
7126352.441	0.9	300.78	0
7126362.442	1	300.75	0
7126372.492	1	300.73	0
7126382.442	1	300.71	0
7126392.493	1	300.71	0
7126402.443	0.9	300.69	0
7126412.444	1	300.68	0
7126422.444	1	300.67	0
7126432.445	1	300.66	0
7126442.445	0.9	300.66	0
7126452.495	1	300.63	0
7126462.446	0.9	300.63	0
7126472.496	1	300.61	0
7126482.497	0.9	300.61	0
7126492.497	1	300.59	0
7126502.498	1	300.59	0
7126512.498	1	300.59	0
7126522.498	1	300.58	0
7126532.499	1	300.57	0
7126542.499	1	300.56	0
7126552.5	1	300.52	0
7126562.5	1	300.52	0
7126572.451	1	300.49	0
7126582.501	1	300.48	0
7126592.501	0.9	300.46	0
7126602.502	1	300.45	0
7126612.502	1	300.5	0
7126622.503	0.9	300.53	0
7126632.453	1	300.52	0
7126642.504	0.9	300.51	0
7126652.504	0.9	300.51	0
7126662.454	1	300.5	0
7126672.505	0.9	300.5	0
7126682.455	1	300.47	0
7126692.506	0.9	300.48	0
7126702.506	1	300.47	0
7126712.507	0.9	300.46	0
7126722.457	1	300.43	0
7126732.457	1	300.42	0
7126742.458	1	300.41	0
7126752.458	1	300.4	0
7126762.509	1	300.39	0
7126772.509	1	300.37	0
7126782.46	0.9	300.35	0
7126792.51	1	300.32	0
7126802.46	1	300.3	0
7126812.461	1	300.26	0
7126822.461	1	300.23	0
7126832.512	1	300.21	0
7126842.462	0.9	300.17	0
7126852.463	1	300.16	0
7126862.463	1	300.15	0
7126872.513	0.9	300.15	0
7126882.464	0.9	300.13	0
7126892.514	0.9	300.11	0
7126902.515	1	300.12	0
7126912.515	0.9	300.11	0
7126922.466	1	300.1	0
7126932.516	1	300.1	0
7126942.516	1	300.1	0
7126952.517	1	300.07	0
7126962.517	1	300.05	0
7126972.468	1	300.04	0
7126982.468	1	300.03	0
7126992.519	1	300.01	0
7127002.519	1	299.99	0
7127012.519	1	299.96	0
7127022.52	1	299.95	0
7127032.52	1	299.92	0
7127042.521	1	299.91	0
7127052.471	1	299.9	0
7127062.472	0.9	299.87	0
7127072.472	1	299.87	0
7127082.522	0.9	299.85	0
7127092.473	0.9	299.85	0
7127102.523	1	299.82	0
7127112.524	1	299.81	0
7127122.524	0.9	299.8	0
7127132.475	1	299.78	0
7127142.475	1	299.78	0
7127152.525	1	299.75	0
7127162.476	0.9	299.74	0
7127172.476	1	299.74	0
7127182.527	0.9	299.73	0
7127192.477	0.9	299.73	0
7127202.478	1	299.73	0
7127212.478	1	299.7	0
7127222.478	1	299.69	0
7127232.529	0.9	299.7	0
7127242.529	1	299.71	0
7127252.48	0.9	299.69	0
7127262.48	1	299.69	0
7127272.531	0.9	299.66	0
7127282.531	0.9	299.65	0
7127292.481	1	299.66	0
7127302.482	0.9	299.65	0
7127312.482	1	299.64	0
7127322.533	0.9	298.09	0
7127332.483	0.9	298.31	0
7127342.484	1	298.31	0
7127352.534	1	298.38	0
7127362.484	0.9	298.54	0
7127372.535	1	298.68	0
7127382.535	0.9	298.78	0
7127392.486	1	298.86	0
7127402.486	0.9	299.26	0
7127412.537	0.9	300.35	0
7127422.487	0.9	301.17	0
7127432.537	1	300.56	0
7127442.538	1	300.46	0
7127452.538	1	300.34	0
7127462.539	1	300.24	0
7127472.489	0.9	300.17	0
7127482.54	0.9	300.09	0
7127492.49	1	300.03	0
7127502.54	0.9	300	0
7127512.491	0.9	299.95	0
7127522.491	1	299.92	0
7127532.542	1	299.9	0
7127542.542	0.9	299.88	0
7127552.543	1	299.88	0
7127562.543	1	299.86	0
7127572.493	0.9	299.85	0
7127582.544	1	299.83	0
7127592.544	1	299.83	0
7127602.545	1	299.82	0
7127612.495	1	299.83	0
7127622.546	1	299.8	0
7127632.546	1	299.8	0
7127642.496	1	299.79	0
7127652.497	1	299.78	0
7127662.497	0.9	299.77	0
7127672.548	0.9	299.78	0
7127682.548	1	299.76	0
7127692.549	1	299.76	0
7127702.549	1	299.75	0
7127712.549	1	299.74	0
7127722.5	1	299.73	0
7127732.5	0.9	299.74	0
7127742.501	1	299.71	0
7127752.501	0.9	299.72	0
7127762.502	1	299.71	0
7127772.552	1	299.69	0
7127782.552	0.9	299.69	0
7127792.503	1	299.68	0
7127802.553	1	299.65	0
7127812.504	0.9	299.65	0
7127822.554	1	299.64	0
7127832.505	0.9	299.64	0
7127842.505	1	299.62	0
7127852.555	1	299.63	0
7127862.556	1	299.61	0
7127872.506	1	299.61	0
7127882.507	0.9	299.59	0
7127892.557	1	299.58	0
7127902.557	1	299.58	0
7127912.558	1	299.56	0
7127922.558	0.9	299.55	0
7127932.509	0.9	299.54	0
7127942.559	1	299.55	0
7127952.56	1	299.51	0
7127962.56	1	299.49	0
7127972.56	1	299.49	0
7127982.561	1	299.48	0
7127992.511	0.9	299.47	0
7128002.512	0.9	299.45	0
7128012.512	1	299.44	0
7128022.563	0.9	299.43	0
7128032.563	0.9	299.41	0
7128042.513	1	299.42	0
7128052.514	1	299.42	0
7128062.514	1	299.4	0
7128072.565	1	299.39	0
7128082.565	1	299.38	0
7128092.516	1	299.37	0
7128102.516	0.9	299.35	0
7128112.566	1	299.34	0
7128122.567	1	299.34	0
7128132.567	1	299.33	0
7128142.568	1	299.32	0
7128152.518	0.9	299.31	0
7128162.519	1	299.29	0
7128172.569	0.9	299.29	0
7128182.569	0.9	299.27	0
7128192.57	1	299.28	0
7128202.52	1	299.26	0
7128212.571	1	299.25	0
7128222.571	1	299.23	0
7128232.522	1	299.22	0
7128242.522	1	299.2	0
7128252.572	1	299.19	0
7128262.523	1	299.17	0
7128272.573	0.9	299.16	0
7128282.574	1	299.15	0
7128292.574	1	299.13	0
7128302.575	1	299.11	0
7128312.525	1	299.1	0
7128322.575	0.9	299.09	0
7128332.526	1	299.08	0
7128342.526	0.9	299.08	0
7128352.577	1	299.06	0
7128362.527	0.9	299.07	0
7128372.528	0.9	299.06	0
7128382.528	1	299.04	0
7128392.578	1	299.03	0
7128402.579	1	299.02	0
7128412.579	0.9	298.99	0
7128422.58	0.9	298.98	0
7128432.58	0.9	298.99	0
7128442.581	1	298.96	0
7128452.581	1	298.94	0
7128462.531	0.9	298.92	0
7128472.582	1	298.92	0
7128482.582	1	298.91	0
7128492.533	0.9	298.89	0
7128502.583	1	298.86	0
7128512.534	0.9	298.86	0
7128522.584	0.9	298.84	0
7128532.534	0.9	298.82	0
7128542.535	0.9	298.81	0
7128552.585	1	298.78	0
7128562.536	1	298.78	0
7128572.586	1	298.76	0
7128582.537	1	298.74	0
7128592.537	0.9	298.73	0
7128602.587	0.9	298.72	0
7128612.538	0.9	298.7	0
7128622.588	1	298.7	0
7128632.589	1	298.68	0
7128642.589	0.9	298.67	0
7128652.59	1	298.64	0
7128662.54	1	298.64	0
7128672.59	1	298.64	0
7128682.591	1	298.62	0
7128692.591	1	298.61	0
7128702.592	1	298.61	0
7128712.592	0.9	298.6	0
7128722.593	1	298.59	0
7128732.543	0.9	298.6	0
7128742.593	0.9	298.58	0
7128752.594	1	298.59	0
7128762.594	0.9	298.57	0
7128772.595	0.9	298.58	0
7128782.595	1	298.58	0
7128792.596	1	298.57	0
7128802.546	1	298.57	0
7128812.546	0.9	298.55	0
7128822.597	1	298.55	0
7128832.597	1	298.54	0
7128842.598	1	298.53	0
7128852.598	0.9	298.53	0
7128862.599	0.9	298.52	0
7128872.549	0.9	298.49	0
7128882.599	0.9	298.49	0
7128892.6	1	298.48	0
7128902.6	1	298.47	0
7128912.601	1	298.47	0
7128922.551	1	298.47	0
7128932.602	1	298.47	0
7128942.552	1	298.44	0
7128952.602	1	298.44	0
7128962.603	0.9	298.44	0
7128972.553	1	298.42	0
7128982.604	1	298.43	0
7128992.554	1	298.4	0
7129002.605	1	298.41	0
7129012.555	1	298.4	0
7129022.605	1	298.38	0
7129032.606	0.9	298.37	0
7129042.556	0.9	298.36	0
7129052.557	1	298.34	0
7129062.607	1	298.33	0
7129072.558	0.9	298.33	0
7129082.558	1	298.32	0
7129092.608	1	298.31	0
7129102.609	1	298.3	0
7129112.559	0.9	298.31	0
7129122.61	1	298.3	0
7129132.61	1	298.26	0
7129142.611	1	298.26	0
7129152.561	1	298.24	0
7129162.611	1	298.24	0
7129172.612	1	298.23	0
7129182.612	1	298.23	0
7129192.613	1	298.22	0
7129202.613	1	298.2	0
7129212.614	1	298.22	0
7129222.614	1	298.19	0
7129232.614	1	298.19	0
7129242.615	1	298.18	0
7129252.615	1	298.16	0
7129262.566	1	298.15	0
7129272.616	0.9	298.15	0
7129282.617	0.9	298.14	0
7129292.617	1	298.13	0
7129302.617	1	298.12	0
7129312.618	1	298.12	0
7129322.618	1	298.11	0
7129332.619	1	298.11	0
7129342.619	1	298.11	0
7129352.57	1	298.09	0
7129362.62	1	298.09	0
7129372.62	1	298.09	0
7129382.621	1	298.09	0
7129392.621	1	298.07	0
7129402.622	1	298.06	0
7129412.622	1	298.06	0
7129422.623	1	298.05	0
7129432.623	1	298.05	0
7129442.623	1	298.04	0
7129452.574	0.9	298.02	0
7129462.574	1	298.02	0
7129472.625	1	298.02	0
7129482.625	1	298.02	0
7129492.626	1	298	0
7129502.626	1	297.99	0
7129512.626	1	297.99	0
7129522.627	1	297.97	0
7129532.627	1	297.97	0
7129542.628	1	297.97	0
7129552.628	1	297.96	0
7129562.629	1	297.94	0
7129572.579	1	297.94	0
7129582.579	1	297.94	0
7129592.58	1	297.93	0
7129602.63	1.1	297.93	0
7129612.631	1	297.92	0
7129622.631	1	297.91	0
7129632.582	1	297.9	0
7129642.582	1	297.88	0
7129652.582	1	297.88	0
7129662.633	1	297.86	0
7129672.583	1	297.86	0
7129682.584	1	297.84	0
7129692.634	1	297.82	0
7129702.635	1	297.82	0
7129712.585	1	297.81	0
7129722.585	1	297.82	0
7129732.636	1	297.8	0
7129742.636	1	297.78	0
7129752.637	1	297.76	0
7129762.637	1	297.76	0
7129772.638	1	297.75	0
7129782.638	1.1	297.75	0
7129792.638	1	297.76	0
7129802.639	1	297.74	0
7129812.589	1	297.73	0
7129822.64	1	297.72	0
7129832.64	1	297.72	0
7129842.641	1	297.71	0
7129852.641	1.1	297.7	0
7129862.591	1	297.7	0
7129872.642	1	297.7	0
7129882.592	1	297.69	0
7129892.643	1	297.68	0
7129902.643	1	297.68	0
7129912.644	1	297.68	0
7129922.594	1	297.69	0
7129932.594	1	297.68	0
7129942.595	1	297.68	0
7129952.595	1	297.68	0
7129962.596	1	297.66	0
7129972.646	1	297.66	0
7129982.647	1	297.66	0
7129992.597	1	297.65	0
7130002.597	1	297.66	0
7130012.648	1	297.65	0
7130022.648	1	297.66	0
7130032.599	1	297.65	0
7130042.649	1	297.66	0
7130052.6	1	297.66	0
7130062.6	1	297.66	0
7130072.65	1	297.66	0
7130082.651	1.1	297.65	0
7130092.651	1	297.67	0
7130102.652	1	297.65	0
7130112.652	1.1	297.65	0
7130122.603	1	297.66	0
7130132.653	1	297.65	0
7130142.653	1.1	297.65	0
7130152.654	1	297.65	0
7130162.654	1.1	297.64	0
7130172.605	1	297.63	0
7130182.655	1	297.62	0
7130192.606	1.1	297.62	0
7130202.606	1	297.62	0
7130212.606	1.1	297.62	0
7130222.657	1	297.62	0
7130232.657	1	297.63	0
7130242.658	1	297.61	0
7130252.658	1	297.62	0
7130262.659	1	297.61	0
7130272.659	1	297.6	0
7130282.609	1.1	297.61	0
7130292.61	1	297.61	0
7130302.66	1	297.59	0
7130312.661	1	297.58	0
7130322.611	1.1	297.57	0
7130332.662	1.1	297.58	0
7130342.662	1.1	297.57	0
7130352.662	1.1	297.58	0
7130362.613	1.1	297.57	0
7130372.663	1.1	297.58	0
7130382.614	1	297.56	0
7130392.614	1	297.57	0
7130402.615	1	297.56	0
7130412.665	1	297.56	0
7130422.665	1.1	297.56	0
7130432.666	1.1	297.55	0
7130442.666	1	297.56	0
7130452.617	1	297.55	0
7130462.617	1	297.53	0
7130472.618	1.1	297.53	0
7130482.668	1	297.52	0
7130492.668	1	297.53	0
7130502.669	1.1	297.51	0
7130512.619	1	297.52	0
7130522.67	1.1	297.51	0
7130532.67	1	297.5	0
7130542.67	1.1	297.5	0
7130552.671	1	297.5	0
7130562.621	1.1	297.49	0
7130572.672	1	297.49	0
7130582.622	1.1	297.47	0
7130592.673	1.1	297.48	0
7130602.673	1.1	297.47	0
7130612.673	1.1	297.46	0
7130622.624	1	297.46	0
7130632.674	1.1	297.45	0
7130642.625	1.1	297.46	0
7130652.625	1.1	297.44	0
7130662.676	1.1	297.44	0
7130672.676	1.1	297.45	0
7130682.676	1.1	297.45	0
7130692.677	1.1	297.44	0
7130702.627	1.1	297.44	0
7130712.678	1.1	297.44	0
7130722.678	1.1	297.41	0
7130732.629	1.1	297.42	0
7130742.679	1.1	297.39	0
7130752.629	1	297.39	0
7130762.68	1.1	297.38	0
7130772.63	1.1	297.37	0
7130782.681	1.1	297.36	0
7130792.631	1.1	297.37	0
7130802.632	1.1	297.36	0
7130812.682	1	297.37	0
7130822.632	1	297.37	0
7130832.633	1.1	297.36	0
7130842.683	1.1	297.36	0
7130852.634	1	297.37	0
7130862.684	1.1	297.36	0
7130872.635	1.1	297.35	0
7130882.685	1.1	297.36	0
7130892.635	1.1	297.35	0
7130902.636	1.1	297.35	0
7130912.636	1.1	297.35	0
7130922.637	1	297.33	0
7130932.637	1.1	297.33	0
7130942.688	1.1	297.33	0
7130952.638	1.1	297.34	0
7130962.638	1.1	297.32	0
7130972.689	1	297.32	0
7130982.639	1.1	297.33	0
7130992.64	1.1	297.32	0
7131002.69	1	297.33	0
7131012.691	1.1	297.33	0
7131022.641	1.1	297.32	0
7131032.691	1.1	297.32	0
7131042.642	1.1	297.33	0
7131052.692	1.1	297.31	0
7131062.643	1.1	297.32	0
7131072.643	1	297.31	0
7131082.694	1.1	297.32	0
7131092.644	1.1	297.32	0
7131102.694	1.1	297.32	0
7131112.695	1.1	297.3	0
7131122.645	1.1	297.3	0
7131132.696	1.1	297.31	0
7131142.696	1.1	297.3	0
7131152.647	1.1	297.31	0
7131162.697	1.1	297.3	0
7131172.697	1.1	297.31	0
7131182.698	1.1	297.3	0
7131192.698	1.1	297.3	0
7131202.649	1.1	297.29	0
7131212.699	1.1	297.29	0
7131222.7	1.1	297.3	0
7131232.65	1.1	297.3	0
7131242.65	1	297.29	0
7131252.651	1.1	297.29	0
7131262.651	1.1	297.29	0
7131272.652	1.1	297.28	0
7131282.652	1.1	297.27	0
7131292.703	1.1	297.28	0
7131302.703	1.1	297.28	0
7131312.703	1.1	297.27	0
7131322.704	1.1	297.28	0
7131332.654	1.1	297.29	0
7131342.655	1.1	297.28	0
7131352.655	1.1	297.28	0
7131362.706	1.1	297.29	0
7131372.656	1.1	297.28	0
7131382.656	1.1	297.29	0
7131392.707	1.1	297.29	0
7131402.707	1.1	297.28	0
7131412.658	1.1	297.29	0
7131422.658	1.1	297.27	0
7131432.659	1.1	297.29	0
7131442.709	1.1	297.28	0
7131452.709	1.1	297.31	0
7131462.71	1.1	297.29	0
7131472.66	1.1	297.29	0
7131482.711	1.1	297.29	0
7131492.711	1.1	297.27	0
7131502.712	1.1	297.28	0
7131512.712	1.1	297.28	0
7131522.712	1.1	297.27	0
7131532.663	1.1	297.27	0
7131542.663	1.1	297.26	0
7131552.714	1.1	297.26	0
7131562.664	1.1	297.27	0
7131572.665	1.1	297.26	0
7131582.715	1.1	297.26	0
7131592.665	1.1	297.25	0
7131602.716	1.1	297.27	0
7131612.716	1.1	297.25	0
7131622.667	1.1	297.26	0
7131632.667	1.1	297.24	0
7131642.668	1.1	297.24	0
7131652.718	1.1	297.25	0
7131662.668	1.1	297.25	0
7131672.719	1.1	297.23	0
7131682.719	1.1	297.23	0
7131692.67	1.1	297.22	0
7131702.67	1.1	297.24	0
7131712.671	1.1	297.23	0
7131722.721	1.1	297.22	0
7131732.721	1.1	297.22	0
7131742.722	1.2	297.23	0
7131752.722	1.1	297.24	0
7131762.723	1.1	297.23	0
7131772.723	1.2	297.24	0
7131782.724	1.1	297.23	0
7131792.674	1.1	297.24	0
7131802.674	1	297.24	0
7131812.675	1.1	297.24	0
7131822.675	1.1	297.24	0
7131832.676	1.1	297.23	0
7131842.726	1	297.24	0
7131852.677	1.1	297.23	0
7131862.727	1.1	297.24	0
7131872.727	1.1	297.24	0
7131882.678	1.1	297.24	0
7131892.678	1.1	297.23	0
7131902.679	1.2	297.23	0
7131912.729	1.1	297.23	0
7131922.73	1.1	297.23	0
7131932.73	1.2	297.22	0
7131942.73	1.1	297.22	0
7131952.681	1.1	297.23	0
7131962.731	1.1	297.23	0
7131972.732	1.1	297.22	0
7131982.682	1.2	297.21	0
7131992.733	1.1	297.21	0
7132002.733	1.2	297.22	0
7132012.733	1.1	297.21	0
7132022.734	1.1	297.22	0
7132032.734	1.1	297.22	0
7132042.735	1.1	297.21	0
7132052.735	1.1	297.21	0
7132062.736	1.1	297.22	0
7132072.736	1.2	297.24	0
7132082.686	1.1	297.23	0
7132092.737	1.2	297.22	0
7132102.737	1.1	297.22	0
7132112.738	1.1	297.23	0
7132122.688	1.1	297.23	0
7132132.689	1.1	297.24	0
7132142.739	1.1	297.25	0
7132152.739	1.1	297.23	0
7132162.69	1.2	297.22	0
7132172.74	1.1	297.23	0
7132182.741	1.2	297.23	0
7132192.691	1.2	297.23	0
7132202.692	1.1	297.23	0
7132212.742	1.2	297.22	0
7132222.692	1.2	297.22	0
7132232.693	1.1	297.22	0
7132242.693	1.1	297.22	0
7132252.744	1.1	297.21	0
7132262.694	1.1	297.22	0
7132272.745	1.1	297.21	0
7132282.745	1.1	297.2	0
7132292.745	1.1	297.2	0
7132302.696	1.1	297.21	0
7132312.696	1.2	297.2	0
7132322.747	1.1	297.19	0
7132332.697	1.2	297.2	0
7132342.748	1.2	297.18	0
7132352.748	1.1	297.18	0
7132362.748	1.2	297.18	0
7132372.749	1.1	297.18	0
7132382.699	1.2	297.17	0
7132392.75	1.1	297.17	0
7132402.7	1.1	297.18	0
7132412.751	1.2	297.16	0
7132422.751	1.1	297.18	0
7132432.701	1.1	297.17	0
7132442.752	1.2	297.17	0
7132452.752	1.2	297.19	0
7132462.753	1.1	297.17	0
7132472.703	1.2	297.18	0
7132482.754	1.1	297.19	0
7132492.704	1.2	297.19	0
7132502.754	1.2	297.19	0
7132512.755	1.2	297.19	0
7132522.755	1.2	297.19	0
7132532.756	1.2	297.19	0
7132542.756	1.2	297.18	0
7132552.757	1.2	297.19	0
7132562.707	1.2	297.19	0
7132572.707	1.2	297.18	0
7132582.758	1.1	297.19	0
7132592.708	1.2	297.18	0
7132602.709	1.1	297.17	0
7132612.759	1.1	297.18	0
7132622.76	1.2	297.19	0
7132632.76	1.2	297.18	0
7132642.76	1.2	297.18	0
7132652.761	1.1	297.19	0
7132662.761	1.1	297.19	0
7132672.762	1.1	297.19	0
7132682.712	1.2	297.2	0
7132692.713	1.1	297.19	0
7132702.763	1.2	297.18	0
7132712.763	1.1	297.19	0
7132722.714	1.2	297.18	0
7132732.764	1.2	297.19	0
7132742.765	1.1	297.18	0
7132752.765	1.2	297.18	0
7132762.766	1.2	297.17	0
7132772.766	1.2	297.18	0
7132782.766	1.1	297.17	0
7132792.767	1.2	297.17	0
7132802.767	1.2	297.17	0
7132812.768	1.1	297.17	0
7132822.768	1.2	297.16	0
7132832.719	1.2	297.18	0
7132842.719	1.1	297.16	0
7132852.769	1.1	297.17	0
7132862.72	1.2	297.17	0
7132872.77	1.2	297.17	0
7132882.771	1.2	297.16	0
7132892.721	1.2	297.17	0
7132902.772	1.1	297.16	0
7132912.772	1.2	297.16	0
7132922.722	1.2	297.16	0
7132932.723	1.2	297.14	0
7132942.773	1.2	297.14	0
7132952.724	1.2	297.14	0
7132962.774	1.2	297.13	0
7132972.775	1.2	297.13	0
7132982.775	1.1	297.14	0
7132992.725	1.2	297.13	0
7133002.776	1.2	297.13	0
7133012.776	1.2	297.13	0
7133022.777	1.2	296.93	0
7133032.777	1.1	296.74	0
7133042.778	1.2	297.11	0
7133052.728	1.1	297.72	0
7133062.778	1.2	298.01	0
7133072.779	1.2	298.35	0
7133082.779	1.2	298.76	0
7133092.73	1.2	299.19	0
7133102.78	1.2	299.88	0
7133112.781	1.1	301.91	0
7133122.781	1.2	304.44	0
7133132.731	1.2	307.52	0
7133142.782	1.2	310.92	0
7133152.732	1.2	314.18	0
7133162.733	1.2	316.92	0
7133172.783	1.1	319.47	0
7133182.783	1.2	323.07	0
7133192.734	1.2	326.52	0
7133202.784	1.2	327.4	0
7133212.735	1.2	328.72	0
7133222.785	1.2	331.48	0
7133232.786	1.2	332.89	0
7133242.736	1.2	333.94	0
7133252.786	1.2	334.28	0
7133262.737	1.2	335.54	0
7133272.787	1.2	335.94	0
7133282.788	1.1	336.25	0
7133292.788	1.1	336.53	0
7133302.789	1.2	339.23	0
7133312.789	1.2	342.18	0
7133322.789	1.2	342.74	0
7133332.74	1.2	343.36	0
7133342.74	1.2	343.81	0
7133352.791	1.2	344.12	0
7133362.741	1.2	344.48	0
7133372.742	1.2	344.69	0
7133382.742	1.1	344.88	0
7133392.792	1.2	344.83	0
7133402.743	1.2	344.4	0
7133412.793	1.2	344.05	0
7133422.794	1.2	343.69	0.000001385
7133432.744	1.1	343.24	0.000001384
7133442.745	1.1	342.87	0.000001384
7133452.795	1.1	342.64	0.000001383
7133462.795	1.2	342.51	0.000001383
7133472.746	1.2	342.44	0.000001383
7133482.796	1.1	342.39	0.000001382
7133492.797	1.2	342.37	0.000001382
7133502.797	1.1	342.37	0.000001382
7133512.798	1.1	342.39	0.000001382
7133522.798	1.2	342.4	0.000001382
7133532.748	1.1	342.43	0.000001382
7133542.749	1.1	342.48	0.000001381
7133552.749	1.2	342.51	0.000001381
7133562.8	1.2	342.53	0.000001381
7133572.75	1.1	342.56	0.000001381
7133582.751	1.2	342.6	0.000001381
7133592.751	1.2	342.61	0.000001381
7133602.751	1.1	342.66	0.000001381
7133612.802	1.2	342.7	0.000001381
7133622.802	1.1	342.73	0.000001381
7133632.753	1.2	342.75	0.000001381
7133642.753	1.2	342.77	0.000001381
7133652.804	1.1	342.8	0.000001381
7133662.804	1.2	342.82	0.000001381
7133672.804	1.1	342.85	0.000001381
7133682.805	1.2	342.89	0.000001381
7133692.805	1.2	342.91	0.000001381
7133702.806	1.2	342.94	0.000001381
7133712.756	1.1	342.95	0.000001381
7133722.807	1.1	342.98	0.000001381
7133732.807	1.2	342.99	0.000001381
7133742.757	1.2	343	0.000001381
7133752.808	1.2	343.03	0.000001381
7133762.808	1.2	343.05	0.000001381
7133772.759	1.1	343.07	0.000001381
7133782.809	1.1	343.09	0.000001381
7133792.76	1.1	343.11	0.000001381
7133802.76	1.2	343.12	0.000001381
7133812.76	1.2	343.14	0.000001381
7133822.761	1.2	343.14	0.000001381
7133832.811	1.1	343.15	0.000001381
7133842.812	1.2	343.18	0.000001381
7133852.762	1.2	343.19	0.000001381
7133862.763	1.2	343.21	0.000001381
7133872.813	1.2	343.21	0.000001381
7133882.813	1.2	343.22	0.000001381
7133892.814	1.1	343.22	0.000001381
7133902.764	1.1	343.22	0.000001381
7133912.765	1.1	343.23	0.000001381
7133922.765	1.1	343.24	0.000001381
7133932.766	1.2	343.22	0.000001381
7133942.816	1.1	343.24	0.000001381
7133952.816	1.1	343.24	0.000001381
7133962.767	1.1	343.23	0.000001381
7133972.767	1.1	343.23	0.000001381
7133982.818	1.1	343.23	0.000001381
7133992.818	1.2	343.23	0.000001381
7134002.769	1.1	343.22	0.000001381
7134012.769	1.2	343.22	0.000001381
7134022.819	1.2	343.22	0.000001381
7134032.77	1.2	343.2	0.000001381
7134042.82	1.1	343.21	0.000001381
7134052.821	1.1	343.21	0.000001381
7134062.821	1.1	343.2	0.000001381
7134072.772	1.1	343.2	0.000001381
7134082.772	1.1	343.2	0.000001381
7134092.772	1.2	343.19	0.000001381
7134102.823	1.1	343.19	0.000001381
7134112.773	1.1	343.18	0.000001381
7134122.824	1.2	343.15	0.000001381
7134132.824	1.1	343.16	0.000001381
7134142.775	1.2	343.15	0.000001381
7134152.775	1.1	343.14	0.000001381
7134162.775	1.2	343.14	0.000001381
7134172.776	1.2	343.12	0.000001381
7134182.776	1.2	343.13	0.000001381
7134192.827	1.1	343.11	0.000001381
7134202.777	1.1	343.11	0.000001381
7134212.778	1.2	343.11	0.000001381
7134222.828	1.1	343.09	0.000001381
7134232.828	1.1	343.09	0.000001382
7134242.779	1.1	343.09	0.000001382
7134252.829	1.1	343.07	0.000001382
7134262.83	1.2	343.05	0.000001382
7134272.83	1.2	343.03	0.000001382
7134282.831	1.1	343.03	0.000001382
7134292.831	1.1	343.04	0.000001382
7134302.781	1.2	343.02	0.000001382
7134312.832	1.2	343.01	0.000001382
7134322.782	1.2	343	0.000001382
7134332.833	1.1	342.99	0.000001382
7134342.783	1.1	342.97	0.000001382
7134352.834	1.2	342.96	0.000001382
7134362.834	1.2	342.94	0.000001382
7134372.834	1.2	342.94	0.000001382
7134382.785	1.1	342.92	0.000001382
7134392.785	1.2	342.91	0.000001382
7134402.786	1.2	342.9	0.000001382
7134412.836	1.2	342.89	0.000001382
7134422.837	1.2	342.87	0.000001382
7134432.837	1.1	342.85	0.000001382
7134442.787	1.2	342.85	0.000001382
7134452.838	1.1	342.85	0.000001382
7134462.838	1.1	342.84	0.000001382
7134472.839	1.2	342.83	0.000001382
7134482.789	1.2	342.82	0.000001382
7134492.84	1.2	342.8	0.000001382
7134502.84	1.2	342.78	0.000001382
7134512.79	1.1	342.75	0.000001382
7134522.791	1.2	342.74	0.000001382
7134532.841	1.2	342.71	0.000001383
7134542.842	1.1	342.7	0.000001383
7134552.842	1.1	342.69	0.000001383
7134562.793	1.2	342.66	0.000001383
7134572.793	1.2	342.65	0.000001383
7134582.793	1.2	342.63	0.000001383
7134592.794	1.1	342.62	0.000001383
7134602.844	1.2	342.6	0.000001383
7134612.845	1.2	342.57	0.000001383
7134622.795	1.2	342.55	0.000001383
7134632.846	1.1	342.54	0.000001383
7134642.846	1.1	342.51	0.000001383
7134652.846	1.2	342.49	0.000001383
7134662.847	1.1	342.49	0.000001383
7134672.847	1.2	342.47	0.000001383
7134682.848	1.1	342.46	0.000001383
7134692.848	1.1	342.44	0.000001383
7134702.849	1.1	342.41	0.000001383
7134712.849	1.2	342.4	0.000001383
7134722.849	1.1	342.38	0.000001383
7134732.85	1.2	342.37	0.000001383
7134742.8	1.2	342.36	0.000001383
7134752.851	1.2	342.34	0.000001383
7134762.851	1.1	342.32	0.000001383
7134772.852	1.1	342.3	0.000001383
7134782.802	1.2	342.28	0.000001383
7134792.852	1.2	342.26	0.000001383
7134802.803	1.1	342.24	0.000001383
7134812.803	1.1	342.22	0.000001384
7134822.804	1.2	342.2	0.000001384
7134832.854	1.1	342.19	0.000001384
7134842.805	1.2	342.17	0.000001384
7134852.855	1.1	342.16	0.000001384
7134862.805	1.2	342.13	0.000001384
7134872.856	1.2	342.12	0.000001384
7134882.856	1.1	342.12	0.000001384
7134892.807	1.2	342.08	0.000001384
7134902.807	1.2	342.06	0.000001384
7134912.808	1.2	342.03	0.000001384
7134922.808	1.2	342.01	0.000001384
7134932.808	1.2	341.99	0.000001384
7134942.859	1.2	341.98	0.000001384
7134952.859	1.2	341.96	0.000001384
7134962.81	1.2	341.94	0.000001384
7134972.81	1.2	341.93	0.000001384
7134982.861	1.1	341.89	0.000001384
7134992.811	1.2	341.87	0.000001384
7135002.861	1.2	341.85	0.000001384
7135012.862	1.2	341.84	0.000001384
7135022.862	1.2	341.82	0.000001384
7135032.863	1.2	341.8	0.000001384
7135042.813	1.2	341.77	0.000001384
7135052.864	1.2	341.71	0.000001385
7135062.864	1.1	341.72	0.000001385
7135072.864	1.2	341.71	0.000001385
7135082.815	1.1	341.7	0.000001385
7135092.815	1.2	341.69	0.000001385
7135102.866	1.2	341.66	0.000001385
7135112.816	1.2	341.64	0.000001385
7135122.817	1.2	341.64	0.000001385
7135132.867	1.1	341.62	0.000001385
7135142.817	1.1	341.6	0.000001385
7135152.818	1.2	341.59	0.000001385
7135162.818	1.2	341.56	0.000001385
7135172.869	1.1	341.54	0.000001385
7135182.869	1.2	341.54	0.000001385
7135192.87	1.2	341.51	0.000001385
7135202.82	1.1	341.5	0.000001385
7135212.87	1.2	341.48	0.000001385
7135222.871	1.1	341.44	0.000001385
7135232.871	1.2	341.43	0.000001385
7135242.822	1.2	341.41	0.000001385
7135252.822	1.2	341.39	0.000001385
7135262.823	1.2	341.39	0.000001385
7135272.873	1.2	341.36	0.000001385
7135282.823	1.1	341.35	0.000001386
7135292.874	1.2	341.32	0.000001386
7135302.824	1.2	341.3	0.000001386
7135312.825	1.2	341.28	0.000001386
7135322.875	1.1	341.27	0.000001386
7135332.826	1.2	341.25	0.000001386
7135342.826	1.2	341.22	0.000001386
7135352.826	1.2	341.2	0.000001386
7135362.827	1.2	341.18	0.000001386
7135372.827	1.2	341.15	0.000001386
7135382.828	1.2	341.13	0.000001386
7135392.878	1.2	341.12	0.000001386
7135402.829	1.2	341.1	0.000001386
7135412.879	1.2	341.08	0.000001386
7135422.879	1.2	341.06	0.000001386
7135432.83	1.1	341.04	0.000001386
7135442.83	1.2	341.01	0.000001386
7135452.881	1.2	341	0.000001386
7135462.831	1.2	341.01	0.000001386
7135472.832	1.2	341.01	0.000001386
7135482.832	1.2	341.02	0.000001386
7135492.832	1.2	341.04	0.000001386
7135502.833	1.2	341.06	0.000001386
7135512.833	1.2	341.09	0.000001386
7135522.884	1.2	341.13	0.000001386
7135532.884	1.2	341.13	0.000001386
7135542.885	1.2	341.15	0.000001386
7135552.835	1.2	341.17	0.000001386
7135562.885	1.2	341.17	0.000001386
7135572.836	1.2	341.17	0.000001386
7135582.836	1.2	341.19	0.000001386
7135592.837	1.2	341.17	0.000001386
7135602.837	1.2	341.16	0.000001386
7135612.888	1.2	341.15	0.000001386
7135622.838	1.2	341.14	0.000001386
7135632.838	1.2	341.13	0.000001386
7135642.839	1.2	341.11	0.000001386
7135652.839	1.1	341.1	0.000001386
7135662.84	1.2	341.09	0.000001386
7135672.89	1.2	341.07	0.000001386
7135682.841	1.2	341.05	0.000001386
7135692.891	1.2	341.04	0.000001386
7135702.891	1.2	341.02	0.000001386
7135712.892	1.2	341	0.000001386
7135722.842	1.2	340.99	0.000001386
7135732.843	1.2	340.97	0.000001386
7135742.893	1.2	340.95	0.000001386
7135752.844	1.2	340.93	0.000001386
7135762.844	1.2	340.92	0.000001386
7135772.844	1.2	340.9	0.000001386
7135782.895	1.2	340.91	0.000001386
7135792.895	1.2	340.9	0.000001386
7135802.896	1.2	340.89	0.000001387
7135812.896	1.2	340.89	0.000001387
7135822.896	1.2	340.88	0.000001387
7135832.897	1.2	340.87	0.000001387
7135842.897	1.2	340.86	0.000001387
7135852.848	1.2	340.84	0.000001387
7135862.898	1.2	340.84	0.000001387
7135872.899	1.2	340.82	0.000001387
7135882.849	1.2	340.8	0.000001387
7135892.899	1.2	340.79	0.000001387
7135902.85	1.1	340.78	0.000001387
7135912.85	1.2	340.75	0.000001387
7135922.851	1.2	340.73	0.000001387
7135932.901	1.2	340.73	0.000001387
7135942.902	1.2	340.72	0.000001387
7135952.902	1.2	340.71	0.000001387
7135962.852	1.2	340.74	0.000001387
7135972.853	1.2	340.74	0.000001387
7135982.853	1.2	340.76	0.000001387
7135992.904	1.2	340.78	0.000001387
7136002.854	1.2	340.81	0.000001387
7136012.855	1.2	340.83	0.000001387
7136022.855	1.2	340.86	0.000001387
7136032.905	1.2	340.89	0.000001387
7136042.906	1.2	340.9	0.000001387
7136052.856	1.2	340.91	0.000001386
7136062.907	1.2	340.92	0.000001387
7136072.857	1.1	340.91	0.000001387
7136082.908	1.2	340.91	0.000001387
7136092.858	1.2	340.89	0.000001387
7136102.908	1.2	340.89	0.000001387
7136112.909	1.2	340.87	0.000001387
7136122.909	1.2	340.86	0.000001387
7136132.91	1.2	340.83	0.000001387
7136142.91	1.2	340.82	0.000001387
7136152.861	1.2	340.8	0.000001387
7136162.911	1.2	340.79	0.000001387
7136172.911	1.2	340.77	0.000001387
7136182.862	1.2	340.76	0.000001387
7136192.862	1.2	340.74	0.000001387
7136202.913	1.2	340.73	0.000001387
7136212.863	1.2	340.72	0.000001387
7136222.914	1.2	340.7	0.000001387
7136232.864	1.2	340.67	0.000001387
7136242.914	1.2	340.67	0.000001387
7136252.865	1.2	340.63	0.000001387
7136262.865	1.3	340.63	0.000001387
7136272.916	1.2	340.61	0.000001387
7136282.916	1.2	340.6	0.000001387
7136292.917	1.2	340.58	0.000001387
7136302.867	1.2	340.57	0.000001387
7136312.867	1.2	340.54	0.000001387
7136322.918	1.2	340.54	0.000001387
7136332.868	1.2	340.51	0.000001387
7136342.869	1.2	340.49	0.000001387
7136352.919	1.2	340.48	0.000001387
7136362.87	1.2	340.48	0.000001387
7136372.87	1.2	340.45	0.000001387
7136382.92	1.2	340.47	0.000001387
7136392.921	1.2	340.47	0.000001387
7136402.871	1.3	340.48	0.000001387
7136412.872	1.2	340.5	0.000001387
7136422.922	1.2	340.53	0.000001387
7136432.873	1.2	340.52	0.000001387
7136442.873	1.2	340.56	0.000001387
7136452.873	1.2	340.6	0.000001387
7136462.874	1.2	340.61	0.000001387
7136472.874	1.2	340.62	0.000001387
7136482.875	1.2	340.64	0.000001387
7136492.875	1.2	340.67	0.000001387
7136502.926	1.2	340.67	0.000001387
7136512.876	1.3	340.67	0.000001387
7136522.926	1.2	340.65	0.000001387
7136532.927	1.2	340.64	0.000001387
7136542.927	1.2	340.64	0.000001387
7136552.878	1.2	340.62	0.000001387
7136562.878	1.1	340.6	0.000001387
7136572.929	1.2	340.59	0.000001387
7136582.879	1.2	340.57	0.000001387
7136592.879	1.2	340.56	0.000001387
7136602.93	1.2	340.53	0.000001387
7136612.93	1.2	340.53	0.000001388
7136622.881	1.3	340.5	0.000001388
7136632.931	1.2	340.49	0.000001388
7136642.882	1.2	340.49	0.000001388
7136652.932	1.2	340.47	0.000001388
7136662.932	1.2	340.44	0.000001388
7136672.883	1.2	340.42	0.000001388
7136682.883	1.2	340.4	0.000001388
7136692.884	1.2	340.4	0.000001388
7136702.884	1.2	340.38	0.000001388
7136712.885	1.2	340.37	0.000001388
7136722.885	1.2	340.35	0.000001388
7136732.885	1.3	340.34	0.000001388
7136742.936	1.2	340.33	0.000001388
7136752.936	1.2	340.32	0.000001388
7136762.937	1.2	340.29	0.000001388
7136772.887	1.2	340.29	0.000001388
7136782.938	1.2	340.28	0.000001388
7136792.888	1.2	340.27	0.000001388
7136802.938	1.3	340.27	0.000001388
7136812.939	1.3	340.27	0.000001388
7136822.889	1.2	340.29	0.000001388
7136832.89	1.2	340.31	0.000001388
7136842.89	1.2	340.35	0.000001388
7136852.891	1.2	340.38	0.000001388
7136862.891	1.2	340.42	0.000001388
7136872.891	1.2	340.43	0.000001388
7136882.942	1.2	340.47	0.000001388
7136892.892	1.2	340.47	0.000001388
7136902.893	1.2	340.47	0.000001388
7136912.943	1.2	340.47	0.000001388
7136922.944	1.2	340.46	0.000001388
7136932.944	1.2	340.44	0.000001388
7136942.894	1.2	340.44	0.000001388
7136952.895	1.2	340.44	0.000001388
7136962.945	1.2	340.42	0.000001388
7136972.946	1.2	340.42	0.000001388
7136982.896	1.2	340.39	0.000001388
7136992.897	1.3	340.39	0.000001388
7137002.947	1.2	340.39	0.000001388
7137012.947	1.2	340.38	0.000001388
7137022.948	180.8	340.35	0.000001388
7137032.898	202.1	340.34	0.000001388
7137042.899	660.1	340.33	0.000001388
7137052.899	662.9	340.31	0.000001388
7137062.9	663.1	340.3	0.000001388
7137072.9	664.4	340.29	0.000001388
7137082.95	664.8	340.26	0.000001388
7137092.901	664.5	340.25	0.000001388
7137102.951	664.4	340.26	0.000001388
7137112.902	665.2	340.24	0.000001388
7137122.952	665.8	340.22	0.000001388
7137132.953	666.1	340.2	0.000001388
7137142.903	666	340.19	0.000001388
7137152.903	665.8	340.18	0.000001388
7137162.954	666.3	340.16	0.000001388
7137172.904	665.6	340.15	0.000001387
7137182.955	666.2	340.15	0.000001387
7137192.905	665.7	340.15	0.000001387
7137202.956	666.2	340.15	0.000001387
7137212.956	667.1	340.17	0.000001386
7137222.956	666	340.2	0.000001386
7137232.957	666.6	340.21	0.000001386
7137242.907	666	340.26	0.000001386
7137252.958	665.9	340.28	0.000001385
7137262.958	665.6	340.3	0.000001385
7137272.959	665.8	340.33	0.000001385
7137282.909	665.6	340.35	0.000001385
7137292.959	665.6	340.37	0.000001385
7137302.91	665.6	340.37	0.000001385
7137312.91	665.2	340.39	0.000001384
7137322.961	664.4	340.38	0.000001384
7137332.911	664.7	340.38	0.000001384
7137342.912	663.7	340.38	0.000001384
7137352.962	663	340.36	0.000001384
7137362.962	662	340.36	0.000001384
7137372.913	663.1	340.34	0.000001384
7137382.963	662.7	340.31	0.000001384
7137392.964	662.3	340.3	0.000001384
7137402.964	663.8	340.29	0.000001384
7137412.965	663.9	340.28	0.000001384
7137422.915	663.7	340.26	0.000001384
7137432.965	664.6	340.25	0.000001384
7137442.916	663.3	340.24	0.000001384
7137452.966	664.4	340.22	0.000001384
7137462.967	666.5	340.21	0.000001384
7137472.967	668.9	340.19	0.000001384
7137482.918	668.7	340.19	0.000001384
7137492.918	669.3	340.18	0.000001384
7137502.968	668.3	340.16	0.000001384
7137512.969	668.4	340.15	0.000001384
7137522.919	668	340.13	0.000001384
7137532.97	668.8	340.14	0.000001384
7137542.92	667.8	340.13	0.000001384
7137552.921	668.7	340.11	0.000001384
7137562.971	669.1	340.11	0.000001384
7137572.921	668.4	340.1	0.000001384
7137582.922	668.4	340.13	0.000001383
7137592.922	668	340.14	0.000001383
7137602.923	669	340.17	0.000001383
7137612.923	670.3	340.2	0.000001383
7137622.924	669.1	340.24	0.000001383
7137632.924	668.7	340.28	0.000001383
7137642.974	668.6	340.33	0.000001383
7137652.925	669.5	340.37	0.000001383
7137662.925	668.4	340.41	0.000001383
7137672.926	667.9	340.47	0.000001383
7137682.926	667.4	340.49	0.000001383
7137692.977	666.7	340.51	0.000001382
7137702.927	666.3	340.52	0.000001382
7137712.977	665.8	340.53	0.000001382
7137722.978	665.5	340.52	0.000001382
7137732.928	667	340.52	0.000001382
7137742.979	666.3	340.53	0.000001382
7137752.929	667.3	340.53	0.000001382
7137762.93	666.6	340.51	0.000001382
7137772.98	667.6	340.52	0.000001383
7137782.98	667.7	340.5	0.000001383
7137792.931	668	340.49	0.000001383
7137802.931	667.9	340.5	0.000001383
7137812.932	667.2	340.48	0.000001383
7137822.932	667.4	340.47	0.000001383
7137832.983	665.4	340.46	0.000001383
7137842.983	666.4	340.47	0.000001383
7137852.983	666.6	340.45	0.000001383
7137862.934	667	340.44	0.000001383
7137872.984	666.3	340.43	0.000001383
7137882.935	666.7	340.42	0.000001383
7137892.935	668.5	340.41	0.000001383
7137902.936	669.4	340.4	0.000001383
7137912.986	669.3	340.4	0.000001383
7137922.986	668.1	340.39	0.000001383
7137932.987	667.5	340.39	0.000001383
7137942.937	668.3	340.4	0.000001383
7137952.938	670.4	340.39	0.000001383
7137962.988	672.9	340.38	0.000001383
7137972.939	673.5	340.39	0.000001382
7137982.989	673.7	340.39	0.000001382
7137992.989	673.7	340.38	0.000001382
7138002.99	673.2	340.41	0.000001382
7138012.94	672.8	340.41	0.000001382
7138022.941	672.6	340.45	0.000001382
7138032.941	672.5	340.47	0.000001382
7138042.942	672.4	340.5	0.000001382
7138052.992	673.3	340.54	0.000001382
7138062.942	674.1	340.56	0.000001382
7138072.993	673.8	340.59	0.000001382
7138082.943	674	340.63	0.000001382
7138092.994	673.8	340.65	0.000001382
7138102.944	674.5	340.66	0.000001382
7138112.945	675	340.67	0.000001382
7138122.945	673.8	340.67	0.000001382
7138132.945	674	340.7	0.000001382
7138142.996	673.6	340.68	0.000001382
7138152.946	673.7	340.69	0.000001382
7138162.947	672.6	340.7	0.000001382
7138172.947	672.1	340.69	0.000001382
7138182.948	672.1	340.68	0.000001382
7138192.948	671.4	340.67	0.000001382
7138202.998	671.1	340.67	0.000001382
7138212.999	671.3	340.66	0.000001382
7138222.949	672	340.64	0.000001382
7138232.95	671.3	340.64	0.000001382
7138243	671.1	340.64	0.000001382
7138252.951	671	340.63	0.000001382
7138262.951	670.3	340.6	0.000001382
7138273.001	671.6	340.6	0.000001382
7138282.952	670.2	340.59	0.000001382
7138292.952	669.6	340.57	0.000001382
7138302.953	670	340.57	0.000001382
7138312.953	669.3	340.57	0.000001382
7138322.954	669.9	340.56	0.000001382
7138333.004	669.4	340.55	0.000001382
7138343.004	669.6	340.53	0.000001382
7138352.955	669.8	340.53	0.000001382
7138363.005	669.8	340.52	0.000001382
7138372.956	670.4	340.51	0.000001382
7138382.956	669.4	340.5	0.000001382
7138392.957	669.4	340.48	0.000001382
7138402.957	669.9	340.48	0.000001382
7138412.957	669.4	340.47	0.000001382
7138422.958	669.2	340.48	0.000001382
7138432.958	668.5	340.51	0.000001382
7138442.959	669.7	340.54	0.000001382
7138452.959	669.9	340.58	0.000001382
7138462.96	669.6	340.6	0.000001382
7138472.96	670.1	340.64	0.000001382
7138482.96	669.7	340.66	0.000001381
7138492.961	668.6	340.71	0.000001381
7138502.961	669.2	340.74	0.000001381
7138513.012	667.8	340.79	0.000001381
7138522.962	666.9	340.84	0.000001381
7138533.012	667.1	340.87	0.000001381
7138543.013	666.5	340.9	0.000001381
7138552.963	665.7	340.93	0.000001381
7138563.014	665.4	340.95	0.000001381
7138572.964	663.8	340.96	0.000001381
7138582.965	664	340.97	0.000001381
7138592.965	663.8	340.98	0.000001381
7138603.015	663.1	340.98	0.000001381
7138613.016	663.1	340.99	0.000001381
7138623.016	663	340.99	0.000001381
7138632.967	662.5	340.98	0.000001381
7138642.967	664.3	340.98	0.000001381
7138652.968	663.9	340.97	0.000001381
7138663.018	664.2	340.96	0.000001381
7138673.018	664.5	340.96	0.000001381
7138683.019	664.3	340.97	0.000001381
7138693.019	664.6	340.97	0.000001381
7138702.97	666	340.97	0.000001381
7138712.97	667	340.96	0.000001381
7138723.021	669.2	340.97	0.000001381
7138732.971	670.7	340.96	0.000001381
7138743.021	670.9	340.94	0.000001381
7138753.022	671.5	340.94	0.000001381
7138762.972	672.7	340.91	0.000001381
7138773.023	672.8	340.91	0.000001381
7138782.973	673.7	340.91	0.000001381
7138792.974	674.1	340.9	0.000001381
7138802.974	674.9	340.89	0.000001381
7138812.974	675.5	340.88	0.000001381
7138823.025	675	340.86	0.000001381
7138833.025	674.7	340.87	0.000001381
7138843.026	674.9	340.85	0.000001381
7138852.976	675.7	340.84	0.000001381
7138862.977	676.9	340.84	0.000001381
7138873.027	676.3	340.83	0.000001381
7138882.977	675.6	340.83	0.000001381
7138893.028	676.7	340.8	0.000001381
7138902.978	676.9	340.83	0.000001381
7138913.029	675.1	340.84	0.000001381
7138922.979	676.1	340.86	0.000001381
7138933.03	676.3	340.89	0.000001381
7138943.03	674.7	340.92	0.000001381
7138952.98	674.4	340.95	0.000001381
7138963.031	673.3	340.98	0.000001381
7138973.031	673.5	341.02	0.00000138
7138983.032	673.9	341.06	0.00000138
7138993.032	673.4	341.1	0.00000138
7139003.033	673.6	341.16	0.00000138
7139013.033	673.5	341.19	0.00000138
7139023.033	672.5	341.21	0.00000138
7139032.984	671.7	341.25	0.00000138
7139043.034	671.8	341.26	0.00000138
7139052.985	670.9	341.26	0.00000138
7139063.035	669.7	341.26	0.00000138
7139072.986	670.9	341.25	0.00000138
7139083.036	670.6	341.25	0.00000138
7139092.986	670.1	341.24	0.00000138
7139102.987	670.3	341.24	0.00000138
7139112.987	668.6	341.22	0.00000138
7139122.988	669.6	341.21	0.00000138
7139133.038	670.1	341.2	0.00000138
7139142.989	670.2	341.18	0.00000138
7139153.039	669.2	341.18	0.000001381
7139163.039	668.9	341.17	0.000001381
7139172.99	669.5	341.15	0.000001381
7139182.99	669.2	341.14	0.000001381
7139193.041	669.6	341.12	0.000001381
7139203.041	670	341.11	0.000001381
7139212.992	669.6	341.1	0.000001381
7139222.992	669.7	341.09	0.000001381
7139233.042	669	341.08	0.000001381
7139242.993	669	341.05	0.000001381
7139253.043	670	341.05	0.000001381
7139263.044	669.4	341.03	0.000001381
7139273.044	670	341.01	0.000001381
7139283.045	670.3	341.01	0.000001381
7139292.995	672.1	340.99	0.000001381
7139303.045	672.6	340.97	0.000001381
7139312.996	674.6	340.95	0.000001381
7139323.046	673.5	340.93	0.000001381
7139332.997	674.2	340.93	0.000001381
7139342.997	674.9	340.91	0.000001381
7139352.998	675.4	340.9	0.000001381
7139363.048	675.3	340.9	0.000001381
7139372.998	676.1	340.89	0.000001381
7139383.049	676.4	340.87	0.000001381
7139393.049	677.6	340.87	0.000001381
7139403	678.3	340.85	0.000001381
7139413	677.5	340.84	0.000001381
7139423.001	676.4	340.84	0.000001381
7139433.051	677	340.83	0.000001381
7139443.001	675.9	340.84	0.000001381
7139453.052	675.9	340.85	0.000001381
7139463.002	676.7	340.87	0.000001381
7139473.003	676.2	340.89	0.00000138
7139483.003	676.5	340.92	0.00000138
7139493.054	676.2	340.93	0.00000138
7139503.004	677.1	340.97	0.00000138
7139513.004	677.1	341	0.00000138
7139523.055	676.9	341.04	0.00000138
7139533.055	678	341.08	0.00000138
7139543.006	677.7	341.12	0.00000138
7139553.056	678.5	341.14	0.00000138
7139563.007	680.4	341.17	0.00000138
7139573.057	680.6	341.19	0.00000138
7139583.007	682.1	341.21	0.00000138
7139593.008	682.3	341.23	0.00000138
7139603.008	682.6	341.22	0.00000138
7139613.059	682.7	341.23	0.00000138
7139623.009	682.9	341.22	0.00000138
7139633.06	682.6	341.23	0.00000138
7139643.06	682.4	341.25	0.00000138
7139653.06	682.6	341.22	0.00000138
7139663.061	681.2	341.22	0.00000138
7139673.011	680.8	341.21	0.00000138
7139683.062	680	341.21	0.00000138
7139693.012	681.1	341.2	0.00000138
7139703.013	680.6	341.2	0.00000138
7139713.063	681.6	341.2	0.00000138
7139723.063	681.4	341.19	0.00000138
7139733.014	680.2	341.18	0.00000138
7139743.014	681	341.17	0.00000138
7139753.015	679.9	341.17	0.00000138
7139763.065	679.2	341.17	0.00000138
7139773.066	678.8	341.15	0.00000138
7139783.016	678.6	341.14	0.00000138
7139793.066	678.4	341.12	0.00000138
7139803.017	677.6	341.12	0.00000138
7139813.067	677.5	341.11	0.00000138
7139823.068	676.3	341.1	0.00000138
7139833.018	677	341.1	0.00000138
7139843.019	676.2	341.08	0.00000138
7139853.069	675.5	341.09	0.00000138
7139863.019	674.5	341.08	0.00000138
7139873.02	673.6	341.07	0.00000138
7139883.02	674.1	341.05	0.00000138
7139893.071	672.9	341.05	0.00000138
7139903.021	673	341.04	0.00000138
7139913.072	673.1	341.04	0.00000138
7139923.072	673.5	341.03	0.00000138
7139933.022	673.3	341.02	0.00000138
7139943.023	671.8	341.01	0.00000138
7139953.073	670.4	341	0.00000138
7139963.024	671.2	340.99	0.00000138
7139973.024	671.8	341	0.00000138
7139983.025	672.4	340.98	0.00000138
7139993.025	671.4	340.98	0.00000138
7140003.025	670.2	340.97	0.00000138
7140013.076	669.9	340.98	0.00000138
7140023.026	670.3	340.96	0.00000138
7140033.027	669.4	340.97	0.00000138
7140043.027	668.2	340.96	0.00000138
7140053.028	670.1	340.98	0.00000138
7140063.078	669.9	340.99	0.00000138
7140073.028	670.6	341.02	0.00000138
7140083.079	670.9	341.04	0.00000138
7140093.079	672.6	341.07	0.00000138
7140103.08	674.1	341.09	0.00000138
7140113.03	673.9	341.14	0.00000138
7140123.081	673.6	341.17	0.00000138
7140133.031	674.1	341.22	0.00000138
7140143.081	672.9	341.24	0.00000138
7140153.082	673.2	341.27	0.00000138
7140163.032	673	341.29	0.00000138
7140173.083	672.9	341.3	0.00000138
7140183.033	671.9	341.3	0.00000138
7140193.084	672.4	341.31	0.00000138
7140203.084	673.1	341.31	0.00000138
7140213.084	672.6	341.31	0.00000138
7140223.085	673.4	341.3	0.00000138
7140233.035	673	341.31	0.00000138
7140243.036	673.4	341.31	0.00000138
7140253.086	672.7	341.3	0.00000138
7140263.087	671.5	341.31	0.00000138
7140273.037	671.6	341.3	0.00000138
7140283.087	670.9	341.29	0.00000138
7140293.088	671.3	341.28	0.00000138
7140303.088	671	341.29	0.00000138
7140313.089	670.6	341.27	0.00000138
7140323.039	671	341.27	0.00000138
7140333.04	670.6	341.24	0.00000138
7140343.04	671	341.24	0.00000138
7140353.04	670	341.23	0.00000138
7140363.091	671	341.22	0.00000138
7140373.041	670.5	341.21	0.00000138
7140383.042	669.5	341.21	0.00000138
7140393.042	669.6	341.19	0.00000138
7140403.043	670.7	341.19	0.00000138
7140413.043	670.2	341.19	0.00000138
7140423.093	670.6	341.18	0.00000138
7140433.094	669.9	341.17	0.00000138
7140443.044	670.6	341.17	0.00000138
7140453.095	671.1	341.16	0.00000138
7140463.045	670.5	341.15	0.00000138
7140473.096	669.7	341.14	0.00000138
7140483.046	670	341.13	0.00000138
7140493.046	670	341.13	0.00000138
7140503.097	670.1	341.11	0.00000138
7140513.047	670.2	341.11	0.00000138
7140523.048	670.1	341.07	0.00000138
7140533.048	670.1	341.08	0.00000138
7140543.049	669.4	341.06	0.00000138
7140553.049	669.4	341.06	0.00000138
7140563.049	669.8	341.02	0.00000138
7140573.05	670.7	341.02	0.00000138
7140583.1	670.6	341.02	0.00000138
7140593.101	670.8	341.01	0.00000138
7140603.051	671.8	341	0.00000138
7140613.102	672.4	341.01	0.00000138
7140623.102	672.6	341.02	0.00000138
7140633.102	673.2	341.03	0.00000138
7140643.103	672.8	341.06	0.00000138
7140653.053	673.5	341.08	0.00000138
7140663.054	673.1	341.12	0.000001379
7140673.054	672.7	341.15	0.000001379
7140683.105	672.9	341.18	0.000001379
7140693.105	673.8	341.21	0.000001379
7140703.105	674.8	341.23	0.000001379
7140713.106	675.2	341.25	0.000001379
7140723.056	675	341.27	0.000001379
7140733.057	674.6	341.26	0.000001379
7140743.107	675.3	341.28	0.000001379
7140753.108	676	341.29	0.000001379
7140763.108	675.2	341.28	0.000001379
7140773.108	675.7	341.27	0.000001379
7140783.109	674.8	341.27	0.000001379
7140793.109	675.7	341.27	0.000001379
7140803.11	675	341.27	0.000001379
7140813.06	676.1	341.26	0.000001379
7140823.061	675.4	341.25	0.000001379
7140833.111	675.2	341.25	0.000001379
7140843.061	675	341.25	0.000001379
7140853.112	673.6	341.25	0.000001379
7140863.062	673.5	341.23	0.000001379
7140873.113	672.7	341.24	0.000001379
7140883.113	671.8	341.22	0.000001379
7140893.064	671.3	341.23	0.000001379
7140903.064	671.2	341.22	0.000001379
7140913.114	671.1	341.2	0.000001379
7140923.065	669.4	341.2	0.00000138
7140933.065	669.6	341.18	0.00000138
7140943.116	668.8	341.17	0.00000138
7140953.066	668.4	341.19	0.00000138
7140963.067	667.3	341.17	0.00000138
7140973.067	668.1	341.17	0.00000138
7140983.117	668.3	341.17	0.00000138
7140993.118	666.5	341.16	0.00000138
7141003.068	667.1	341.15	0.00000138
7141013.119	666	341.13	0.00000138
7141023.119	664.5	341.12	0.00000138
7141033.12	664.8	341.12	0.00000138
7141043.12	655.2	341.12	0.00000138
7141053.07	624.8	341.1	0.00000138
7141063.121	590.4	341.09	0.00000138
7141073.121	549.3	341.08	0.00000138
7141083.122	502.7	341.07	0.00000138
7141093.072	453.5	341.07	0.000001381
7141103.122	399.7	341.05	0.000001381
7141113.073	346.2	341.03	0.000001381
7141123.123	291.6	341.04	0.000001381
7141133.124	225.1	341.02	0.000001382
7141143.074	175.1	341	0.000001382
7141153.075	127	341	0.000001382
7141163.125	84.7	340.98	0.000001383
7141173.075	48.7	341	0.000001383
7141183.076	20.1	341	0.000001383
7141193.126	4.3	341.04	0.000001383
7141203.127	2.5	341.07	0.000001384
7141213.127	2.3	341.1	0.000001384
7141223.078	2.3	341.13	0.000001384
7141233.128	2.2	341.13	0.000001384
7141243.128	2.1	341.17	0.000001384
7141253.129	2.1	341.19	0.000001384
7141263.129	1.7	341.22	0.000001384
7141273.13	1.5	341.24	0.000001384
7141283.13	1.5	341.24	0.000001385
7141293.131	1.5	341.24	0.000001385
7141303.131	1.4	341.25	0.000001385
7141313.081	1.4	341.25	0.000001385
7141323.082	1.4	341.25	0.000001385
7141333.132	1.4	341.24	0.000001385
7141343.083	1.3	341.22	0.000001385
7141353.133	1.3	341.22	0.000001385
7141363.134	1.3	340.98	0.000001386
7141373.134	1.4	340.51	0.000001387
7141383.084	1.3	340.24	0.000001388
7141393.135	1.3	339.99	0.000001388
7141403.135	1.3	339.68	0.000001388
7141413.136	1.3	339.37	0.000001389
7141423.136	1.3	338.96	0.000001389
7141433.087	1.3	338.6	0.00000139
7141443.137	1.3	338.24	0.00000139
7141453.087	1.3	337.9	0.00000139
7141463.138	1.2	337.58	0.000001391
7141473.138	1.3	337.22	0.000001391
7141483.089	1.3	336.76	0.000001391
7141493.089	1.3	336.4	0.000001392
7141503.14	1.3	336.01	0.000001392
7141513.14	1.2	335.62	0.000001392
7141523.14	1.2	335.21	0.000001392
7141533.141	1.3	334.7	0.000001393
7141543.141	1.2	334.31	0.000001393
7141553.142	1.2	333.91	0.000001393
7141563.142	1.2	333.53	0.000001394
7141573.143	1.2	333.17	0.000001394
31557185.89	0	0	0
