#1	
float	DNI(1780,2)
0	0
7123322.711	0.9
7123522.37	1.6
7123822.333	0.9
7123832.383	1
7123842.334	1
7123852.334	1
7123862.335	0.9
7123872.385	0.9
7123882.335	0.9
7123892.336	1
7123902.386	1
7123912.387	1
7123922.387	1
7123932.338	0.9
7123942.388	0.9
7123952.388	1
7123962.389	1
7123972.339	1
7123982.39	1
7123992.34	0.9
7124002.391	0.9
7124012.391	1
7124022.391	0.9
7124032.392	0.9
7124042.392	1
7124052.343	1
7124062.393	0.9
7124072.394	1
7124082.394	1
7124092.344	1
7124102.395	1
7124112.395	1
7124122.346	1
7124132.396	1
7124142.397	1
7124152.397	1
7124162.347	1
7124172.398	1
7124182.348	1
7124192.399	0.9
7124202.399	1
7124212.4	1
7124222.4	1
7124232.4	1
7124242.401	1
7124252.401	1
7124262.402	1
7124272.352	1.1
7124282.403	1
7124292.403	1
7124302.403	0.9
7124312.354	1
7124322.354	1
7124332.405	1
7124342.405	1
7124352.356	1
7124362.356	0.9
7124372.356	1
7124382.407	1
7124392.407	1
7124402.408	1
7124412.358	1
7124422.409	1
7124432.409	1
7124442.409	1
7124452.41	1
7124462.36	1
7124472.361	0.9
7124482.361	1
7124492.362	1
7124502.362	1
7124512.412	1
7124522.363	1
7124532.413	1
7124542.414	1
7124552.364	1
7124562.415	1
7124572.415	1
7124582.415	1
7124592.416	1
7124602.416	1
7124612.367	1
7124622.367	1
7124632.418	1
7124642.418	1
7124652.418	1
7124662.419	1
7124672.369	1
7124682.42	1
7124692.37	1
7124702.371	1
7124712.421	1
7124722.371	1
7124732.372	1
7124742.422	1
7124752.423	1
7124762.373	1
7124772.424	1
7124782.424	1
7124792.424	1
7124802.425	1
7124812.375	1.1
7124822.376	1
7124832.426	1
7124842.427	1
7124852.427	1
7124862.427	1
7124872.378	1
7124882.378	1
7124892.379	1
7124902.429	1
7124912.38	0.9
7124922.43	1
7124932.43	1
7124942.381	1
7124952.431	1
7124962.432	1
7124972.382	1
7124982.433	1
7124992.433	1.1
7125002.383	1
7125012.434	1
7125022.434	1
7125032.435	1
7125042.435	1
7125052.436	1
7125062.436	1
7125072.436	1
7125082.437	1
7125092.437	1
7125102.388	1
7125112.388	1
7125122.439	0.9
7125132.389	1
7125142.439	1
7125152.44	1
7125162.44	1
7125172.441	1
7125182.441	1
7125192.441	1
7125202.392	1
7125212.442	1
7125222.443	1
7125232.393	1
7125242.394	1
7125252.444	1
7125262.444	1
7125272.445	1
7125282.445	1
7125292.396	1
7125302.396	1
7125312.397	1
7125322.447	1
7125332.447	1
7125342.448	1
7125352.398	1
7125362.449	1
7125372.399	0.9
7125382.45	1
7125392.4	0.9
7125402.45	1
7125412.451	1
7125422.401	0.9
7125432.452	1
7125442.402	0.9
7125452.453	1
7125462.453	0.9
7125472.403	1
7125482.404	1
7125492.404	1
7125502.405	1
7125512.405	1
7125522.456	1
7125532.456	1
7125542.406	1
7125552.457	1
7125562.407	1
7125572.458	0.9
7125582.408	0.9
7125592.459	1
7125602.459	1
7125612.409	1
7125622.46	1
7125632.46	1
7125642.411	1
7125652.411	1
7125662.412	1
7125672.462	1
7125682.412	1
7125692.463	0.9
7125702.463	1
7125712.464	1
7125722.414	1
7125732.465	1
7125742.465	1
7125752.415	1
7125762.466	1
7125772.416	1
7125782.467	0.9
7125792.467	0.9
7125802.468	1
7125812.468	1
7125822.468	1
7125832.469	0.9
7125842.469	1
7125852.47	1
7125862.42	1
7125872.471	1
7125882.471	1
7125892.471	1
7125902.422	1
7125912.422	1
7125922.473	1
7125932.473	0.9
7125942.474	1
7125952.474	1
7125962.424	1
7125972.475	1
7125982.475	1
7125992.476	1
7126002.476	1
7126012.477	1
7126022.477	1
7126032.427	1
7126042.428	1
7126052.478	1
7126062.429	1
7126072.429	1
7126082.48	1
7126092.48	1
7126102.43	1
7126112.481	1
7126122.481	1
7126132.432	1
7126142.482	0.9
7126152.433	1
7126162.483	1
7126172.483	1
7126182.484	1
7126192.434	0.9
7126202.485	1
7126212.435	1
7126222.436	1
7126232.486	1
7126242.436	0.9
7126252.487	1
7126262.437	1
7126272.488	1
7126282.488	1
7126292.439	1
7126302.489	1
7126312.489	1
7126322.49	1
7126332.44	1
7126342.491	1
7126352.441	0.9
7126362.442	1
7126372.492	1
7126382.442	1
7126392.493	1
7126402.443	0.9
7126412.444	1
7126422.444	1
7126432.445	1
7126442.445	0.9
7126452.495	1
7126462.446	0.9
7126472.496	1
7126482.497	0.9
7126492.497	1
7126502.498	1
7126512.498	1
7126522.498	1
7126532.499	1
7126542.499	1
7126552.5	1
7126562.5	1
7126572.451	1
7126582.501	1
7126592.501	0.9
7126602.502	1
7126612.502	1
7126622.503	0.9
7126632.453	1
7126642.504	0.9
7126652.504	0.9
7126662.454	1
7126672.505	0.9
7126682.455	1
7126692.506	0.9
7126702.506	1
7126712.507	0.9
7126722.457	1
7126732.457	1
7126742.458	1
7126752.458	1
7126762.509	1
7126772.509	1
7126782.46	0.9
7126792.51	1
7126802.46	1
7126812.461	1
7126822.461	1
7126832.512	1
7126842.462	0.9
7126852.463	1
7126862.463	1
7126872.513	0.9
7126882.464	0.9
7126892.514	0.9
7126902.515	1
7126912.515	0.9
7126922.466	1
7126932.516	1
7126942.516	1
7126952.517	1
7126962.517	1
7126972.468	1
7126982.468	1
7126992.519	1
7127002.519	1
7127012.519	1
7127022.52	1
7127032.52	1
7127042.521	1
7127052.471	1
7127062.472	0.9
7127072.472	1
7127082.522	0.9
7127092.473	0.9
7127102.523	1
7127112.524	1
7127122.524	0.9
7127132.475	1
7127142.475	1
7127152.525	1
7127162.476	0.9
7127172.476	1
7127182.527	0.9
7127192.477	0.9
7127202.478	1
7127212.478	1
7127222.478	1
7127232.529	0.9
7127242.529	1
7127252.48	0.9
7127262.48	1
7127272.531	0.9
7127282.531	0.9
7127292.481	1
7127302.482	0.9
7127312.482	1
7127322.533	0.9
7127332.483	0.9
7127342.484	1
7127352.534	1
7127362.484	0.9
7127372.535	1
7127382.535	0.9
7127392.486	1
7127402.486	0.9
7127412.537	0.9
7127422.487	0.9
7127432.537	1
7127442.538	1
7127452.538	1
7127462.539	1
7127472.489	0.9
7127482.54	0.9
7127492.49	1
7127502.54	0.9
7127512.491	0.9
7127522.491	1
7127532.542	1
7127542.542	0.9
7127552.543	1
7127562.543	1
7127572.493	0.9
7127582.544	1
7127592.544	1
7127602.545	1
7127612.495	1
7127622.546	1
7127632.546	1
7127642.496	1
7127652.497	1
7127662.497	0.9
7127672.548	0.9
7127682.548	1
7127692.549	1
7127702.549	1
7127712.549	1
7127722.5	1
7127732.5	0.9
7127742.501	1
7127752.501	0.9
7127762.502	1
7127772.552	1
7127782.552	0.9
7127792.503	1
7127802.553	1
7127812.504	0.9
7127822.554	1
7127832.505	0.9
7127842.505	1
7127852.555	1
7127862.556	1
7127872.506	1
7127882.507	0.9
7127892.557	1
7127902.557	1
7127912.558	1
7127922.558	0.9
7127932.509	0.9
7127942.559	1
7127952.56	1
7127962.56	1
7127972.56	1
7127982.561	1
7127992.511	0.9
7128002.512	0.9
7128012.512	1
7128022.563	0.9
7128032.563	0.9
7128042.513	1
7128052.514	1
7128062.514	1
7128072.565	1
7128082.565	1
7128092.516	1
7128102.516	0.9
7128112.566	1
7128122.567	1
7128132.567	1
7128142.568	1
7128152.518	0.9
7128162.519	1
7128172.569	0.9
7128182.569	0.9
7128192.57	1
7128202.52	1
7128212.571	1
7128222.571	1
7128232.522	1
7128242.522	1
7128252.572	1
7128262.523	1
7128272.573	0.9
7128282.574	1
7128292.574	1
7128302.575	1
7128312.525	1
7128322.575	0.9
7128332.526	1
7128342.526	0.9
7128352.577	1
7128362.527	0.9
7128372.528	0.9
7128382.528	1
7128392.578	1
7128402.579	1
7128412.579	0.9
7128422.58	0.9
7128432.58	0.9
7128442.581	1
7128452.581	1
7128462.531	0.9
7128472.582	1
7128482.582	1
7128492.533	0.9
7128502.583	1
7128512.534	0.9
7128522.584	0.9
7128532.534	0.9
7128542.535	0.9
7128552.585	1
7128562.536	1
7128572.586	1
7128582.537	1
7128592.537	0.9
7128602.587	0.9
7128612.538	0.9
7128622.588	1
7128632.589	1
7128642.589	0.9
7128652.59	1
7128662.54	1
7128672.59	1
7128682.591	1
7128692.591	1
7128702.592	1
7128712.592	0.9
7128722.593	1
7128732.543	0.9
7128742.593	0.9
7128752.594	1
7128762.594	0.9
7128772.595	0.9
7128782.595	1
7128792.596	1
7128802.546	1
7128812.546	0.9
7128822.597	1
7128832.597	1
7128842.598	1
7128852.598	0.9
7128862.599	0.9
7128872.549	0.9
7128882.599	0.9
7128892.6	1
7128902.6	1
7128912.601	1
7128922.551	1
7128932.602	1
7128942.552	1
7128952.602	1
7128962.603	0.9
7128972.553	1
7128982.604	1
7128992.554	1
7129002.605	1
7129012.555	1
7129022.605	1
7129032.606	0.9
7129042.556	0.9
7129052.557	1
7129062.607	1
7129072.558	0.9
7129082.558	1
7129092.608	1
7129102.609	1
7129112.559	0.9
7129122.61	1
7129132.61	1
7129142.611	1
7129152.561	1
7129162.611	1
7129172.612	1
7129182.612	1
7129192.613	1
7129202.613	1
7129212.614	1
7129222.614	1
7129232.614	1
7129242.615	1
7129252.615	1
7129262.566	1
7129272.616	0.9
7129282.617	0.9
7129292.617	1
7129302.617	1
7129312.618	1
7129322.618	1
7129332.619	1
7129342.619	1
7129352.57	1
7129362.62	1
7129372.62	1
7129382.621	1
7129392.621	1
7129402.622	1
7129412.622	1
7129422.623	1
7129432.623	1
7129442.623	1
7129452.574	0.9
7129462.574	1
7129472.625	1
7129482.625	1
7129492.626	1
7129502.626	1
7129512.626	1
7129522.627	1
7129532.627	1
7129542.628	1
7129552.628	1
7129562.629	1
7129572.579	1
7129582.579	1
7129592.58	1
7129602.63	1.1
7129612.631	1
7129622.631	1
7129632.582	1
7129642.582	1
7129652.582	1
7129662.633	1
7129672.583	1
7129682.584	1
7129692.634	1
7129702.635	1
7129712.585	1
7129722.585	1
7129732.636	1
7129742.636	1
7129752.637	1
7129762.637	1
7129772.638	1
7129782.638	1.1
7129792.638	1
7129802.639	1
7129812.589	1
7129822.64	1
7129832.64	1
7129842.641	1
7129852.641	1.1
7129862.591	1
7129872.642	1
7129882.592	1
7129892.643	1
7129902.643	1
7129912.644	1
7129922.594	1
7129932.594	1
7129942.595	1
7129952.595	1
7129962.596	1
7129972.646	1
7129982.647	1
7129992.597	1
7130002.597	1
7130012.648	1
7130022.648	1
7130032.599	1
7130042.649	1
7130052.6	1
7130062.6	1
7130072.65	1
7130082.651	1.1
7130092.651	1
7130102.652	1
7130112.652	1.1
7130122.603	1
7130132.653	1
7130142.653	1.1
7130152.654	1
7130162.654	1.1
7130172.605	1
7130182.655	1
7130192.606	1.1
7130202.606	1
7130212.606	1.1
7130222.657	1
7130232.657	1
7130242.658	1
7130252.658	1
7130262.659	1
7130272.659	1
7130282.609	1.1
7130292.61	1
7130302.66	1
7130312.661	1
7130322.611	1.1
7130332.662	1.1
7130342.662	1.1
7130352.662	1.1
7130362.613	1.1
7130372.663	1.1
7130382.614	1
7130392.614	1
7130402.615	1
7130412.665	1
7130422.665	1.1
7130432.666	1.1
7130442.666	1
7130452.617	1
7130462.617	1
7130472.618	1.1
7130482.668	1
7130492.668	1
7130502.669	1.1
7130512.619	1
7130522.67	1.1
7130532.67	1
7130542.67	1.1
7130552.671	1
7130562.621	1.1
7130572.672	1
7130582.622	1.1
7130592.673	1.1
7130602.673	1.1
7130612.673	1.1
7130622.624	1
7130632.674	1.1
7130642.625	1.1
7130652.625	1.1
7130662.676	1.1
7130672.676	1.1
7130682.676	1.1
7130692.677	1.1
7130702.627	1.1
7130712.678	1.1
7130722.678	1.1
7130732.629	1.1
7130742.679	1.1
7130752.629	1
7130762.68	1.1
7130772.63	1.1
7130782.681	1.1
7130792.631	1.1
7130802.632	1.1
7130812.682	1
7130822.632	1
7130832.633	1.1
7130842.683	1.1
7130852.634	1
7130862.684	1.1
7130872.635	1.1
7130882.685	1.1
7130892.635	1.1
7130902.636	1.1
7130912.636	1.1
7130922.637	1
7130932.637	1.1
7130942.688	1.1
7130952.638	1.1
7130962.638	1.1
7130972.689	1
7130982.639	1.1
7130992.64	1.1
7131002.69	1
7131012.691	1.1
7131022.641	1.1
7131032.691	1.1
7131042.642	1.1
7131052.692	1.1
7131062.643	1.1
7131072.643	1
7131082.694	1.1
7131092.644	1.1
7131102.694	1.1
7131112.695	1.1
7131122.645	1.1
7131132.696	1.1
7131142.696	1.1
7131152.647	1.1
7131162.697	1.1
7131172.697	1.1
7131182.698	1.1
7131192.698	1.1
7131202.649	1.1
7131212.699	1.1
7131222.7	1.1
7131232.65	1.1
7131242.65	1
7131252.651	1.1
7131262.651	1.1
7131272.652	1.1
7131282.652	1.1
7131292.703	1.1
7131302.703	1.1
7131312.703	1.1
7131322.704	1.1
7131332.654	1.1
7131342.655	1.1
7131352.655	1.1
7131362.706	1.1
7131372.656	1.1
7131382.656	1.1
7131392.707	1.1
7131402.707	1.1
7131412.658	1.1
7131422.658	1.1
7131432.659	1.1
7131442.709	1.1
7131452.709	1.1
7131462.71	1.1
7131472.66	1.1
7131482.711	1.1
7131492.711	1.1
7131502.712	1.1
7131512.712	1.1
7131522.712	1.1
7131532.663	1.1
7131542.663	1.1
7131552.714	1.1
7131562.664	1.1
7131572.665	1.1
7131582.715	1.1
7131592.665	1.1
7131602.716	1.1
7131612.716	1.1
7131622.667	1.1
7131632.667	1.1
7131642.668	1.1
7131652.718	1.1
7131662.668	1.1
7131672.719	1.1
7131682.719	1.1
7131692.67	1.1
7131702.67	1.1
7131712.671	1.1
7131722.721	1.1
7131732.721	1.1
7131742.722	1.2
7131752.722	1.1
7131762.723	1.1
7131772.723	1.2
7131782.724	1.1
7131792.674	1.1
7131802.674	1
7131812.675	1.1
7131822.675	1.1
7131832.676	1.1
7131842.726	1
7131852.677	1.1
7131862.727	1.1
7131872.727	1.1
7131882.678	1.1
7131892.678	1.1
7131902.679	1.2
7131912.729	1.1
7131922.73	1.1
7131932.73	1.2
7131942.73	1.1
7131952.681	1.1
7131962.731	1.1
7131972.732	1.1
7131982.682	1.2
7131992.733	1.1
7132002.733	1.2
7132012.733	1.1
7132022.734	1.1
7132032.734	1.1
7132042.735	1.1
7132052.735	1.1
7132062.736	1.1
7132072.736	1.2
7132082.686	1.1
7132092.737	1.2
7132102.737	1.1
7132112.738	1.1
7132122.688	1.1
7132132.689	1.1
7132142.739	1.1
7132152.739	1.1
7132162.69	1.2
7132172.74	1.1
7132182.741	1.2
7132192.691	1.2
7132202.692	1.1
7132212.742	1.2
7132222.692	1.2
7132232.693	1.1
7132242.693	1.1
7132252.744	1.1
7132262.694	1.1
7132272.745	1.1
7132282.745	1.1
7132292.745	1.1
7132302.696	1.1
7132312.696	1.2
7132322.747	1.1
7132332.697	1.2
7132342.748	1.2
7132352.748	1.1
7132362.748	1.2
7132372.749	1.1
7132382.699	1.2
7132392.75	1.1
7132402.7	1.1
7132412.751	1.2
7132422.751	1.1
7132432.701	1.1
7132442.752	1.2
7132452.752	1.2
7132462.753	1.1
7132472.703	1.2
7132482.754	1.1
7132492.704	1.2
7132502.754	1.2
7132512.755	1.2
7132522.755	1.2
7132532.756	1.2
7132542.756	1.2
7132552.757	1.2
7132562.707	1.2
7132572.707	1.2
7132582.758	1.1
7132592.708	1.2
7132602.709	1.1
7132612.759	1.1
7132622.76	1.2
7132632.76	1.2
7132642.76	1.2
7132652.761	1.1
7132662.761	1.1
7132672.762	1.1
7132682.712	1.2
7132692.713	1.1
7132702.763	1.2
7132712.763	1.1
7132722.714	1.2
7132732.764	1.2
7132742.765	1.1
7132752.765	1.2
7132762.766	1.2
7132772.766	1.2
7132782.766	1.1
7132792.767	1.2
7132802.767	1.2
7132812.768	1.1
7132822.768	1.2
7132832.719	1.2
7132842.719	1.1
7132852.769	1.1
7132862.72	1.2
7132872.77	1.2
7132882.771	1.2
7132892.721	1.2
7132902.772	1.1
7132912.772	1.2
7132922.722	1.2
7132932.723	1.2
7132942.773	1.2
7132952.724	1.2
7132962.774	1.2
7132972.775	1.2
7132982.775	1.1
7132992.725	1.2
7133002.776	1.2
7133012.776	1.2
7133022.777	1.2
7133032.777	1.1
7133042.778	1.2
7133052.728	1.1
7133062.778	1.2
7133072.779	1.2
7133082.779	1.2
7133092.73	1.2
7133102.78	1.2
7133112.781	1.1
7133122.781	1.2
7133132.731	1.2
7133142.782	1.2
7133152.732	1.2
7133162.733	1.2
7133172.783	1.1
7133182.783	1.2
7133192.734	1.2
7133202.784	1.2
7133212.735	1.2
7133222.785	1.2
7133232.786	1.2
7133242.736	1.2
7133252.786	1.2
7133262.737	1.2
7133272.787	1.2
7133282.788	1.1
7133292.788	1.1
7133302.789	1.2
7133312.789	1.2
7133322.789	1.2
7133332.74	1.2
7133342.74	1.2
7133352.791	1.2
7133362.741	1.2
7133372.742	1.2
7133382.742	1.1
7133392.792	1.2
7133402.743	1.2
7133412.793	1.2
7133422.794	1.2
7133432.744	1.1
7133442.745	1.1
7133452.795	1.1
7133462.795	1.2
7133472.746	1.2
7133482.796	1.1
7133492.797	1.2
7133502.797	1.1
7133512.798	1.1
7133522.798	1.2
7133532.748	1.1
7133542.749	1.1
7133552.749	1.2
7133562.8	1.2
7133572.75	1.1
7133582.751	1.2
7133592.751	1.2
7133602.751	1.1
7133612.802	1.2
7133622.802	1.1
7133632.753	1.2
7133642.753	1.2
7133652.804	1.1
7133662.804	1.2
7133672.804	1.1
7133682.805	1.2
7133692.805	1.2
7133702.806	1.2
7133712.756	1.1
7133722.807	1.1
7133732.807	1.2
7133742.757	1.2
7133752.808	1.2
7133762.808	1.2
7133772.759	1.1
7133782.809	1.1
7133792.76	1.1
7133802.76	1.2
7133812.76	1.2
7133822.761	1.2
7133832.811	1.1
7133842.812	1.2
7133852.762	1.2
7133862.763	1.2
7133872.813	1.2
7133882.813	1.2
7133892.814	1.1
7133902.764	1.1
7133912.765	1.1
7133922.765	1.1
7133932.766	1.2
7133942.816	1.1
7133952.816	1.1
7133962.767	1.1
7133972.767	1.1
7133982.818	1.1
7133992.818	1.2
7134002.769	1.1
7134012.769	1.2
7134022.819	1.2
7134032.77	1.2
7134042.82	1.1
7134052.821	1.1
7134062.821	1.1
7134072.772	1.1
7134082.772	1.1
7134092.772	1.2
7134102.823	1.1
7134112.773	1.1
7134122.824	1.2
7134132.824	1.1
7134142.775	1.2
7134152.775	1.1
7134162.775	1.2
7134172.776	1.2
7134182.776	1.2
7134192.827	1.1
7134202.777	1.1
7134212.778	1.2
7134222.828	1.1
7134232.828	1.1
7134242.779	1.1
7134252.829	1.1
7134262.83	1.2
7134272.83	1.2
7134282.831	1.1
7134292.831	1.1
7134302.781	1.2
7134312.832	1.2
7134322.782	1.2
7134332.833	1.1
7134342.783	1.1
7134352.834	1.2
7134362.834	1.2
7134372.834	1.2
7134382.785	1.1
7134392.785	1.2
7134402.786	1.2
7134412.836	1.2
7134422.837	1.2
7134432.837	1.1
7134442.787	1.2
7134452.838	1.1
7134462.838	1.1
7134472.839	1.2
7134482.789	1.2
7134492.84	1.2
7134502.84	1.2
7134512.79	1.1
7134522.791	1.2
7134532.841	1.2
7134542.842	1.1
7134552.842	1.1
7134562.793	1.2
7134572.793	1.2
7134582.793	1.2
7134592.794	1.1
7134602.844	1.2
7134612.845	1.2
7134622.795	1.2
7134632.846	1.1
7134642.846	1.1
7134652.846	1.2
7134662.847	1.1
7134672.847	1.2
7134682.848	1.1
7134692.848	1.1
7134702.849	1.1
7134712.849	1.2
7134722.849	1.1
7134732.85	1.2
7134742.8	1.2
7134752.851	1.2
7134762.851	1.1
7134772.852	1.1
7134782.802	1.2
7134792.852	1.2
7134802.803	1.1
7134812.803	1.1
7134822.804	1.2
7134832.854	1.1
7134842.805	1.2
7134852.855	1.1
7134862.805	1.2
7134872.856	1.2
7134882.856	1.1
7134892.807	1.2
7134902.807	1.2
7134912.808	1.2
7134922.808	1.2
7134932.808	1.2
7134942.859	1.2
7134952.859	1.2
7134962.81	1.2
7134972.81	1.2
7134982.861	1.1
7134992.811	1.2
7135002.861	1.2
7135012.862	1.2
7135022.862	1.2
7135032.863	1.2
7135042.813	1.2
7135052.864	1.2
7135062.864	1.1
7135072.864	1.2
7135082.815	1.1
7135092.815	1.2
7135102.866	1.2
7135112.816	1.2
7135122.817	1.2
7135132.867	1.1
7135142.817	1.1
7135152.818	1.2
7135162.818	1.2
7135172.869	1.1
7135182.869	1.2
7135192.87	1.2
7135202.82	1.1
7135212.87	1.2
7135222.871	1.1
7135232.871	1.2
7135242.822	1.2
7135252.822	1.2
7135262.823	1.2
7135272.873	1.2
7135282.823	1.1
7135292.874	1.2
7135302.824	1.2
7135312.825	1.2
7135322.875	1.1
7135332.826	1.2
7135342.826	1.2
7135352.826	1.2
7135362.827	1.2
7135372.827	1.2
7135382.828	1.2
7135392.878	1.2
7135402.829	1.2
7135412.879	1.2
7135422.879	1.2
7135432.83	1.1
7135442.83	1.2
7135452.881	1.2
7135462.831	1.2
7135472.832	1.2
7135482.832	1.2
7135492.832	1.2
7135502.833	1.2
7135512.833	1.2
7135522.884	1.2
7135532.884	1.2
7135542.885	1.2
7135552.835	1.2
7135562.885	1.2
7135572.836	1.2
7135582.836	1.2
7135592.837	1.2
7135602.837	1.2
7135612.888	1.2
7135622.838	1.2
7135632.838	1.2
7135642.839	1.2
7135652.839	1.1
7135662.84	1.2
7135672.89	1.2
7135682.841	1.2
7135692.891	1.2
7135702.891	1.2
7135712.892	1.2
7135722.842	1.2
7135732.843	1.2
7135742.893	1.2
7135752.844	1.2
7135762.844	1.2
7135772.844	1.2
7135782.895	1.2
7135792.895	1.2
7135802.896	1.2
7135812.896	1.2
7135822.896	1.2
7135832.897	1.2
7135842.897	1.2
7135852.848	1.2
7135862.898	1.2
7135872.899	1.2
7135882.849	1.2
7135892.899	1.2
7135902.85	1.1
7135912.85	1.2
7135922.851	1.2
7135932.901	1.2
7135942.902	1.2
7135952.902	1.2
7135962.852	1.2
7135972.853	1.2
7135982.853	1.2
7135992.904	1.2
7136002.854	1.2
7136012.855	1.2
7136022.855	1.2
7136032.905	1.2
7136042.906	1.2
7136052.856	1.2
7136062.907	1.2
7136072.857	1.1
7136082.908	1.2
7136092.858	1.2
7136102.908	1.2
7136112.909	1.2
7136122.909	1.2
7136132.91	1.2
7136142.91	1.2
7136152.861	1.2
7136162.911	1.2
7136172.911	1.2
7136182.862	1.2
7136192.862	1.2
7136202.913	1.2
7136212.863	1.2
7136222.914	1.2
7136232.864	1.2
7136242.914	1.2
7136252.865	1.2
7136262.865	1.3
7136272.916	1.2
7136282.916	1.2
7136292.917	1.2
7136302.867	1.2
7136312.867	1.2
7136322.918	1.2
7136332.868	1.2
7136342.869	1.2
7136352.919	1.2
7136362.87	1.2
7136372.87	1.2
7136382.92	1.2
7136392.921	1.2
7136402.871	1.3
7136412.872	1.2
7136422.922	1.2
7136432.873	1.2
7136442.873	1.2
7136452.873	1.2
7136462.874	1.2
7136472.874	1.2
7136482.875	1.2
7136492.875	1.2
7136502.926	1.2
7136512.876	1.3
7136522.926	1.2
7136532.927	1.2
7136542.927	1.2
7136552.878	1.2
7136562.878	1.1
7136572.929	1.2
7136582.879	1.2
7136592.879	1.2
7136602.93	1.2
7136612.93	1.2
7136622.881	1.3
7136632.931	1.2
7136642.882	1.2
7136652.932	1.2
7136662.932	1.2
7136672.883	1.2
7136682.883	1.2
7136692.884	1.2
7136702.884	1.2
7136712.885	1.2
7136722.885	1.2
7136732.885	1.3
7136742.936	1.2
7136752.936	1.2
7136762.937	1.2
7136772.887	1.2
7136782.938	1.2
7136792.888	1.2
7136802.938	1.3
7136812.939	1.3
7136822.889	1.2
7136832.89	1.2
7136842.89	1.2
7136852.891	1.2
7136862.891	1.2
7136872.891	1.2
7136882.942	1.2
7136892.892	1.2
7136902.893	1.2
7136912.943	1.2
7136922.944	1.2
7136932.944	1.2
7136942.894	1.2
7136952.895	1.2
7136962.945	1.2
7136972.946	1.2
7136982.896	1.2
7136992.897	1.3
7137002.947	1.2
7137012.947	1.2
7137022.948	180.8
7137032.898	202.1
7137042.899	660.1
7137052.899	662.9
7137062.9	663.1
7137072.9	664.4
7137082.95	664.8
7137092.901	664.5
7137102.951	664.4
7137112.902	665.2
7137122.952	665.8
7137132.953	666.1
7137142.903	666
7137152.903	665.8
7137162.954	666.3
7137172.904	665.6
7137182.955	666.2
7137192.905	665.7
7137202.956	666.2
7137212.956	667.1
7137222.956	666
7137232.957	666.6
7137242.907	666
7137252.958	665.9
7137262.958	665.6
7137272.959	665.8
7137282.909	665.6
7137292.959	665.6
7137302.91	665.6
7137312.91	665.2
7137322.961	664.4
7137332.911	664.7
7137342.912	663.7
7137352.962	663
7137362.962	662
7137372.913	663.1
7137382.963	662.7
7137392.964	662.3
7137402.964	663.8
7137412.965	663.9
7137422.915	663.7
7137432.965	664.6
7137442.916	663.3
7137452.966	664.4
7137462.967	666.5
7137472.967	668.9
7137482.918	668.7
7137492.918	669.3
7137502.968	668.3
7137512.969	668.4
7137522.919	668
7137532.97	668.8
7137542.92	667.8
7137552.921	668.7
7137562.971	669.1
7137572.921	668.4
7137582.922	668.4
7137592.922	668
7137602.923	669
7137612.923	670.3
7137622.924	669.1
7137632.924	668.7
7137642.974	668.6
7137652.925	669.5
7137662.925	668.4
7137672.926	667.9
7137682.926	667.4
7137692.977	666.7
7137702.927	666.3
7137712.977	665.8
7137722.978	665.5
7137732.928	667
7137742.979	666.3
7137752.929	667.3
7137762.93	666.6
7137772.98	667.6
7137782.98	667.7
7137792.931	668
7137802.931	667.9
7137812.932	667.2
7137822.932	667.4
7137832.983	665.4
7137842.983	666.4
7137852.983	666.6
7137862.934	667
7137872.984	666.3
7137882.935	666.7
7137892.935	668.5
7137902.936	669.4
7137912.986	669.3
7137922.986	668.1
7137932.987	667.5
7137942.937	668.3
7137952.938	670.4
7137962.988	672.9
7137972.939	673.5
7137982.989	673.7
7137992.989	673.7
7138002.99	673.2
7138012.94	672.8
7138022.941	672.6
7138032.941	672.5
7138042.942	672.4
7138052.992	673.3
7138062.942	674.1
7138072.993	673.8
7138082.943	674
7138092.994	673.8
7138102.944	674.5
7138112.945	675
7138122.945	673.8
7138132.945	674
7138142.996	673.6
7138152.946	673.7
7138162.947	672.6
7138172.947	672.1
7138182.948	672.1
7138192.948	671.4
7138202.998	671.1
7138212.999	671.3
7138222.949	672
7138232.95	671.3
7138243	671.1
7138252.951	671
7138262.951	670.3
7138273.001	671.6
7138282.952	670.2
7138292.952	669.6
7138302.953	670
7138312.953	669.3
7138322.954	669.9
7138333.004	669.4
7138343.004	669.6
7138352.955	669.8
7138363.005	669.8
7138372.956	670.4
7138382.956	669.4
7138392.957	669.4
7138402.957	669.9
7138412.957	669.4
7138422.958	669.2
7138432.958	668.5
7138442.959	669.7
7138452.959	669.9
7138462.96	669.6
7138472.96	670.1
7138482.96	669.7
7138492.961	668.6
7138502.961	669.2
7138513.012	667.8
7138522.962	666.9
7138533.012	667.1
7138543.013	666.5
7138552.963	665.7
7138563.014	665.4
7138572.964	663.8
7138582.965	664
7138592.965	663.8
7138603.015	663.1
7138613.016	663.1
7138623.016	663
7138632.967	662.5
7138642.967	664.3
7138652.968	663.9
7138663.018	664.2
7138673.018	664.5
7138683.019	664.3
7138693.019	664.6
7138702.97	666
7138712.97	667
7138723.021	669.2
7138732.971	670.7
7138743.021	670.9
7138753.022	671.5
7138762.972	672.7
7138773.023	672.8
7138782.973	673.7
7138792.974	674.1
7138802.974	674.9
7138812.974	675.5
7138823.025	675
7138833.025	674.7
7138843.026	674.9
7138852.976	675.7
7138862.977	676.9
7138873.027	676.3
7138882.977	675.6
7138893.028	676.7
7138902.978	676.9
7138913.029	675.1
7138922.979	676.1
7138933.03	676.3
7138943.03	674.7
7138952.98	674.4
7138963.031	673.3
7138973.031	673.5
7138983.032	673.9
7138993.032	673.4
7139003.033	673.6
7139013.033	673.5
7139023.033	672.5
7139032.984	671.7
7139043.034	671.8
7139052.985	670.9
7139063.035	669.7
7139072.986	670.9
7139083.036	670.6
7139092.986	670.1
7139102.987	670.3
7139112.987	668.6
7139122.988	669.6
7139133.038	670.1
7139142.989	670.2
7139153.039	669.2
7139163.039	668.9
7139172.99	669.5
7139182.99	669.2
7139193.041	669.6
7139203.041	670
7139212.992	669.6
7139222.992	669.7
7139233.042	669
7139242.993	669
7139253.043	670
7139263.044	669.4
7139273.044	670
7139283.045	670.3
7139292.995	672.1
7139303.045	672.6
7139312.996	674.6
7139323.046	673.5
7139332.997	674.2
7139342.997	674.9
7139352.998	675.4
7139363.048	675.3
7139372.998	676.1
7139383.049	676.4
7139393.049	677.6
7139403	678.3
7139413	677.5
7139423.001	676.4
7139433.051	677
7139443.001	675.9
7139453.052	675.9
7139463.002	676.7
7139473.003	676.2
7139483.003	676.5
7139493.054	676.2
7139503.004	677.1
7139513.004	677.1
7139523.055	676.9
7139533.055	678
7139543.006	677.7
7139553.056	678.5
7139563.007	680.4
7139573.057	680.6
7139583.007	682.1
7139593.008	682.3
7139603.008	682.6
7139613.059	682.7
7139623.009	682.9
7139633.06	682.6
7139643.06	682.4
7139653.06	682.6
7139663.061	681.2
7139673.011	680.8
7139683.062	680
7139693.012	681.1
7139703.013	680.6
7139713.063	681.6
7139723.063	681.4
7139733.014	680.2
7139743.014	681
7139753.015	679.9
7139763.065	679.2
7139773.066	678.8
7139783.016	678.6
7139793.066	678.4
7139803.017	677.6
7139813.067	677.5
7139823.068	676.3
7139833.018	677
7139843.019	676.2
7139853.069	675.5
7139863.019	674.5
7139873.02	673.6
7139883.02	674.1
7139893.071	672.9
7139903.021	673
7139913.072	673.1
7139923.072	673.5
7139933.022	673.3
7139943.023	671.8
7139953.073	670.4
7139963.024	671.2
7139973.024	671.8
7139983.025	672.4
7139993.025	671.4
7140003.025	670.2
7140013.076	669.9
7140023.026	670.3
7140033.027	669.4
7140043.027	668.2
7140053.028	670.1
7140063.078	669.9
7140073.028	670.6
7140083.079	670.9
7140093.079	672.6
7140103.08	674.1
7140113.03	673.9
7140123.081	673.6
7140133.031	674.1
7140143.081	672.9
7140153.082	673.2
7140163.032	673
7140173.083	672.9
7140183.033	671.9
7140193.084	672.4
7140203.084	673.1
7140213.084	672.6
7140223.085	673.4
7140233.035	673
7140243.036	673.4
7140253.086	672.7
7140263.087	671.5
7140273.037	671.6
7140283.087	670.9
7140293.088	671.3
7140303.088	671
7140313.089	670.6
7140323.039	671
7140333.04	670.6
7140343.04	671
7140353.04	670
7140363.091	671
7140373.041	670.5
7140383.042	669.5
7140393.042	669.6
7140403.043	670.7
7140413.043	670.2
7140423.093	670.6
7140433.094	669.9
7140443.044	670.6
7140453.095	671.1
7140463.045	670.5
7140473.096	669.7
7140483.046	670
7140493.046	670
7140503.097	670.1
7140513.047	670.2
7140523.048	670.1
7140533.048	670.1
7140543.049	669.4
7140553.049	669.4
7140563.049	669.8
7140573.05	670.7
7140583.1	670.6
7140593.101	670.8
7140603.051	671.8
7140613.102	672.4
7140623.102	672.6
7140633.102	673.2
7140643.103	672.8
7140653.053	673.5
7140663.054	673.1
7140673.054	672.7
7140683.105	672.9
7140693.105	673.8
7140703.105	674.8
7140713.106	675.2
7140723.056	675
7140733.057	674.6
7140743.107	675.3
7140753.108	676
7140763.108	675.2
7140773.108	675.7
7140783.109	674.8
7140793.109	675.7
7140803.11	675
7140813.06	676.1
7140823.061	675.4
7140833.111	675.2
7140843.061	675
7140853.112	673.6
7140863.062	673.5
7140873.113	672.7
7140883.113	671.8
7140893.064	671.3
7140903.064	671.2
7140913.114	671.1
7140923.065	669.4
7140933.065	669.6
7140943.116	668.8
7140953.066	668.4
7140963.067	667.3
7140973.067	668.1
7140983.117	668.3
7140993.118	666.5
7141003.068	667.1
7141013.119	666
7141023.119	664.5
7141033.12	664.8
7141043.12	655.2
7141053.07	624.8
7141063.121	590.4
7141073.121	549.3
7141083.122	502.7
7141093.072	453.5
7141103.122	399.7
7141113.073	346.2
7141123.123	291.6
7141133.124	225.1
7141143.074	175.1
7141153.075	127
7141163.125	84.7
7141173.075	48.7
7141183.076	20.1
7141193.126	4.3
7141203.127	2.5
7141213.127	2.3
7141223.078	2.3
7141233.128	2.2
7141243.128	2.1
7141253.129	2.1
7141263.129	1.7
7141273.13	1.5
7141283.13	1.5
7141293.131	1.5
7141303.131	1.4
7141313.081	1.4
7141323.082	1.4
7141333.132	1.4
7141343.083	1.3
7141353.133	1.3
7141363.134	1.3
7141373.134	1.4
7141383.084	1.3
7141393.135	1.3
7141403.135	1.3
7141413.136	1.3
7141423.136	1.3
7141433.087	1.3
7141443.137	1.3
7141453.087	1.3
7141463.138	1.2
7141473.138	1.3
7141483.089	1.3
7141493.089	1.3
7141503.14	1.3
7141513.14	1.2
7141523.14	1.2
7141533.141	1.3
7141543.141	1.2
7141553.142	1.2
7141563.142	1.2
7141573.143	1.2
31557185.89	0