#1	will need to update the number of rows in the next header row here.																					
float	DNI_THTFin_vdot(331,23)		#vectors: (SecOfYear), DNI (W/m2), THTF_in (K), vdot (m3/s), Egen(W), THTF_out (K), Tcavity (K), THTFout(K), Tcav(K), T_s3m6in, T_s3m6out, T_s3m5in, T_s3m5out, T_s3m4in, T_s3m4out, T_s3m3in, T_s3m3out, T_s3m2in, T_s3m2out, T_s3m1in, T_s3m1out, T_s2m6in, T_s2m1out, T_s2m2or3, T_s2m3or2																			
0	0.01	340.13	0.000001384	37.82	349.34	297.20	340.13	341.40	341.18	342.43	342.16	343.41	343.22	344.66	343.78	345.43	345.09	345.66	343.33	349.34	351.70	353.96
7133692.959	0.1	340.37	0.000001385	37.15	346.57	297.23	340.4	341.6	341.2	342.4	342.0	343.4	343.0	344.3	343.4	344.8	344.5	344.9	342.3	346.6	350.9	353.1
7133702.910	665.6	340.37	0.000001385	37.12	346.75	297.24	340.4	341.6	341.3	342.3	342.1	343.4	343.0	344.3	343.5	344.9	344.6	345.0	342.4	346.8	351.0	353.1
7133712.910	665.2	340.39	0.000001384	37.09	346.92	297.23	340.4	341.7	341.3	342.4	342.1	343.3	343.1	344.3	343.5	345.0	344.6	344.9	342.4	346.9	351.0	353.1
7133732.911	664.7	340.38	0.000001384	37.08	347.28	297.24	340.4	341.5	341.3	342.4	342.2	343.5	343.1	344.5	343.6	345.0	344.7	345.1	342.6	347.3	351.1	353.3
7133742.912	663.7	340.38	0.000001384	37.14	347.43	297.24	340.4	341.6	341.3	342.5	342.2	343.6	343.2	344.5	343.6	345.1	344.8	345.1	342.6	347.4	351.2	353.4
7133752.962	663.0	340.36	0.000001384	37.09	347.52	297.24	340.4	341.6	341.3	342.5	342.2	343.5	343.2	344.5	343.6	345.1	344.8	345.1	342.7	347.5	351.2	353.5
7133762.962	662.0	340.36	0.000001384	36.98	347.67	297.23	340.4	341.5	341.3	342.5	342.2	343.5	343.2	344.5	343.6	345.1	344.8	345.2	342.7	347.7	351.3	353.4
7133772.913	663.1	340.34	0.000001384	37.01	347.86	297.22	340.3	341.7	341.3	342.4	342.2	343.6	343.2	344.6	343.7	345.2	344.9	345.3	342.8	347.9	351.6	353.7
7133782.963	662.7	340.31	0.000001384	34.89	347.99	297.23	340.3	341.5	341.3	342.6	342.2	343.6	343.2	344.5	343.7	345.2	344.9	345.4	342.8	348.0	351.5	353.6
7133792.964	662.3	340.30	0.000001384	37.02	348.10	297.23	340.3	341.7	341.3	342.5	342.2	343.6	343.2	344.6	343.7	345.3	344.9	345.3	342.9	348.1	351.6	353.6
7133802.964	663.8	340.29	0.000001384	37.38	348.15	297.22	340.3	341.6	341.3	342.5	342.2	343.6	343.2	344.6	343.7	345.3	345.0	345.4	342.9	348.2	351.5	353.7
7133812.965	663.9	340.28	0.000001384	38.04	348.21	297.21	340.3	341.6	341.3	342.5	342.2	343.6	343.3	344.6	343.7	345.3	345.0	345.5	343.0	348.2	351.6	353.8
7133822.915	663.7	340.26	0.000001384	38.13	348.33	297.22	340.3	341.6	341.3	342.5	342.2	343.6	343.3	344.7	343.7	345.3	345.0	345.5	343.0	348.3	351.7	353.8
7133832.965	664.6	340.25	0.000001384	38.19	348.43	297.22	340.2	341.6	341.3	342.5	342.2	343.6	343.3	344.7	343.8	345.4	345.0	345.5	343.1	348.4	351.7	353.8
7133842.916	663.3	340.24	0.000001384	32.72	348.62	297.23	340.2	341.5	341.3	342.4	342.2	343.6	343.3	344.6	343.8	345.5	345.1	345.5	343.1	348.6	351.7	353.8
7133852.966	664.4	340.22	0.000001384	38.17	348.68	297.23	340.2	341.6	341.2	342.6	342.2	343.6	343.3	344.7	343.8	345.4	345.1	345.6	343.2	348.7	351.8	353.8
7133862.967	666.5	340.21	0.000001384	37.87	348.79	297.22	340.2	341.6	341.2	342.5	342.2	343.6	343.3	344.7	343.8	345.4	345.1	345.6	343.2	348.8	351.8	353.9
7133872.967	668.9	340.19	0.000001384	37.77	348.85	297.20	340.2	341.5	341.2	342.5	342.2	343.7	343.3	344.7	343.8	345.4	345.1	345.6	343.2	348.9	351.7	353.9
7133882.918	668.7	340.19	0.000001384	37.84	348.96	297.20	340.2	341.5	341.2	342.5	342.2	343.7	343.3	344.6	343.8	345.4	345.1	345.7	343.3	349.0	351.7	353.9
7133892.918	669.3	340.18	0.000001384	37.76	349.08	297.20	340.2	341.5	341.2	342.5	342.2	343.6	343.2	344.7	343.8	345.4	345.1	345.6	343.3	349.1	351.7	353.9
7133902.968	668.3	340.16	0.000001384	37.77	349.11	297.20	340.2	341.5	341.2	342.5	342.2	343.5	343.2	344.7	343.8	345.4	345.1	345.6	343.3	349.1	351.7	353.9
7133912.969	668.4	340.15	0.000001384	37.58	349.16	297.20	340.2	341.5	341.2	342.5	342.2	343.6	343.2	344.7	343.8	345.4	345.1	345.6	343.3	349.2	351.7	354.0
7133922.919	668.0	340.13	0.000001384	37.77	349.26	297.20	340.1	341.5	341.2	342.5	342.2	343.7	343.2	344.7	343.8	345.4	345.1	345.7	343.3	349.3	351.7	353.9
7133932.970	668.8	340.14	0.000001384	37.77	349.29	297.20	340.1	341.4	341.2	342.5	342.2	343.7	343.2	344.7	343.8	345.4	345.1	345.7	343.3	349.3	351.7	353.9
7133942.920	667.8	340.13	0.000001384	37.82	349.34	297.20	340.1	341.4	341.2	342.4	342.2	343.4	343.2	344.7	343.8	345.4	345.1	345.7	343.3	349.3	351.7	354.0
7133952.921	668.7	340.11	0.000001384	37.84	349.38	297.21	340.1	341.5	341.2	342.4	342.2	343.6	343.2	344.7	343.8	345.5	345.1	345.7	343.3	349.4	351.7	353.9
7133962.971	669.1	340.11	0.000001384	37.89	349.42	297.21	340.1	341.4	341.1	342.4	342.2	343.5	343.2	344.6	343.8	345.4	345.1	345.7	343.4	349.4	351.7	353.9
7133972.921	668.4	340.10	0.000001384	37.84	349.51	297.21	340.1	341.5	341.1	342.4	342.2	343.6	343.2	344.7	343.8	345.4	345.1	345.7	343.4	349.5	351.7	354.0
7133982.922	668.4	340.13	0.000001383	37.83	349.55	297.20	340.1	341.5	341.2	342.4	342.2	343.6	343.2	344.7	343.8	345.5	345.1	345.8	343.4	349.6	351.7	354.0
7133992.922	668.0	340.14	0.000001383	37.83	349.62	297.20	340.1	341.4	341.2	342.5	342.2	343.5	343.2	344.7	343.8	345.4	345.2	345.7	343.4	349.6	351.7	353.9
7134002.923	669.0	340.17	0.000001383	37.93	349.65	297.21	340.2	341.6	341.2	342.5	342.2	343.5	343.3	344.7	343.8	345.4	345.1	345.7	343.4	349.7	351.7	354.1
7134012.923	670.3	340.20	0.000001383	37.97	349.66	297.21	340.2	341.4	341.2	342.5	342.2	343.6	343.3	344.7	343.8	345.5	345.2	345.7	343.4	349.7	351.7	354.1
7134022.924	669.1	340.24	0.000001383	37.86	349.72	297.22	340.2	341.6	341.2	342.5	342.3	343.6	343.3	344.8	343.9	345.4	345.2	345.7	343.4	349.7	351.7	354.0
7134032.924	668.7	340.28	0.000001383	38.00	349.76	297.20	340.3	341.7	341.2	342.4	342.3	343.6	343.3	344.7	343.8	345.4	345.2	345.8	343.5	349.8	351.7	354.0
7134042.974	668.6	340.33	0.000001383	37.94	349.75	297.22	340.3	341.7	341.3	342.6	342.3	343.6	343.3	344.7	343.9	345.5	345.2	345.8	343.5	349.8	351.7	354.1
7134052.925	669.5	340.37	0.000001383	37.93	349.77	297.21	340.4	341.6	341.3	342.6	342.3	343.7	343.3	344.7	343.9	345.5	345.2	345.8	343.5	349.8	351.8	354.0
7134062.925	668.4	340.41	0.000001383	37.97	349.82	297.22	340.4	341.8	341.4	342.7	342.4	343.7	343.4	344.7	343.9	345.4	345.2	345.8	343.5	349.8	351.8	354.1
7134072.926	667.9	340.47	0.000001383	37.83	349.83	297.22	340.5	341.8	341.4	342.7	342.4	343.6	343.4	344.8	343.9	345.4	345.2	345.9	343.5	349.8	351.8	354.1
7134082.926	667.4	340.49	0.000001383	37.99	349.85	297.22	340.5	341.7	341.4	342.8	342.4	343.7	343.4	344.8	344.0	345.6	345.2	345.8	343.5	349.8	351.8	354.1
7134092.977	666.7	340.51	0.000001382	37.93	349.92	297.23	340.5	341.7	341.5	342.8	342.5	343.7	343.5	344.9	344.0	345.6	345.3	345.8	343.6	349.9	351.9	354.2
7134102.927	666.3	340.52	0.000001382	37.99	349.96	297.22	340.5	341.8	341.5	342.8	342.5	343.8	343.5	344.9	344.0	345.6	345.3	345.9	343.6	350.0	352.0	354.3
7134112.977	665.8	340.53	0.000001382	37.92	349.96	297.24	340.5	341.7	341.5	342.8	342.6	343.9	343.5	345.0	344.1	345.6	345.3	345.9	343.6	350.0	352.0	354.3
7134122.978	665.5	340.52	0.000001382	38.04	349.99	297.24	340.5	341.8	341.5	342.8	342.5	343.9	343.5	345.0	344.1	345.7	345.4	346.0	343.6	350.0	352.1	354.3
7134132.928	667.0	340.52	0.000001382	38.16	350.08	297.23	340.5	341.8	341.5	342.8	342.6	344.0	343.5	344.9	344.1	345.7	345.4	346.0	343.7	350.1	352.1	354.5
7134142.979	666.3	340.53	0.000001382	38.10	350.05	297.24	340.5	341.9	341.5	343.0	342.6	343.9	343.6	345.0	344.2	345.7	345.4	346.1	343.7	350.1	352.1	354.5
7134152.929	667.3	340.53	0.000001382	38.16	350.11	297.23	340.5	341.8	341.6	342.9	342.6	344.0	343.6	345.0	344.2	345.8	345.5	346.1	343.7	350.1	352.1	354.5
7134162.930	666.6	340.51	0.000001382	24.59	350.17	297.24	340.5	341.8	341.6	342.9	342.6	343.8	343.6	345.0	344.2	345.7	345.5	346.1	343.8	350.2	352.2	354.5
7134172.980	667.6	340.52	0.000001383	38.21	350.31	297.25	340.5	341.9	341.6	343.0	342.6	343.9	343.6	345.0	344.2	345.9	345.6	346.2	343.8	350.3	352.8	354.4
7134182.980	667.7	340.50	0.000001383	38.07	350.37	297.25	340.5	341.8	341.5	342.9	342.6	344.0	343.6	345.0	344.3	345.9	345.5	346.2	343.8	350.4	352.5	354.4
7134192.931	668.0	340.49	0.000001383	38.15	350.39	297.25	340.5	341.8	341.5	342.9	342.6	344.0	343.6	345.1	344.3	345.9	345.6	346.2	343.9	350.4	352.4	354.6
7134202.931	667.9	340.50	0.000001383	38.16	350.40	297.26	340.5	341.9	341.6	343.0	342.7	344.0	343.6	345.2	344.2	345.9	345.6	346.2	343.9	350.4	352.4	354.7
7134212.932	667.2	340.48	0.000001383	38.02	350.52	297.27	340.5	341.8	341.6	342.9	342.6	344.1	343.7	345.1	344.3	346.0	345.6	346.2	343.9	350.5	352.4	354.7
7134222.932	667.4	340.47	0.000001383	38.07	350.47	297.27	340.5	341.8	341.6	342.9	342.6	343.9	343.7	345.1	344.3	345.9	345.6	346.2	343.9	350.5	352.4	354.7
7134232.983	665.4	340.46	0.000001383	37.93	350.59	297.26	340.5	341.8	341.5	342.9	342.6	343.9	343.7	345.1	344.3	345.9	345.6	346.2	344.0	350.6	352.4	354.6
7134242.983	666.4	340.47	0.000001383	37.99	350.54	297.26	340.5	341.9	341.5	342.9	342.6	344.0	343.6	345.1	344.3	345.9	345.6	346.3	344.0	350.5	352.4	354.6
7134252.983	666.6	340.45	0.000001383	38.31	350.59	297.27	340.4	341.8	341.5	342.9	342.6	343.9	343.7	345.1	344.3	346.0	345.6	346.3	344.0	350.6	352.4	354.6
7134262.934	667.0	340.44	0.000001383	38.20	350.69	297.27	340.4	341.8	341.5	342.9	342.6	344.0	343.7	345.1	344.3	345.9	345.7	346.4	344.0	350.7	352.4	354.7
7134272.984	666.3	340.43	0.000001383	38.28	350.75	297.29	340.4	341.9	341.5	342.9	342.6	344.0	343.7	345.1	344.3	346.0	345.7	346.3	344.0	350.7	352.4	354.7
7134282.935	666.7	340.42	0.000001383	38.37	350.73	297.28	340.4	341.8	341.5	342.9	342.6	344.0	343.7	345.1	344.3	345.9	345.6	346.4	344.0	350.7	352.4	354.8
7134292.935	668.5	340.41	0.000001383	38.37	350.82	297.27	340.4	341.8	341.5	342.8	342.6	344.0	343.7	345.1	344.4	346.0	345.7	346.4	344.1	350.8	352.5	354.8
7134302.936	669.4	340.40	0.000001383	38.40	350.83	297.28	340.4	341.8	341.5	342.9	342.6	344.0	343.7	345.1	344.3	346.0	345.7	346.4	344.1	350.8	352.4	354.9
7134312.986	669.3	340.40	0.000001383	38.37	350.88	297.26	340.4	341.8	341.5	342.9	342.6	344.0	343.7	345.2	344.3	345.9	345.6	346.5	344.1	350.9	352.5	354.9
7134322.986	668.1	340.39	0.000001383	38.81	350.84	297.26	340.4	341.8	341.5	342.9	342.6	343.9	343.7	345.2	344.4	346.0	345.7	346.5	344.1	350.8	352.6	354.8
7134332.987	667.5	340.39	0.000001383	38.82	350.99	297.27	340.4	341.8	341.5	342.9	342.7	344.0	343.7	345.2	344.4	346.0	345.7	346.4	344.1	351.0	352.7	355.0
7134342.937	668.3	340.40	0.000001383	38.85	350.98	297.26	340.4	341.8	341.5	343.0	342.7	344.1	343.7	345.3	344.4	346.1	345.8	346.5	344.1	351.0	352.7	355.1
7134352.938	670.4	340.39	0.000001383	38.53	351.04	297.28	340.4	341.7	341.5	342.9	342.7	344.1	343.8	345.3	344.4	346.1	345.8	346.6	344.1	351.0	352.8	355.2
7134362.988	672.9	340.38	0.000001383	38.50	351.08	297.27	340.4	341.8	341.5	343.0	342.7	344.0	343.8	345.3	344.5	346.1	345.8	346.5	344.2	351.1	352.8	355.2
7134372.939	673.5	340.39	0.000001382	38.47	351.18	297.28	340.4	341.7	341.5	342.9	342.7	344.0	343.7	345.3	344.4	346.1	345.8	346.6	344.2	351.2	352.7	355.2
7134382.989	673.7	340.39	0.000001382	38.57	351.13	297.27	340.4	341.7	341.5	342.9	342.6	344.0	343.7	345.2	344.5	346.1	345.8	346.6	344.2	351.1	352.7	355.1
7134392.989	673.7	340.38	0.000001382	38.48	351.15	297.26	340.4	341.8	341.5	342.9	342.6	344.0	343.7	345.2	344.4	346.1	345.8	346.6	344.2	351.2	352.7	355.1
7134402.990	673.2	340.41	0.000001382	38.37	351.20	297.27	340.4	341.9	341.5	342.9	342.6	344.0	343.7	345.3	344.4	346.0	345.8	346.5	344.2	351.2	352.7	355.1
7134412.940	672.8	340.41	0.000001382	38.48	351.25	297.26	340.4	341.7	341.5	342.9	342.7	344.0	343.7	345.3	344.4	346.0	345.8	346.4	344.2	351.3	352.6	355.0
7134422.941	672.6	340.45	0.000001382	38.40	351.30	297.26	340.4	341.8	341.5	343.0	342.6	343.9	343.7	345.2	344.4	346.0	345.8	346.5	344.2	351.3	352.6	355.0
7134432.941	672.5	340.47	0.000001382	38.43	351.31	297.25	340.5	341.9	341.5	343.0	342.7	344.0	343.7	345.3	344.4	346.0	345.8	346.6	344.2	351.3	352.6	355.0
7134442.942	672.4	340.50	0.000001382	38.37	351.31	297.25	340.5	341.9	341.6	343.0	342.7	344.0	343.8	345.3	344.4	346.1	345.8	346.5	344.2	351.3	352.7	355.1
7134452.992	673.3	340.54	0.000001382	38.48	351.37	297.25	340.5	341.9	341.6	343.0	342.7	344.2	343.8	345.3	344.5	346.0	345.8	346.6	344.2	351.4	352.7	355.1
7134462.942	674.1	340.56	0.000001382	38.38	351.34	297.26	340.6	341.9	341.6	343.0	342.7	344.1	343.8	345.4	344.4	346.1	345.8	346.6	344.2	351.3	352.8	355.1
7134472.993	673.8	340.59	0.000001382	38.36	351.36	297.27	340.6	341.9	341.6	343.2	342.8	344.1	343.8	345.3	344.5	346.2	345.8	346.7	344.3	351.4	352.7	355.2
7134482.943	674.0	340.63	0.000001382	38.27	351.40	297.26	340.6	341.9	341.7	343.1	342.8	344.1	343.8	345.3	344.5	346.1	345.9	346.6	344.3	351.4	352.8	355.2
7134492.994	673.8	340.65	0.000001382	38.30	351.35	297.26	340.6	342.1	341.7	343.1	342.9	344.2	343.9	345.3	344.5	346.1	345.9	346.6	344.3	351.4	352.8	355.2
7134502.944	674.5	340.66	0.000001382	38.45	351.47	297.27	340.7	342.1	341.7	343.2	342.9	344.1	343.9	345.4	344.6	346.2	345.9	346.7	344.3	351.5	352.8	355.3
7134512.945	675.0	340.67	0.000001382	38.65	351.48	297.28	340.7	342.1	341.8	343.2	342.9	344.2	343.9	345.4	344.6	346.3	345.9	346.7	344.3	351.5	352.9	355.4
7134522.945	673.8	340.67	0.000001382	38.55	351.51	297.27	340.7	342.2	341.8	343.2	342.9	344.3	343.9	345.4	344.7	346.2	346.0	346.8	344.3	351.5	352.9	355.4
7134532.945	674.0	340.70	0.000001382	38.58	351.50	297.27	340.7	342.0	341.8	343.3	343.0	344.3	344.0	345.5	344.7	346.4	346.0	346.8	344.4	351.5	352.9	355.4
7134542.996	673.6	340.68	0.000001382	38.53	351.48	297.28	340.7	342.1	341.8	343.2	343.0	344.4	344.0	345.5	344.7	346.3	346.0	346.7	344.4	351.5	353.0	355.5
7134552.946	673.7	340.69	0.000001382	38.43	351.61	297.29	340.7	342.3	341.8	343.3	343.0	344.4	344.0	345.6	344.7	346.4	346.1	346.9	344.4	351.6	353.0	355.5
7134562.947	672.6	340.70	0.000001382	38.45	351.56	297.31	340.7	342.1	341.8	343.4	343.0	344.4	344.0	345.6	344.7	346.4	346.1	347.0	344.4	351.6	353.0	355.5
7134572.947	672.1	340.69	0.000001382	38.51	351.66	297.32	340.7	342.1	341.8	343.3	343.0	344.3	344.0	345.6	344.7	346.4	346.1	346.9	344.5	351.7	353.1	355.6
7134582.948	672.1	340.68	0.000001382	38.44	351.66	297.32	340.7	342.2	341.8	343.3	343.0	344.4	344.0	345.6	344.7	346.4	346.1	346.8	344.5	351.7	353.1	355.5
7134592.948	671.4	340.67	0.000001382	38.43	351.69	297.32	340.7	342.1	341.8	343.2	343.0	344.3	344.0	345.6	344.8	346.4	346.1	347.1	344.5	351.7	353.0	355.5
7134602.998	671.1	340.67	0.000001382	38.47	351.75	297.31	340.7	342.2	341.8	343.3	343.0	344.3	344.0	345.6	344.8	346.4	346.1	347.1	344.6	351.8	353.1	355.6
7134612.999	671.3	340.66	0.000001382	38.53	351.74	297.32	340.7	342.1	341.8	343.3	343.0	344.4	344.1	345.7	344.8	346.4	346.1	347.0	344.6	351.7	353.1	355.6
7134622.949	672.0	340.64	0.000001382	38.45	351.80	297.32	340.6	342.1	341.8	343.2	343.0	344.3	344.1	345.6	344.8	346.4	346.2	347.0	344.6	351.8	353.1	355.5
7134632.950	671.3	340.64	0.000001382	38.45	351.84	297.31	340.6	342.1	341.8	343.2	343.0	344.4	344.0	345.5	344.8	346.4	346.1	347.0	344.6	351.8	353.1	355.5
7134643.000	671.1	340.64	0.000001382	38.48	351.90	297.31	340.6	342.2	341.8	343.3	343.0	344.3	344.0	345.6	344.7	346.4	346.2	346.9	344.6	351.9	353.1	355.6
7134652.951	671.0	340.63	0.000001382	38.41	351.89	297.32	340.6	342.1	341.8	343.3	343.1	344.5	344.1	345.6	344.8	346.4	346.2	347.0	344.6	351.9	353.2	355.6
7134662.951	670.3	340.60	0.000001382	38.55	351.91	297.33	340.6	342.1	341.8	343.3	343.0	344.3	344.0	345.6	344.8	346.5	346.2	347.1	344.6	351.9	353.1	355.7
7134673.001	671.6	340.60	0.000001382	38.41	351.92	297.34	340.6	342.0	341.8	343.3	343.0	344.3	344.1	345.5	344.8	346.5	346.1	347.1	344.6	351.9	353.2	355.7
7134682.952	670.2	340.59	0.000001382	38.44	351.96	297.34	340.6	342.0	341.8	343.3	343.0	344.3	344.0	345.6	344.8	346.4	346.2	347.0	344.6	352.0	353.1	355.7
7134692.952	669.6	340.57	0.000001382	38.53	351.97	297.33	340.6	342.1	341.8	343.3	343.0	344.4	344.0	345.6	344.8	346.4	346.2	347.1	344.7	352.0	353.2	355.6
7134702.953	670.0	340.57	0.000001382	38.53	351.98	297.34	340.6	342.0	341.7	343.3	343.0	344.3	344.0	345.7	344.8	346.5	346.2	347.1	344.6	352.0	353.2	355.7
7134712.953	669.3	340.57	0.000001382	38.55	351.98	297.34	340.6	342.0	341.8	343.3	343.0	344.3	344.0	345.6	344.8	346.5	346.2	347.2	344.7	352.0	353.1	355.6
7134722.954	669.9	340.56	0.000001382	38.63	352.08	297.34	340.6	342.1	341.7	343.2	343.0	344.3	344.1	345.6	344.8	346.5	346.2	347.1	344.7	352.1	353.2	355.7
7134733.004	669.4	340.55	0.000001382	38.58	352.10	297.36	340.5	341.9	341.7	343.3	343.0	344.3	344.0	345.6	344.8	346.5	346.2	347.1	344.7	352.1	353.2	355.6
7134743.004	669.6	340.53	0.000001382	38.64	352.16	297.35	340.5	342.0	341.7	343.3	343.0	344.3	344.0	345.6	344.8	346.5	346.2	347.1	344.7	352.2	353.2	355.6
7134752.955	669.8	340.53	0.000001382	38.58	352.11	297.35	340.5	341.9	341.7	343.3	343.0	344.3	344.0	345.7	344.8	346.4	346.2	347.1	344.7	352.1	353.2	355.7
7134763.005	669.8	340.52	0.000001382	38.70	352.13	297.34	340.5	342.0	341.7	343.3	343.0	344.3	344.0	345.5	344.8	346.5	346.2	347.1	344.7	352.1	353.2	355.7
7134772.956	670.4	340.51	0.000001382	38.65	352.25	297.34	340.5	342.0	341.7	343.3	343.0	344.3	344.0	345.6	344.8	346.4	346.2	347.2	344.7	352.2	353.2	355.6
7134782.956	669.4	340.50	0.000001382	38.72	352.17	297.34	340.5	342.0	341.7	343.1	343.0	344.4	344.0	345.6	344.8	346.4	346.2	347.0	344.7	352.2	353.2	355.6
7134792.957	669.4	340.48	0.000001382	38.75	352.22	297.33	340.5	341.9	341.7	343.2	342.9	344.3	344.0	345.5	344.8	346.4	346.2	347.1	344.8	352.2	353.2	355.7
7134802.957	669.9	340.48	0.000001382	38.77	352.20	297.34	340.5	341.9	341.7	343.2	342.9	344.3	344.0	345.5	344.8	346.4	346.2	347.1	344.8	352.2	353.1	355.7
7134812.957	669.4	340.47	0.000001382	38.81	352.25	297.34	340.5	341.9	341.7	343.3	342.9	344.2	344.0	345.6	344.8	346.4	346.2	347.1	344.7	352.2	353.1	355.7
7134822.958	669.2	340.48	0.000001382	38.72	352.20	297.34	340.5	341.9	341.7	343.2	342.9	344.2	344.0	345.5	344.7	346.5	346.1	347.1	344.8	352.2	353.2	355.7
7134832.958	668.5	340.51	0.000001382	38.80	352.25	297.34	340.5	342.1	341.7	343.2	343.0	344.3	344.0	345.6	344.8	346.4	346.2	347.1	344.8	352.3	353.2	355.7
7134842.959	669.7	340.54	0.000001382	38.85	352.25	297.33	340.5	341.9	341.7	343.3	343.0	344.3	344.0	345.6	344.8	346.4	346.1	347.1	344.8	352.3	353.2	355.7
7134852.959	669.9	340.58	0.000001382	38.91	352.26	297.33	340.6	342.0	341.7	343.2	343.0	344.3	344.0	345.7	344.8	346.5	346.2	347.2	344.8	352.3	353.2	355.6
7134862.960	669.6	340.60	0.000001382	38.94	352.31	297.34	340.6	342.0	341.7	343.3	343.1	344.4	344.0	345.5	344.8	346.4	346.2	347.1	344.8	352.3	353.2	355.7
7134872.960	670.1	340.64	0.000001382	38.84	352.25	297.36	340.6	342.0	341.7	343.4	343.0	344.3	344.0	345.6	344.8	346.5	346.2	347.3	344.8	352.3	353.2	355.7
7134882.960	669.7	340.66	0.000001381	38.28	352.37	297.36	340.7	342.0	341.8	343.3	343.0	344.3	344.0	345.6	344.8	346.5	346.2	347.2	344.8	352.4	353.2	355.8
7134892.961	668.6	340.71	0.000001381	38.62	352.33	297.37	340.7	342.2	341.8	343.4	343.1	344.5	344.1	345.7	344.8	346.4	346.2	347.1	344.8	352.3	353.2	355.8
7134902.961	669.2	340.74	0.000001381	38.94	352.32	297.37	340.7	342.1	341.8	343.4	343.1	344.4	344.1	345.6	344.9	346.5	346.2	347.2	344.8	352.3	353.3	355.9
7134913.012	667.8	340.79	0.000001381	38.91	352.35	297.37	340.8	342.3	341.9	343.5	343.2	344.5	344.1	345.7	344.9	346.5	346.3	347.3	344.8	352.4	353.4	355.8
7134922.962	666.9	340.84	0.000001381	38.91	352.36	297.37	340.8	342.3	341.9	343.6	343.2	344.6	344.2	345.8	344.9	346.6	346.3	347.3	344.8	352.4	353.3	355.9
7134933.012	667.1	340.87	0.000001381	38.89	352.42	297.37	340.9	342.2	342.0	343.5	343.3	344.7	344.2	345.8	345.0	346.6	346.3	347.3	344.9	352.4	353.3	355.9
7134943.013	666.5	340.90	0.000001381	38.87	352.43	297.36	340.9	342.2	342.0	343.6	343.3	344.5	344.2	345.8	345.0	346.7	346.4	347.4	344.9	352.4	353.4	356.0
7134952.963	665.7	340.93	0.000001381	38.97	352.42	297.37	340.9	342.3	342.0	343.6	343.3	344.6	344.3	345.8	345.0	346.7	346.4	347.3	344.9	352.4	353.4	356.0
7134963.014	665.4	340.95	0.000001381	38.99	352.48	297.36	341.0	342.4	342.1	343.6	343.3	344.6	344.3	345.9	345.1	346.6	346.4	347.4	344.9	352.5	353.5	356.1
7134972.964	663.8	340.96	0.000001381	38.92	352.48	297.37	341.0	342.4	342.1	343.7	343.4	344.6	344.3	345.9	345.1	346.7	346.5	347.5	345.0	352.5	353.4	356.1
7134982.965	664.0	340.97	0.000001381	38.99	352.54	297.39	341.0	342.4	342.1	343.7	343.4	344.7	344.4	346.0	345.1	346.7	346.5	347.4	345.0	352.5	353.5	356.1
7134992.965	663.8	340.98	0.000001381	39.02	352.61	297.38	341.0	342.4	342.1	343.7	343.4	344.7	344.4	346.0	345.2	346.9	346.5	347.5	345.0	352.6	353.6	356.1
7135003.015	663.1	340.98	0.000001381	38.95	352.56	297.39	341.0	342.4	342.1	343.8	343.5	344.7	344.4	346.0	345.1	346.9	346.5	347.5	345.0	352.6	353.6	356.2
7135013.016	663.1	340.99	0.000001381	38.99	352.57	297.39	341.0	342.4	342.1	343.7	343.4	344.7	344.4	346.0	345.2	346.9	346.6	347.5	345.1	352.6	353.6	356.2
7135023.016	663.0	340.99	0.000001381	38.97	352.70	297.39	341.0	342.4	342.1	343.8	343.5	344.7	344.4	346.0	345.2	346.8	346.6	347.6	345.1	352.7	353.6	356.3
7135032.967	662.5	340.98	0.000001381	39.07	352.68	297.39	341.0	342.4	342.1	343.8	343.5	344.8	344.4	346.0	345.2	346.9	346.6	347.4	345.1	352.7	353.7	356.3
7135042.967	664.3	340.98	0.000001381	39.11	352.73	297.38	341.0	342.4	342.1	343.8	343.5	344.7	344.4	346.1	345.2	346.9	346.6	347.6	345.1	352.7	353.7	356.3
7135052.968	663.9	340.97	0.000001381	39.08	352.75	297.39	341.0	342.5	342.1	343.8	343.5	344.7	344.5	346.0	345.2	346.9	346.6	347.7	345.2	352.7	353.7	356.3
7135063.018	664.2	340.96	0.000001381	39.07	352.68	297.39	341.0	342.4	342.1	343.7	343.5	344.8	344.4	346.1	345.3	346.9	346.6	347.6	345.2	352.7	353.7	356.3
7135073.018	664.5	340.96	0.000001381	39.09	352.85	297.40	341.0	342.4	342.1	343.7	343.5	344.7	344.4	346.0	345.2	346.8	346.6	347.7	345.2	352.8	353.8	356.4
7135083.019	664.3	340.97	0.000001381	39.12	352.83	297.40	341.0	342.5	342.1	343.7	343.5	344.8	344.5	346.0	345.3	346.8	346.6	347.6	345.2	352.8	354.0	356.4
7135093.019	664.6	340.97	0.000001381	38.95	352.91	297.40	341.0	342.4	342.1	343.7	343.5	344.8	344.5	346.1	345.3	346.9	346.6	347.8	345.2	352.9	354.0	356.3
7135102.970	666.0	340.97	0.000001381	39.15	352.88	297.41	341.0	342.5	342.1	343.7	343.5	344.7	344.4	346.0	345.3	346.9	346.6	347.7	345.2	352.9	354.0	356.3
7135112.970	667.0	340.96	0.000001381	39.19	352.90	297.42	341.0	342.4	342.1	343.7	343.5	344.8	344.5	346.1	345.3	346.9	346.6	347.5	345.2	352.9	354.0	356.3
7135123.021	669.2	340.97	0.000001381	39.16	352.93	297.42	341.0	342.4	342.1	343.8	343.5	344.7	344.5	346.2	345.2	346.9	346.6	347.8	345.2	352.9	354.0	356.4
7135132.971	670.7	340.96	0.000001381	39.16	353.04	297.42	341.0	342.4	342.1	343.8	343.5	344.8	344.4	346.0	345.3	346.9	346.7	347.7	345.3	353.0	354.0	356.3
7135143.021	670.9	340.94	0.000001381	39.11	352.95	297.42	340.9	342.5	342.1	343.7	343.5	344.7	344.5	346.0	345.3	346.9	346.7	347.6	345.3	353.0	354.0	356.3
7135153.022	671.5	340.94	0.000001381	39.16	352.99	297.41	340.9	342.6	342.1	343.7	343.5	344.8	344.4	346.0	345.3	346.9	346.6	347.8	345.3	353.0	354.0	356.4
7135162.972	672.7	340.91	0.000001381	39.21	353.03	297.42	340.9	342.4	342.1	343.8	343.5	344.8	344.4	346.0	345.3	347.0	346.6	347.8	345.3	353.0	354.0	356.4
7135173.023	672.8	340.91	0.000001381	39.19	353.05	297.44	340.9	342.4	342.1	343.7	343.5	344.8	344.4	346.1	345.2	346.9	346.6	347.7	345.3	353.0	354.0	356.4
7135182.973	673.7	340.91	0.000001381	39.21	353.03	297.44	340.9	342.4	342.1	343.7	343.5	344.8	344.5	346.0	345.2	347.0	346.6	347.6	345.3	353.0	354.1	356.4
7135192.974	674.1	340.90	0.000001381	39.22	353.10	297.43	340.9	342.4	342.1	343.7	343.5	344.8	344.4	346.1	345.2	347.0	346.7	347.7	345.3	353.1	354.0	356.4
7135202.974	674.9	340.89	0.000001381	39.18	353.06	297.43	340.9	342.4	342.1	343.8	343.5	344.7	344.4	346.1	345.2	346.9	346.6	347.9	345.3	353.1	354.1	356.4
7135212.974	675.5	340.88	0.000001381	39.19	353.11	297.43	340.9	342.3	342.0	343.8	343.5	344.7	344.4	346.0	345.2	346.9	346.6	347.8	345.3	353.1	354.1	356.4
7135223.025	675.0	340.86	0.000001381	39.24	353.18	297.44	340.9	342.3	342.0	343.7	343.4	344.7	344.4	346.0	345.2	346.9	346.6	347.7	345.3	353.2	354.1	356.4
7135233.025	674.7	340.87	0.000001381	39.24	353.14	297.44	340.9	342.3	342.1	343.7	343.4	344.8	344.5	346.1	345.3	347.0	346.6	347.8	345.3	353.1	354.1	356.4
7135243.026	674.9	340.85	0.000001381	39.24	353.13	297.44	340.8	342.3	342.1	343.8	343.4	344.8	344.4	346.0	345.2	347.0	346.7	347.7	345.3	353.1	354.1	356.4
7135252.976	675.7	340.84	0.000001381	39.32	353.18	297.44	340.8	342.3	342.0	343.8	343.4	344.6	344.4	346.1	345.2	346.9	346.6	347.8	345.3	353.2	354.1	356.4
7135262.977	676.9	340.84	0.000001381	39.28	353.28	297.44	340.8	342.2	342.0	343.7	343.4	344.7	344.4	346.0	345.2	346.9	346.6	347.7	345.3	353.3	354.2	356.4
7135273.027	676.3	340.83	0.000001381	39.35	353.25	297.44	340.8	342.3	342.0	343.7	343.4	344.7	344.4	346.0	345.2	346.9	346.6	347.5	345.3	353.2	354.1	356.4
7135282.977	675.6	340.83	0.000001381	39.38	353.20	297.45	340.8	342.3	342.0	343.7	343.5	344.7	344.4	346.0	345.3	347.0	346.6	347.7	345.3	353.2	354.1	356.3
7135293.028	676.7	340.80	0.000001381	39.38	353.20	297.45	340.8	342.3	342.0	343.7	343.4	344.7	344.4	346.1	345.2	346.9	346.6	347.7	345.3	353.2	354.1	356.4
7135302.978	676.9	340.83	0.000001381	39.39	353.29	297.45	340.8	342.3	342.0	343.7	343.4	344.7	344.4	346.0	345.2	346.9	346.7	347.8	345.3	353.3	354.1	356.3
7135313.029	675.1	340.84	0.000001381	39.39	353.22	297.44	340.8	342.3	342.0	343.7	343.4	344.7	344.4	346.0	345.2	346.9	346.6	347.7	345.3	353.2	354.1	356.3
7135322.979	676.1	340.86	0.000001381	39.41	353.27	297.43	340.9	342.3	342.0	343.7	343.5	344.7	344.4	346.0	345.2	346.9	346.6	347.8	345.3	353.3	354.2	356.3
7135333.030	676.3	340.89	0.000001381	39.45	353.36	297.46	340.9	342.4	342.0	343.8	343.4	344.7	344.4	346.0	345.2	346.9	346.7	347.6	345.3	353.4	354.1	356.3
7135343.030	674.7	340.92	0.000001381	39.32	353.35	297.45	340.9	342.4	342.0	343.8	343.5	344.8	344.4	346.0	345.2	346.9	346.6	347.6	345.3	353.3	354.2	356.4
7135352.980	674.4	340.95	0.000001381	39.39	353.31	297.45	340.9	342.4	342.1	343.8	343.5	344.6	344.4	346.1	345.2	346.9	346.7	347.9	345.3	353.3	354.1	356.4
7135363.031	673.3	340.98	0.000001381	39.45	353.27	297.46	341.0	342.4	342.1	343.8	343.5	344.8	344.4	346.0	345.2	346.9	346.6	347.8	345.4	353.3	354.1	356.3
7135373.031	673.5	341.02	0.000001380	39.45	353.31	297.45	341.0	342.5	342.1	343.8	343.5	344.8	344.4	346.0	345.2	346.8	346.6	347.9	345.4	353.3	354.1	356.3
7135383.032	673.9	341.06	0.000001380	39.45	353.29	297.45	341.1	342.5	342.1	343.9	343.5	344.7	344.4	346.0	345.2	346.9	346.6	347.7	345.4	353.3	354.0	356.4
7135393.032	673.4	341.10	0.000001380	39.42	353.30	297.47	341.1	342.6	342.2	343.9	343.6	344.8	344.5	346.0	345.3	346.9	346.6	347.7	345.4	353.3	354.1	356.4
7135403.033	673.6	341.16	0.000001380	39.48	353.32	297.47	341.2	342.6	342.2	343.9	343.6	344.8	344.5	346.1	345.3	347.0	346.6	347.9	345.4	353.3	354.1	356.5
7135413.033	673.5	341.19	0.000001380	39.49	353.28	297.48	341.2	342.6	342.3	344.0	343.7	344.9	344.5	346.1	345.3	346.9	346.7	347.8	345.3	353.3	354.2	356.5
7135423.033	672.5	341.21	0.000001380	39.55	353.37	297.48	341.2	342.7	342.3	343.9	343.7	344.9	344.6	346.1	345.4	347.0	346.7	347.8	345.4	353.4	354.2	356.5
7135432.984	671.7	341.25	0.000001380	39.60	353.33	297.48	341.3	342.6	342.3	344.1	343.8	345.0	344.6	346.1	345.3	347.0	346.7	347.9	345.4	353.3	354.3	356.5
7135443.034	671.8	341.26	0.000001380	39.53	353.26	297.48	341.3	342.8	342.3	344.0	343.8	345.0	344.6	346.2	345.4	347.1	346.7	348.0	345.5	353.3	354.3	356.4
7135452.985	670.9	341.26	0.000001380	39.53	353.35	297.48	341.3	342.8	342.4	344.1	343.8	345.0	344.6	346.2	345.4	347.0	346.8	347.8	345.5	353.4	354.2	356.5
7135463.035	669.7	341.26	0.000001380	39.62	353.36	297.49	341.3	342.7	342.4	344.1	343.8	345.0	344.6	346.2	345.4	347.1	346.7	348.1	345.5	353.4	354.3	356.6
7135472.986	670.9	341.25	0.000001380	39.53	353.41	297.47	341.3	342.7	342.4	344.1	343.8	345.0	344.6	346.3	345.4	347.1	346.8	348.0	345.5	353.4	354.4	356.7
7135483.036	670.6	341.25	0.000001380	39.60	353.37	297.48	341.3	342.6	342.4	344.0	343.8	344.9	344.6	346.2	345.5	347.1	346.8	348.0	345.5	353.4	354.3	356.7
7135492.986	670.1	341.24	0.000001380	39.63	353.45	297.48	341.2	342.7	342.4	344.2	343.8	345.0	344.7	346.2	345.5	347.1	346.8	347.9	345.6	353.5	354.3	356.7
7135502.987	670.3	341.24	0.000001380	39.60	353.46	297.49	341.2	342.7	342.4	344.2	343.8	345.1	344.7	346.3	345.4	347.1	346.8	347.9	345.6	353.5	354.4	356.8
7135512.987	668.6	341.22	0.000001380	39.66	353.49	297.49	341.2	342.6	342.4	344.1	343.8	345.0	344.7	346.3	345.5	347.1	346.8	348.0	345.6	353.5	354.5	356.7
7135522.988	669.6	341.21	0.000001380	39.72	353.48	297.49	341.2	342.7	342.4	344.0	343.8	345.0	344.7	346.3	345.5	347.1	346.8	348.0	345.6	353.5	354.5	356.7
7135533.038	670.1	341.20	0.000001380	39.69	353.55	297.50	341.2	342.8	342.4	344.1	343.8	345.0	344.7	346.3	345.5	347.1	346.8	348.0	345.6	353.5	354.5	356.7
7135542.989	670.2	341.18	0.000001380	39.68	353.53	297.51	341.2	342.6	342.4	344.1	343.8	345.0	344.7	346.3	345.5	347.1	346.9	348.1	345.6	353.5	354.5	356.8
7135553.039	669.2	341.18	0.000001381	39.76	353.67	297.51	341.2	342.6	342.4	344.2	343.9	345.0	344.7	346.2	345.5	347.2	346.9	348.1	345.7	353.7	354.5	356.7
7135563.039	668.9	341.17	0.000001381	39.68	353.65	297.50	341.2	342.6	342.4	344.1	343.8	344.9	344.7	346.2	345.5	347.2	346.9	347.9	345.7	353.6	354.5	356.8
7135572.990	669.5	341.15	0.000001381	39.70	353.65	297.51	341.2	342.6	342.3	344.0	343.8	345.0	344.7	346.3	345.5	347.2	346.9	348.0	345.7	353.6	354.4	356.8
7135582.990	669.2	341.14	0.000001381	39.75	353.64	297.52	341.1	342.6	342.3	344.0	343.8	345.0	344.7	346.3	345.5	347.2	346.9	348.0	345.7	353.6	354.5	356.7
7135593.041	669.6	341.12	0.000001381	39.72	353.64	297.52	341.1	342.5	342.3	344.1	343.8	345.0	344.7	346.2	345.5	347.1	346.9	348.1	345.7	353.6	354.4	356.7
7135603.041	670.0	341.11	0.000001381	39.76	353.68	297.52	341.1	342.6	342.3	344.0	343.8	344.9	344.7	346.3	345.5	347.2	346.9	348.0	345.7	353.7	354.4	356.8
7135612.992	669.6	341.10	0.000001381	39.76	353.69	297.54	341.1	342.5	342.3	344.1	343.8	345.1	344.7	346.3	345.5	347.2	346.9	348.0	345.7	353.7	354.5	356.7
7135622.992	669.7	341.09	0.000001381	39.80	353.70	297.54	341.1	342.5	342.3	344.0	343.8	345.0	344.7	346.2	345.5	347.2	346.9	348.2	345.7	353.7	354.5	356.6
7135633.042	669.0	341.08	0.000001381	39.77	353.73	297.54	341.1	342.5	342.3	344.1	343.8	344.9	344.6	346.3	345.5	347.1	346.9	348.0	345.7	353.7	354.4	356.7
7135642.993	669.0	341.05	0.000001381	39.80	353.68	297.53	341.1	342.5	342.3	344.1	343.8	345.0	344.6	346.2	345.5	347.2	346.9	348.1	345.7	353.7	354.4	356.7
7135653.043	670.0	341.05	0.000001381	39.79	353.77	297.53	341.0	342.5	342.3	344.0	343.8	344.9	344.6	346.2	345.5	347.2	346.9	348.1	345.7	353.8	354.5	356.6
7135663.044	669.4	341.03	0.000001381	39.83	353.77	297.54	341.0	342.5	342.3	344.1	343.7	345.0	344.6	346.4	345.5	347.2	346.9	348.2	345.7	353.8	354.5	356.7
7135673.044	670.0	341.01	0.000001381	39.75	353.76	297.54	341.0	342.6	342.3	344.0	343.8	344.9	344.6	346.2	345.5	347.1	346.9	348.1	345.7	353.8	354.5	356.7
7135683.045	670.3	341.01	0.000001381	39.80	353.85	297.53	341.0	342.5	342.2	344.0	343.8	345.0	344.7	346.3	345.5	347.1	346.9	348.2	345.7	353.8	354.5	356.6
7135692.995	672.1	340.99	0.000001381	39.97	353.82	297.56	341.0	342.6	342.2	344.0	343.8	345.0	344.6	346.1	345.5	347.2	346.9	348.2	345.7	353.8	354.5	356.7
7135703.045	672.6	340.97	0.000001381	39.90	353.90	297.57	341.0	342.4	342.2	344.0	343.8	344.9	344.6	346.3	345.5	347.2	346.9	347.9	345.7	353.9	354.6	356.8
7135712.996	674.6	340.95	0.000001381	40.24	353.85	297.54	340.9	342.5	342.2	344.0	343.7	344.9	344.6	346.2	345.5	347.2	346.9	348.0	345.7	353.9	354.6	356.7
7135723.046	673.5	340.93	0.000001381	40.31	353.88	297.56	340.9	342.5	342.2	344.0	343.8	344.9	344.6	346.3	345.5	347.2	346.9	348.1	345.7	353.9	354.6	356.8
7135732.997	674.2	340.93	0.000001381	40.61	353.98	297.57	340.9	342.4	342.2	344.0	343.8	345.0	344.7	346.3	345.5	347.2	346.9	348.2	345.8	354.0	354.7	356.8
7135742.997	674.9	340.91	0.000001381	40.56	353.90	297.56	340.9	342.5	342.2	344.1	343.8	345.0	344.7	346.3	345.5	347.3	347.0	348.3	345.8	353.9	354.7	356.9
7135752.998	675.4	340.90	0.000001381	40.64	353.98	297.56	340.9	342.4	342.2	344.0	343.7	344.9	344.7	346.3	345.5	347.2	347.0	348.2	345.8	354.0	354.7	356.9
7135763.048	675.3	340.90	0.000001381	40.64	353.91	297.55	340.9	342.5	342.2	344.0	343.8	344.9	344.7	346.3	345.5	347.3	347.0	348.2	345.8	353.9	354.7	356.9
7135772.998	676.1	340.89	0.000001381	40.73	353.89	297.55	340.9	342.4	342.2	344.1	343.8	345.0	344.7	346.3	345.6	347.2	347.0	348.3	345.8	353.9	354.7	356.9
7135783.049	676.4	340.87	0.000001381	40.80	353.87	297.56	340.9	342.4	342.2	344.0	343.8	345.0	344.6	346.3	345.5	347.2	347.0	348.3	345.9	353.9	354.6	356.9
7135793.049	677.6	340.87	0.000001381	40.71	354.02	297.57	340.9	342.4	342.2	344.0	343.8	344.9	344.7	346.2	345.6	347.2	347.0	348.1	345.8	354.0	354.7	356.9
7135803.000	678.3	340.85	0.000001381	40.73	354.00	297.56	340.9	342.3	342.1	344.0	343.7	344.9	344.7	346.3	345.5	347.3	346.9	348.3	345.9	354.0	354.7	357.0
7135813.000	677.5	340.84	0.000001381	40.81	354.11	297.55	340.8	342.3	342.2	344.0	343.8	344.9	344.6	346.3	345.6	347.2	347.0	348.3	345.8	354.1	354.7	356.9
7135823.001	676.4	340.84	0.000001381	40.87	354.10	297.54	340.8	342.3	342.1	343.9	343.7	344.9	344.6	346.3	345.5	347.2	347.0	348.3	345.9	354.1	354.7	356.9
7135833.051	677.0	340.83	0.000001381	40.88	354.12	297.54	340.8	342.3	342.1	343.9	343.7	344.9	344.7	346.3	345.6	347.2	346.9	348.3	345.9	354.1	354.8	356.9
7135843.001	675.9	340.84	0.000001381	40.91	354.12	297.55	340.8	342.3	342.1	344.0	343.7	344.9	344.6	346.3	345.6	347.3	346.9	348.2	345.9	354.1	354.7	356.9
7135853.052	675.9	340.85	0.000001381	40.81	354.17	297.55	340.9	342.3	342.1	344.0	343.8	345.0	344.7	346.3	345.5	347.3	347.0	348.1	345.9	354.2	354.7	356.8
7135863.002	676.7	340.87	0.000001381	40.90	354.16	297.55	340.9	342.4	342.1	344.0	343.8	345.0	344.7	346.3	345.6	347.3	347.0	348.4	345.9	354.2	354.7	356.8
7135873.003	676.2	340.89	0.000001380	40.87	354.08	297.54	340.9	342.5	342.1	344.1	343.8	345.0	344.7	346.3	345.5	347.2	347.0	348.3	345.9	354.1	354.7	356.9
7135883.003	676.5	340.92	0.000001380	40.87	354.21	297.54	340.9	342.5	342.2	344.1	343.8	345.1	344.7	346.3	345.5	347.3	347.0	348.4	345.9	354.2	354.7	356.8
7135893.054	676.2	340.93	0.000001380	40.88	354.26	297.53	340.9	342.6	342.2	344.2	343.8	345.0	344.7	346.3	345.6	347.3	347.0	348.4	345.9	354.3	354.8	356.8
7135903.004	677.1	340.97	0.000001380	40.95	354.22	297.53	341.0	342.5	342.2	344.1	343.8	345.1	344.8	346.4	345.6	347.3	347.0	348.2	345.9	354.2	354.8	356.9
7135913.004	677.1	341.00	0.000001380	40.91	354.27	297.53	341.0	342.5	342.2	344.1	343.8	345.0	344.8	346.4	345.6	347.3	347.0	348.4	345.9	354.3	354.8	356.9
7135923.055	676.9	341.04	0.000001380	40.85	354.19	297.53	341.0	342.5	342.3	344.2	343.9	345.1	344.8	346.4	345.7	347.3	347.0	348.4	346.0	354.2	354.8	356.9
7135933.055	678.0	341.08	0.000001380	40.92	354.36	297.52	341.1	342.6	342.3	344.2	343.9	345.1	344.8	346.3	345.7	347.3	347.1	348.3	346.0	354.4	354.9	357.0
7135943.006	677.7	341.12	0.000001380	40.92	354.35	297.53	341.1	342.5	342.3	344.2	344.0	345.2	344.8	346.5	345.7	347.4	347.1	348.6	346.0	354.3	355.0	357.1
7135953.056	678.5	341.14	0.000001380	41.07	354.29	297.52	341.1	342.6	342.4	344.3	344.0	345.2	344.9	346.4	345.7	347.4	347.1	348.4	346.0	354.3	355.0	357.1
7135963.007	680.4	341.17	0.000001380	41.08	354.34	297.51	341.2	342.8	342.4	344.3	344.0	345.3	344.9	346.5	345.8	347.5	347.2	348.7	346.0	354.3	355.0	357.2
7135973.057	680.6	341.19	0.000001380	41.02	354.41	297.51	341.2	342.7	342.4	344.3	344.1	345.3	344.9	346.6	345.8	347.5	347.2	348.5	346.0	354.4	355.0	357.2
7135983.007	682.1	341.21	0.000001380	41.09	354.41	297.50	341.2	342.7	342.5	344.4	344.1	345.3	345.0	346.6	345.8	347.5	347.3	348.7	346.1	354.4	355.1	357.3
7135993.008	682.3	341.23	0.000001380	41.27	354.40	297.48	341.2	342.7	342.5	344.3	344.1	345.3	345.0	346.6	345.9	347.5	347.3	348.5	346.1	354.4	355.1	357.4
7136003.008	682.6	341.22	0.000001380	41.28	354.45	297.50	341.2	342.8	342.5	344.5	344.1	345.4	345.0	346.6	345.9	347.6	347.3	348.6	346.2	354.4	355.1	357.4
7136013.059	682.7	341.23	0.000001380	41.35	354.51	297.49	341.2	342.8	342.5	344.4	344.2	345.3	345.1	346.7	345.9	347.7	347.3	348.8	346.2	354.5	355.2	357.5
7136023.009	682.9	341.22	0.000001380	41.44	354.54	297.48	341.2	342.8	342.5	344.4	344.2	345.4	345.1	346.8	346.0	347.6	347.4	348.7	346.2	354.5	355.2	357.5
7136033.060	682.6	341.23	0.000001380	41.42	354.62	297.47	341.2	342.7	342.5	344.5	344.2	345.4	345.1	346.7	346.0	347.7	347.4	348.6	346.2	354.6	355.3	357.6
7136043.060	682.4	341.25	0.000001380	41.45	354.60	297.48	341.2	342.8	342.5	344.5	344.2	345.4	345.1	346.8	346.0	347.7	347.4	348.7	346.3	354.6	355.2	357.7
7136053.060	682.6	341.22	0.000001380	41.40	354.70	297.46	341.2	342.8	342.5	344.6	344.2	345.4	345.1	346.7	346.0	347.8	347.4	348.8	346.3	354.7	355.2	357.6
7136063.061	681.2	341.22	0.000001380	41.38	354.75	297.45	341.2	342.8	342.5	344.5	344.2	345.4	345.1	346.8	346.0	347.7	347.5	348.8	346.3	354.8	355.3	357.7
7136073.011	680.8	341.21	0.000001380	41.40	354.70	297.44	341.2	342.7	342.5	344.5	344.2	345.4	345.1	346.8	346.0	347.7	347.5	348.8	346.4	354.7	355.4	357.7
7136083.062	680.0	341.21	0.000001380	41.30	354.78	297.45	341.2	342.7	342.5	344.4	344.2	345.4	345.1	346.9	346.0	347.7	347.5	348.6	346.4	354.8	355.4	357.6
7136093.012	681.1	341.20	0.000001380	41.48	354.78	297.46	341.2	342.8	342.5	344.5	344.2	345.4	345.1	346.8	346.1	347.8	347.5	348.8	346.4	354.8	355.4	357.6
7136103.013	680.6	341.20	0.000001380	41.47	354.77	297.44	341.2	342.8	342.5	344.4	344.2	345.4	345.1	346.8	346.0	347.8	347.5	348.9	346.4	354.8	355.4	357.7
7136113.063	681.6	341.20	0.000001380	41.51	354.88	297.44	341.2	342.7	342.5	344.6	344.2	345.4	345.2	346.7	346.1	347.8	347.5	348.8	346.4	354.9	355.4	357.7
7136123.063	681.4	341.19	0.000001380	41.44	354.85	297.42	341.2	342.8	342.5	344.5	344.2	345.4	345.1	346.8	346.1	347.8	347.5	348.7	346.4	354.9	355.4	357.8
7136133.014	680.2	341.18	0.000001380	41.48	354.92	297.43	341.2	342.7	342.5	344.5	344.3	345.4	345.1	346.8	346.1	347.7	347.5	349.1	346.4	354.9	355.4	357.7
7136143.014	681.0	341.17	0.000001380	41.58	354.90	297.44	341.2	342.8	342.5	344.6	344.2	345.5	345.1	346.8	346.1	347.8	347.5	348.9	346.5	354.9	355.5	357.8
7136153.015	679.9	341.17	0.000001380	41.54	354.99	297.43	341.2	342.6	342.5	344.5	344.3	345.5	345.1	346.7	346.1	347.8	347.5	348.8	346.5	355.0	355.5	357.8
7136163.065	679.2	341.17	0.000001380	41.65	355.03	297.43	341.2	342.7	342.5	344.6	344.2	345.4	345.1	346.8	346.1	347.8	347.6	348.9	346.5	355.0	355.5	357.8
7136173.066	678.8	341.15	0.000001380	41.52	354.92	297.43	341.2	342.8	342.5	344.5	344.2	345.5	345.1	346.7	346.1	347.8	347.5	349.0	346.5	354.9	355.5	357.9
7136183.016	678.6	341.14	0.000001380	41.55	355.07	297.43	341.1	342.6	342.5	344.5	344.2	345.5	345.1	346.8	346.1	347.7	347.5	349.1	346.5	355.1	355.5	357.9
7136193.066	678.4	341.12	0.000001380	41.65	355.04	297.43	341.1	342.6	342.5	344.4	344.3	345.5	345.1	346.8	346.1	347.8	347.5	348.8	346.5	355.0	355.5	357.9
7136203.017	677.6	341.12	0.000001380	41.64	355.06	297.42	341.1	342.7	342.5	344.4	344.2	345.4	345.1	346.8	346.1	347.8	347.5	348.8	346.5	355.1	355.5	357.8
7136213.067	677.5	341.11	0.000001380	41.61	355.12	297.43	341.1	342.7	342.4	344.5	344.2	345.4	345.1	346.8	346.1	347.8	347.5	348.9	346.5	355.1	355.5	357.8
7136223.068	676.3	341.10	0.000001380	41.59	355.23	297.44	341.1	342.6	342.4	344.5	344.2	345.5	345.1	346.8	346.1	347.8	347.5	348.9	346.5	355.2	355.5	357.8
7136233.018	677.0	341.10	0.000001380	41.75	355.21	297.44	341.1	342.7	342.4	344.4	344.2	345.4	345.1	346.7	346.1	347.8	347.6	349.1	346.5	355.2	355.5	357.8
7136243.019	676.2	341.08	0.000001380	41.69	355.22	297.43	341.1	342.7	342.4	344.5	344.2	345.4	345.1	346.9	346.1	347.8	347.5	349.0	346.5	355.2	355.5	357.9
7136253.069	675.5	341.09	0.000001380	41.61	355.20	297.44	341.1	342.6	342.4	344.5	344.2	345.4	345.1	346.8	346.1	347.9	347.5	349.1	346.5	355.2	355.5	357.8
7136263.019	674.5	341.08	0.000001380	41.61	355.20	297.44	341.1	342.6	342.4	344.5	344.2	345.5	345.1	346.8	346.1	347.8	347.5	348.9	346.6	355.2	355.6	357.9
7136273.020	673.6	341.07	0.000001380	41.64	355.32	297.43	341.1	342.7	342.4	344.4	344.2	345.4	345.1	346.8	346.1	347.8	347.5	349.0	346.5	355.3	355.5	357.8
7136283.020	674.1	341.05	0.000001380	41.59	355.25	297.42	341.1	342.6	342.4	344.4	344.2	345.3	345.1	346.7	346.1	347.9	347.5	349.1	346.5	355.3	355.6	357.7
7136293.071	672.9	341.05	0.000001380	41.65	355.25	297.44	341.0	342.6	342.4	344.4	344.2	345.4	345.1	346.8	346.0	347.8	347.5	349.1	346.5	355.2	355.5	357.7
7136303.021	673.0	341.04	0.000001380	41.58	355.16	297.42	341.0	342.6	342.4	344.4	344.2	345.3	345.1	346.8	346.0	347.8	347.6	348.9	346.5	355.2	355.5	357.7
7136313.072	673.1	341.04	0.000001380	41.65	355.30	297.43	341.0	342.5	342.4	344.4	344.2	345.4	345.1	346.8	346.1	347.8	347.5	349.0	346.5	355.3	355.4	357.7
7136323.072	673.5	341.03	0.000001380	41.68	355.26	297.42	341.0	342.6	342.4	344.5	344.1	345.3	345.1	346.7	346.1	347.8	347.5	349.0	346.5	355.3	355.5	357.8
7136333.022	673.3	341.02	0.000001380	41.62	355.29	297.41	341.0	342.5	342.4	344.5	344.2	345.4	345.1	346.8	346.0	347.7	347.5	349.0	346.5	355.3	355.5	357.8
7136343.023	671.8	341.01	0.000001380	41.66	355.28	297.40	341.0	342.6	342.3	344.4	344.2	345.4	345.1	346.8	346.0	347.8	347.5	349.1	346.5	355.3	355.4	357.7
7136353.073	670.4	341.00	0.000001380	41.61	355.26	297.39	341.0	342.6	342.3	344.3	344.1	345.3	345.0	346.8	346.1	347.8	347.5	349.1	346.5	355.3	355.5	357.8
7136363.024	671.2	340.99	0.000001380	21.59	355.39	297.40	341.0	342.5	342.3	344.5	344.2	345.2	345.0	346.7	346.0	347.8	347.5	348.9	346.5	355.4	355.5	357.8
7136373.024	671.8	341.00	0.000001380	27.79	355.25	297.41	341.0	342.7	342.4	344.5	344.2	345.4	345.1	346.9	346.1	348.0	347.7	349.1	346.5	355.3	356.7	359.4
7136383.025	672.4	340.98	0.000001380	41.80	355.41	297.41	341.0	342.7	342.5	344.6	344.3	345.5	345.1	346.9	346.2	348.1	347.8	349.3	346.5	355.4	356.2	358.5
7136393.025	671.4	340.98	0.000001380	41.82	355.41	297.41	341.0	342.6	342.4	344.5	344.2	345.4	345.2	346.9	346.2	348.0	347.7	349.3	346.6	355.4	355.9	357.9
7136403.025	670.2	340.97	0.000001380	41.80	355.44	297.40	341.0	342.6	342.4	344.4	344.3	345.4	345.1	346.8	346.1	348.0	347.7	349.3	346.6	355.4	355.7	357.6
7136413.076	669.9	340.98	0.000001380	41.83	355.44	297.39	341.0	342.5	342.3	344.4	344.2	345.4	345.1	346.9	346.1	347.9	347.6	349.3	346.7	355.4	355.7	357.4
7136423.026	670.3	340.96	0.000001380	41.86	355.40	297.39	341.0	342.5	342.3	344.4	344.2	345.3	345.1	346.8	346.1	347.9	347.6	349.1	346.7	355.4	355.6	357.3
7136433.027	669.4	340.97	0.000001380	41.82	355.34	297.39	341.0	342.6	342.3	344.4	344.1	345.3	345.0	346.7	346.1	347.8	347.5	349.0	346.6	355.3	355.6	357.2
7136443.027	668.2	340.96	0.000001380	41.82	355.37	297.39	341.0	342.5	342.3	344.3	344.2	345.4	345.0	346.8	346.0	347.8	347.5	349.1	346.6	355.4	355.5	357.2
7136453.028	670.1	340.98	0.000001380	41.96	355.48	297.42	341.0	342.6	342.3	344.4	344.1	345.5	345.0	346.7	346.0	347.8	347.5	349.1	346.6	355.5	355.5	357.2
7136463.078	669.9	340.99	0.000001380	41.90	355.52	297.40	341.0	342.6	342.3	344.5	344.1	345.3	345.0	346.7	346.0	347.8	347.4	348.9	346.6	355.5	355.4	357.2
7136473.028	670.6	341.02	0.000001380	41.79	355.41	297.39	341.0	342.5	342.3	344.5	344.2	345.3	345.0	346.6	346.0	347.8	347.5	349.0	346.6	355.4	355.4	357.2
7136483.079	670.9	341.04	0.000001380	41.96	355.45	297.40	341.0	342.6	342.3	344.5	344.2	345.3	345.0	346.7	346.0	347.7	347.4	349.2	346.6	355.5	355.5	357.2
7136493.079	672.6	341.07	0.000001380	41.99	355.35	297.39	341.1	342.7	342.3	344.5	344.2	345.3	345.1	346.7	346.0	347.7	347.5	348.9	346.6	355.4	355.5	357.3
7136503.080	674.1	341.09	0.000001380	42.14	355.47	297.39	341.1	342.6	342.4	344.5	344.3	345.4	345.1	346.8	346.0	347.8	347.5	348.9	346.5	355.5	355.5	357.3
7136513.030	673.9	341.14	0.000001380	42.07	355.42	297.39	341.1	342.7	342.4	344.5	344.2	345.4	345.1	346.8	346.1	347.7	347.5	349.0	346.5	355.4	355.5	357.4
7136523.081	673.6	341.17	0.000001380	42.08	355.50	297.40	341.2	342.9	342.4	344.7	344.3	345.4	345.1	346.8	346.1	347.8	347.6	349.0	346.6	355.5	355.5	357.4
7136533.031	674.1	341.22	0.000001380	42.04	355.47	297.39	341.2	342.8	342.5	344.6	344.4	345.6	345.2	346.9	346.1	347.9	347.6	349.0	346.6	355.5	355.6	357.4
7136543.081	672.9	341.24	0.000001380	42.06	355.46	297.39	341.2	342.8	342.5	344.6	344.4	345.5	345.2	346.9	346.2	347.9	347.6	349.2	346.6	355.5	355.6	357.5
7136553.082	673.2	341.27	0.000001380	42.10	355.46	297.40	341.3	342.8	342.5	344.7	344.4	345.6	345.2	346.9	346.2	347.9	347.6	349.0	346.6	355.5	355.6	357.5
7136563.032	673.0	341.29	0.000001380	42.00	355.49	297.41	341.3	343.0	342.6	344.6	344.4	345.6	345.3	347.0	346.2	348.0	347.7	349.2	346.6	355.5	355.6	357.5
7136573.083	672.9	341.30	0.000001380	42.00	355.46	297.39	341.3	342.9	342.6	344.8	344.5	345.6	345.3	347.0	346.2	347.9	347.7	349.5	346.6	355.5	355.8	357.5
7136583.033	671.9	341.30	0.000001380	42.10	355.47	297.40	341.3	342.8	342.6	344.8	344.5	345.7	345.3	347.0	346.2	348.0	347.7	349.1	346.7	355.5	355.7	357.5
7136593.084	672.4	341.31	0.000001380	42.07	355.49	297.38	341.3	342.9	342.6	344.7	344.5	345.6	345.3	347.0	346.3	348.0	347.7	349.4	346.7	355.5	355.7	357.6
7136603.084	673.1	341.31	0.000001380	42.08	355.49	297.39	341.3	342.9	342.6	344.8	344.5	345.6	345.3	347.0	346.3	348.1	347.7	349.3	346.7	355.5	355.8	357.5
7136613.084	672.6	341.31	0.000001380	42.20	355.52	297.39	341.3	342.9	342.6	344.8	344.5	345.6	345.3	347.0	346.3	348.0	347.8	349.3	346.7	355.5	355.8	357.6
7136623.085	673.4	341.30	0.000001380	42.28	355.47	297.41	341.3	343.0	342.6	344.7	344.5	345.7	345.3	347.1	346.3	348.0	347.8	349.1	346.8	355.5	355.9	357.7
7136633.035	673.0	341.31	0.000001380	42.00	355.64	297.44	341.3	342.9	342.6	344.8	344.6	345.8	345.3	347.0	346.3	348.1	347.8	349.3	346.8	355.6	355.9	357.6
7136643.036	673.4	341.31	0.000001380	42.03	355.67	297.44	341.3	342.9	342.6	345.0	344.5	345.7	345.4	347.1	346.3	348.1	347.8	349.3	346.8	355.7	356.0	357.5
7136653.086	672.7	341.30	0.000001380	42.04	355.74	297.44	341.3	342.9	342.6	344.7	344.6	345.8	345.4	347.1	346.4	348.2	347.8	349.3	346.8	355.7	356.0	357.6
7136663.087	671.5	341.31	0.000001380	41.58	355.79	297.42	341.3	342.9	342.6	344.8	344.6	345.8	345.4	347.1	346.4	348.1	347.8	349.6	346.8	355.8	355.9	357.5
7136673.037	671.6	341.30	0.000001380	41.99	355.69	297.40	341.3	342.8	342.6	344.8	344.5	345.6	345.4	347.1	346.4	348.2	347.9	349.3	346.8	355.7	355.9	357.5
7136683.087	670.9	341.29	0.000001380	41.94	355.64	297.42	341.3	342.8	342.6	344.9	344.5	345.7	345.4	347.0	346.3	348.2	347.8	349.6	346.9	355.6	355.9	357.5
7136693.088	671.3	341.28	0.000001380	41.99	355.75	297.45	341.3	342.7	342.6	344.8	344.6	345.7	345.4	347.1	346.3	348.2	347.8	349.4	346.9	355.8	356.0	357.5
7136703.088	671.0	341.29	0.000001380	42.03	355.79	297.45	341.3	342.9	342.6	344.9	344.5	345.6	345.4	347.1	346.4	348.1	347.9	349.5	346.9	355.8	355.9	357.5
7136713.089	670.6	341.27	0.000001380	41.99	355.84	297.44	341.3	342.8	342.6	344.9	344.6	345.6	345.4	347.0	346.4	348.2	347.8	349.5	346.9	355.8	355.9	357.5
7136723.039	671.0	341.27	0.000001380	42.06	355.83	297.44	341.3	342.9	342.6	344.8	344.6	345.7	345.4	347.1	346.4	348.1	347.8	349.3	346.9	355.8	355.9	357.5
7136733.040	670.6	341.24	0.000001380	42.13	355.97	297.44	341.2	342.9	342.6	344.8	344.5	345.6	345.4	347.0	346.3	348.2	347.8	349.6	346.9	356.0	356.0	357.5
7136743.040	671.0	341.24	0.000001380	42.06	355.77	297.44	341.2	342.9	342.6	344.9	344.6	345.7	345.4	347.1	346.3	348.1	347.8	349.5	346.9	355.8	356.0	357.4
7136753.040	670.0	341.23	0.000001380	42.08	355.83	297.42	341.2	342.8	342.6	344.9	344.5	345.6	345.4	347.0	346.3	348.0	347.9	349.6	346.9	355.8	355.9	357.5
7136763.091	671.0	341.22	0.000001380	42.14	355.95	297.46	341.2	342.8	342.6	344.9	344.6	345.7	345.4	347.1	346.4	348.1	347.9	349.4	346.9	356.0	356.0	357.6
7136773.041	670.5	341.21	0.000001380	42.18	355.91	297.45	341.2	342.8	342.5	344.8	344.6	345.7	345.4	347.1	346.4	348.1	347.9	349.6	346.9	355.9	355.9	357.6
7136783.042	669.5	341.21	0.000001380	42.17	355.93	297.44	341.2	342.7	342.6	344.8	344.6	345.6	345.4	347.1	346.3	348.1	347.8	349.5	346.9	355.9	356.0	357.6
7136793.042	669.6	341.19	0.000001380	42.18	355.96	297.45	341.2	342.7	342.6	344.8	344.6	345.7	345.4	347.0	346.4	348.2	347.8	349.4	346.9	356.0	356.0	357.6
7136803.043	670.7	341.19	0.000001380	42.25	356.00	297.47	341.2	342.9	342.5	344.7	344.5	345.7	345.3	347.1	346.4	348.2	347.8	349.7	346.9	356.0	356.0	357.6
7136813.043	670.2	341.19	0.000001380	42.14	356.16	297.47	341.2	342.7	342.5	344.8	344.6	345.7	345.4	347.1	346.4	348.1	347.9	349.4	346.9	356.2	356.0	357.5
7136823.093	670.6	341.18	0.000001380	42.25	356.05	297.48	341.2	342.8	342.5	344.8	344.5	345.6	345.4	347.0	346.3	348.2	347.8	349.6	346.9	356.1	356.0	357.6
7136833.094	669.9	341.17	0.000001380	42.21	356.03	297.46	341.2	342.8	342.5	344.8	344.5	345.6	345.4	347.1	346.3	348.1	347.9	349.6	346.9	356.0	356.0	357.6
7136843.044	670.6	341.17	0.000001380	42.29	355.99	297.48	341.2	342.8	342.5	344.7	344.5	345.7	345.4	347.0	346.3	348.2	347.8	349.5	346.9	356.0	356.0	357.6
7136853.095	671.1	341.16	0.000001380	42.21	355.99	297.46	341.2	342.7	342.5	344.8	344.5	345.7	345.4	347.1	346.3	348.1	347.8	349.4	346.9	356.0	355.9	357.6
7136863.045	670.5	341.15	0.000001380	42.28	355.98	297.47	341.2	342.8	342.5	344.8	344.5	345.7	345.3	347.0	346.4	348.1	347.8	349.6	346.9	356.0	356.0	357.7
7136873.096	669.7	341.14	0.000001380	42.21	356.07	297.50	341.1	342.8	342.5	344.8	344.5	345.6	345.4	347.1	346.4	348.1	347.8	349.6	346.9	356.1	356.0	357.7
7136883.046	670.0	341.13	0.000001380	42.22	356.19	297.49	341.1	342.9	342.5	344.7	344.5	345.7	345.3	347.0	346.3	348.1	347.8	349.6	346.9	356.2	356.0	357.7
7136893.046	670.0	341.13	0.000001380	42.22	356.07	297.50	341.1	342.7	342.5	344.8	344.5	345.6	345.3	347.1	346.4	348.1	347.9	349.7	346.9	356.1	355.9	357.6
7136903.097	670.1	341.11	0.000001380	42.26	356.24	297.48	341.1	342.7	342.4	344.8	344.5	345.6	345.3	347.1	346.4	348.0	347.9	349.5	346.9	356.2	356.0	357.6
7136913.047	670.2	341.11	0.000001380	42.22	356.04	297.48	341.1	342.7	342.4	344.8	344.5	345.6	345.3	347.1	346.3	348.1	347.8	349.4	347.0	356.0	356.0	357.5
7136923.048	670.1	341.07	0.000001380	42.28	356.01	297.48	341.1	342.7	342.5	344.7	344.5	345.6	345.3	347.1	346.3	348.1	347.8	349.4	346.9	356.0	356.0	357.6
7136933.048	670.1	341.08	0.000001380	42.26	355.95	297.48	341.1	342.7	342.4	344.8	344.5	345.5	345.3	347.0	346.3	348.0	347.8	349.4	347.0	355.9	356.0	357.5
7136943.049	669.4	341.06	0.000001380	42.22	356.10	297.50	341.1	342.6	342.4	344.9	344.5	345.5	345.3	347.1	346.3	348.0	347.8	349.5	346.9	356.1	356.0	357.5
7136953.049	669.4	341.06	0.000001380	42.15	356.16	297.51	341.1	342.8	342.4	344.7	344.5	345.6	345.3	347.0	346.3	348.1	347.8	349.4	346.9	356.2	356.0	357.6
7136963.049	669.8	341.02	0.000001380	42.25	356.18	297.51	341.0	342.7	342.4	344.7	344.4	345.6	345.2	346.9	346.3	348.0	347.8	349.4	346.9	356.2	356.0	357.5
7136973.050	670.7	341.02	0.000001380	42.24	356.08	297.50	341.0	342.7	342.4	344.7	344.5	345.6	345.2	346.9	346.2	348.1	347.7	349.6	346.9	356.1	356.0	357.5
7136983.100	670.6	341.02	0.000001380	42.26	356.15	297.48	341.0	342.6	342.4	344.6	344.4	345.5	345.3	347.0	346.2	347.9	347.8	349.3	346.9	356.2	355.9	357.5
7136993.101	670.8	341.01	0.000001380	42.32	356.05	297.48	341.0	342.6	342.4	344.7	344.4	345.4	345.2	346.9	346.2	348.1	347.8	349.1	346.9	356.1	356.0	357.5