[			
0	,	273.15	;
7132502.754	,	297.19	;
7132512.755	,	297.19	;
7132522.755	,	297.19	;
7132532.756	,	297.19	;
7132542.756	,	297.18	;
7132552.757	,	297.19	;
7132562.707	,	297.19	;
7132572.707	,	297.18	;
7132582.758	,	297.19	;
7132592.708	,	297.18	;
7132602.709	,	297.17	;
7132612.759	,	297.18	;
7132622.760	,	297.19	;
7132632.760	,	297.18	;
7132642.760	,	297.18	;
7132652.761	,	297.19	;
7132662.761	,	297.19	;
7132672.762	,	297.19	;
7132682.712	,	297.20	;
7132692.713	,	297.19	;
7132702.763	,	297.18	;
7132712.763	,	297.19	;
7132722.714	,	297.18	;
7132732.764	,	297.19	;
7132742.765	,	297.18	;
7132752.765	,	297.18	;
7132762.766	,	297.17	;
7132772.766	,	297.18	;
7132782.766	,	297.17	;
7132792.767	,	297.17	;
7132802.767	,	297.17	;
7132812.768	,	297.17	;
7132822.768	,	297.16	;
7132832.719	,	297.18	;
7132842.719	,	297.16	;
7132852.769	,	297.17	;
7132862.720	,	297.17	;
7132872.770	,	297.17	;
7132882.771	,	297.16	;
7132892.721	,	297.17	;
7132902.772	,	297.16	;
7132912.772	,	297.16	;
7132922.722	,	297.16	;
7132932.723	,	297.14	;
7132942.773	,	297.14	;
7132952.724	,	297.14	;
7132962.774	,	297.13	;
7132972.775	,	297.13	;
7132982.775	,	297.14	;
7132992.725	,	297.13	;
7133002.776	,	297.13	;
7133012.776	,	297.13	;
7133022.777	,	296.93	;
7133032.777	,	296.74	;
7133042.778	,	297.11	;
7133052.728	,	297.72	;
7133062.778	,	298.01	;
7133072.779	,	298.35	;
7133082.779	,	298.76	;
7133092.730	,	299.19	;
7133102.780	,	299.88	;
7133112.781	,	301.91	;
7133122.781	,	304.44	;
7133132.731	,	307.52	;
7133142.782	,	310.92	;
7133152.732	,	314.18	;
7133162.733	,	316.92	;
7133172.783	,	319.47	;
7133182.783	,	323.07	;
7133192.734	,	326.52	;
7133202.784	,	327.40	;
7133212.735	,	328.72	;
7133222.785	,	331.48	;
7133232.786	,	332.89	;
7133242.736	,	333.94	;
7133252.786	,	334.28	;
7133262.737	,	335.54	;
7133272.787	,	335.94	;
7133282.788	,	336.25	;
7133292.788	,	336.53	;
7133302.789	,	339.23	;
7133312.789	,	342.18	;
7133322.789	,	342.74	;
7133332.740	,	343.36	;
7133342.740	,	343.81	;
7133352.791	,	344.12	;
7133362.741	,	344.48	;
7133372.742	,	344.69	;
7133382.742	,	344.88	;
7133392.792	,	344.83	;
7133402.743	,	344.40	;
7133412.793	,	344.05	;
7133422.794	,	343.69	;
7133432.744	,	343.24	;
7133442.745	,	342.87	;
7133452.795	,	342.64	;
7133462.795	,	342.51	;
7133472.746	,	342.44	;
7133482.796	,	342.39	;
7133492.797	,	342.37	;
7133502.797	,	342.37	;
7133512.798	,	342.39	;
7133522.798	,	342.40	;
7133532.748	,	342.43	;
7133542.749	,	342.48	;
7133552.749	,	342.51	;
7133562.800	,	342.53	;
7133572.750	,	342.56	;
7133582.751	,	342.60	;
7133592.751	,	342.61	;
7133602.751	,	342.66	;
7133612.802	,	342.70	;
7133622.802	,	342.73	;
7133632.753	,	342.75	;
7133642.753	,	342.77	;
7133652.804	,	342.80	;
7133662.804	,	342.82	;
7133672.804	,	342.85	;
7133682.805	,	342.89	;
7133692.805	,	342.91	;
7133702.806	,	342.94	;
7133712.756	,	342.95	;
7133722.807	,	342.98	;
7133732.807	,	342.99	;
7133742.757	,	343.00	;
7133752.808	,	343.03	;
7133762.808	,	343.05	;
7133772.759	,	343.07	;
7133782.809	,	343.09	;
7133792.760	,	343.11	;
7133802.760	,	343.12	;
7133812.760	,	343.14	;
7133822.761	,	343.14	;
7133832.811	,	343.15	;
7133842.812	,	343.18	;
7133852.762	,	343.19	;
7133862.763	,	343.21	;
7133872.813	,	343.21	;
7133882.813	,	343.22	;
7133892.814	,	343.22	;
7133902.764	,	343.22	;
7133912.765	,	343.23	;
7133922.765	,	343.24	;
7133932.766	,	343.22	;
7133942.816	,	343.24	;
7133952.816	,	343.24	;
7133962.767	,	343.23	;
7133972.767	,	343.23	;
7133982.818	,	343.23	;
7133992.818	,	343.23	;
7134002.769	,	343.22	;
7134012.769	,	343.22	;
7134022.819	,	343.22	;
7134032.770	,	343.20	;
7134042.820	,	343.21	;
7134052.821	,	343.21	;
7134062.821	,	343.20	;
7134072.772	,	343.20	;
7134082.772	,	343.20	;
7134092.772	,	343.19	;
7134102.823	,	343.19	;
7134112.773	,	343.18	;
7134122.824	,	343.15	;
7134132.824	,	343.16	;
7134142.775	,	343.15	;
7134152.775	,	343.14	;
7134162.775	,	343.14	;
7134172.776	,	343.12	;
7134182.776	,	343.13	;
7134192.827	,	343.11	;
7134202.777	,	343.11	;
7134212.778	,	343.11	;
7134222.828	,	343.09	;
7134232.828	,	343.09	;
7134242.779	,	343.09	;
7134252.829	,	343.07	;
7134262.830	,	343.05	;
7134272.830	,	343.03	;
7134282.831	,	343.03	;
7134292.831	,	343.04	;
7134302.781	,	343.02	;
7134312.832	,	343.01	;
7134322.782	,	343.00	;
7134332.833	,	342.99	;
7134342.783	,	342.97	;
7134352.834	,	342.96	;
7134362.834	,	342.94	;
7134372.834	,	342.94	;
7134382.785	,	342.92	;
7134392.785	,	342.91	;
7134402.786	,	342.90	;
7134412.836	,	342.89	;
7134422.837	,	342.87	;
7134432.837	,	342.85	;
7134442.787	,	342.85	;
7134452.838	,	342.85	;
7134462.838	,	342.84	;
7134472.839	,	342.83	;
7134482.789	,	342.82	;
7134492.840	,	342.80	;
7134502.840	,	342.78	;
7134512.790	,	342.75	;
7134522.791	,	342.74	;
7134532.841	,	342.71	;
7134542.842	,	342.70	;
7134552.842	,	342.69	;
7134562.793	,	342.66	;
7134572.793	,	342.65	;
7134582.793	,	342.63	;
7134592.794	,	342.62	;
7134602.844	,	342.60	;
7134612.845	,	342.57	;
7134622.795	,	342.55	;
7134632.846	,	342.54	;
7134642.846	,	342.51	;
7134652.846	,	342.49	;
7134662.847	,	342.49	;
7134672.847	,	342.47	;
7134682.848	,	342.46	;
7134692.848	,	342.44	;
7134702.849	,	342.41	;
7134712.849	,	342.40	;
7134722.849	,	342.38	;
7134732.850	,	342.37	;
7134742.800	,	342.36	;
7134752.851	,	342.34	;
7134762.851	,	342.32	;
7134772.852	,	342.30	;
7134782.802	,	342.28	;
7134792.852	,	342.26	;
7134802.803	,	342.24	;
7134812.803	,	342.22	;
7134822.804	,	342.20	;
7134832.854	,	342.19	;
7134842.805	,	342.17	;
7134852.855	,	342.16	;
7134862.805	,	342.13	;
7134872.856	,	342.12	;
7134882.856	,	342.12	;
7134892.807	,	342.08	;
7134902.807	,	342.06	;
7134912.808	,	342.03	;
7134922.808	,	342.01	;
7134932.808	,	341.99	;
7134942.859	,	341.98	;
7134952.859	,	341.96	;
7134962.810	,	341.94	;
7134972.810	,	341.93	;
7134982.861	,	341.89	;
7134992.811	,	341.87	;
7135002.861	,	341.85	;
7135012.862	,	341.84	;
7135022.862	,	341.82	;
7135032.863	,	341.80	;
7135042.813	,	341.77	;
7135052.864	,	341.71	;
7135062.864	,	341.72	;
7135072.864	,	341.71	;
7135082.815	,	341.70	;
7135092.815	,	341.69	;
7135102.866	,	341.66	;
7135112.816	,	341.64	;
7135122.817	,	341.64	;
7135132.867	,	341.62	;
7135142.817	,	341.60	;
7135152.818	,	341.59	;
7135162.818	,	341.56	;
7135172.869	,	341.54	;
7135182.869	,	341.54	;
7135192.870	,	341.51	;
7135202.820	,	341.50	;
7135212.870	,	341.48	;
7135222.871	,	341.44	;
7135232.871	,	341.43	;
7135242.822	,	341.41	;
7135252.822	,	341.39	;
7135262.823	,	341.39	;
7135272.873	,	341.36	;
7135282.823	,	341.35	;
7135292.874	,	341.32	;
7135302.824	,	341.30	;
7135312.825	,	341.28	;
7135322.875	,	341.27	;
7135332.826	,	341.25	;
7135342.826	,	341.22	;
7135352.826	,	341.20	;
7135362.827	,	341.18	;
7135372.827	,	341.15	;
7135382.828	,	341.13	;
7135392.878	,	341.12	;
7135402.829	,	341.10	;
7135412.879	,	341.08	;
7135422.879	,	341.06	;
7135432.830	,	341.04	;
7135442.830	,	341.01	;
7135452.881	,	341.00	;
7135462.831	,	341.01	;
7135472.832	,	341.01	;
7135482.832	,	341.02	;
7135492.832	,	341.04	;
7135502.833	,	341.06	;
7135512.833	,	341.09	;
7135522.884	,	341.13	;
7135532.884	,	341.13	;
7135542.885	,	341.15	;
7135552.835	,	341.17	;
7135562.885	,	341.17	;
7135572.836	,	341.17	;
7135582.836	,	341.19	;
7135592.837	,	341.17	;
7135602.837	,	341.16	;
7135612.888	,	341.15	;
7135622.838	,	341.14	;
7135632.838	,	341.13	;
7135642.839	,	341.11	;
7135652.839	,	341.10	;
7135662.840	,	341.09	;
7135672.890	,	341.07	;
7135682.841	,	341.05	;
7135692.891	,	341.04	;
7135702.891	,	341.02	;
7135712.892	,	341.00	;
7135722.842	,	340.99	;
7135732.843	,	340.97	;
7135742.893	,	340.95	;
7135752.844	,	340.93	;
7135762.844	,	340.92	;
7135772.844	,	340.90	;
7135782.895	,	340.91	;
7135792.895	,	340.90	;
7135802.896	,	340.89	;
7135812.896	,	340.89	;
7135822.896	,	340.88	;
7135832.897	,	340.87	;
7135842.897	,	340.86	;
7135852.848	,	340.84	;
7135862.898	,	340.84	;
7135872.899	,	340.82	;
7135882.849	,	340.80	;
7135892.899	,	340.79	;
7135902.850	,	340.78	;
7135912.850	,	340.75	;
7135922.851	,	340.73	;
7135932.901	,	340.73	;
7135942.902	,	340.72	;
7135952.902	,	340.71	;
7135962.852	,	340.74	;
7135972.853	,	340.74	;
7135982.853	,	340.76	;
7135992.904	,	340.78	;
7136002.854	,	340.81	;
7136012.855	,	340.83	;
7136022.855	,	340.86	;
7136032.905	,	340.89	;
7136042.906	,	340.90	;
7136052.856	,	340.91	;
7136062.907	,	340.92	;
7136072.857	,	340.91	;
7136082.908	,	340.91	;
7136092.858	,	340.89	;
7136102.908	,	340.89	;
7136112.909	,	340.87	;
7136122.909	,	340.86	;
7136132.910	,	340.83	;
7136142.910	,	340.82	;
7136152.861	,	340.80	;
7136162.911	,	340.79	;
7136172.911	,	340.77	;
7136182.862	,	340.76	;
7136192.862	,	340.74	;
7136202.913	,	340.73	;
7136212.863	,	340.72	;
7136222.914	,	340.70	;
7136232.864	,	340.67	;
7136242.914	,	340.67	;
7136252.865	,	340.63	;
7136262.865	,	340.63	;
7136272.916	,	340.61	;
7136282.916	,	340.60	;
7136292.917	,	340.58	;
7136302.867	,	340.57	;
7136312.867	,	340.54	;
7136322.918	,	340.54	;
7136332.868	,	340.51	;
7136342.869	,	340.49	;
7136352.919	,	340.48	;
7136362.870	,	340.48	;
7136372.870	,	340.45	;
7136382.920	,	340.47	;
7136392.921	,	340.47	;
7136402.871	,	340.48	;
7136412.872	,	340.50	;
7136422.922	,	340.53	;
7136432.873	,	340.52	;
7136442.873	,	340.56	;
7136452.873	,	340.60	;
7136462.874	,	340.61	;
7136472.874	,	340.62	;
7136482.875	,	340.64	;
7136492.875	,	340.67	;
7136502.926	,	340.67	;
7136512.876	,	340.67	;
7136522.926	,	340.65	;
7136532.927	,	340.64	;
7136542.927	,	340.64	;
7136552.878	,	340.62	;
7136562.878	,	340.60	;
7136572.929	,	340.59	;
7136582.879	,	340.57	;
7136592.879	,	340.56	;
7136602.930	,	340.53	;
7136612.930	,	340.53	;
7136622.881	,	340.50	;
7136632.931	,	340.49	;
7136642.882	,	340.49	;
7136652.932	,	340.47	;
7136662.932	,	340.44	;
7136672.883	,	340.42	;
7136682.883	,	340.40	;
7136692.884	,	340.40	;
7136702.884	,	340.38	;
7136712.885	,	340.37	;
7136722.885	,	340.35	;
7136732.885	,	340.34	;
7136742.936	,	340.33	;
7136752.936	,	340.32	;
7136762.937	,	340.29	;
7136772.887	,	340.29	;
7136782.938	,	340.28	;
7136792.888	,	340.27	;
7136802.938	,	340.27	;
7136812.939	,	340.27	;
7136822.889	,	340.29	;
7136832.890	,	340.31	;
7136842.890	,	340.35	;
7136852.891	,	340.38	;
7136862.891	,	340.42	;
7136872.891	,	340.43	;
7136882.942	,	340.47	;
7136892.892	,	340.47	;
7136902.893	,	340.47	;
7136912.943	,	340.47	;
7136922.944	,	340.46	;
7136932.944	,	340.44	;
7136942.894	,	340.44	;
7136952.895	,	340.44	;
7136962.945	,	340.42	;
7136972.946	,	340.42	;
7136982.896	,	340.39	;
7136992.897	,	340.39	;
7137002.947	,	340.39	;
7137012.947	,	340.38	;
7137022.948	,	340.35	;
7137032.898	,	340.34	;
7137042.899	,	340.33	;
7137052.899	,	340.31	;
7137062.900	,	340.30	;
7137072.900	,	340.29	;
7137082.950	,	340.26	;
7137092.901	,	340.25	;
7137102.951	,	340.26	;
7137112.902	,	340.24	;
7137122.952	,	340.22	;
7137132.953	,	340.20	;
7137142.903	,	340.19	;
7137152.903	,	340.18	;
7137162.954	,	340.16	;
7137172.904	,	340.15	;
7137182.955	,	340.15	;
7137192.905	,	340.15	;
7137202.956	,	340.15	;
7137212.956	,	340.17	;
7137222.956	,	340.20	;
7137232.957	,	340.21	;
7137242.907	,	340.26	;
7137252.958	,	340.28	;
7137262.958	,	340.30	;
7137272.959	,	340.33	;
7137282.909	,	340.35	;
7137292.959	,	340.37	;
7137302.910	,	340.37	;
7137312.910	,	340.39	;
7137322.961	,	340.38	;
7137332.911	,	340.38	;
7137342.912	,	340.38	;
7137352.962	,	340.36	;
7137362.962	,	340.36	;
7137372.913	,	340.34	;
7137382.963	,	340.31	;
7137392.964	,	340.30	;
7137402.964	,	340.29	;
7137412.965	,	340.28	;
7137422.915	,	340.26	;
7137432.965	,	340.25	;
7137442.916	,	340.24	;
7137452.966	,	340.22	;
7137462.967	,	340.21	;
7137472.967	,	340.19	;
7137482.918	,	340.19	;
7137492.918	,	340.18	;
7137502.968	,	340.16	;
7137512.969	,	340.15	;
7137522.919	,	340.13	;
7137532.970	,	340.14	;
7137542.920	,	340.13	;
7137552.921	,	340.11	;
7137562.971	,	340.11	;
7137572.921	,	340.10	;
7137582.922	,	340.13	;
7137592.922	,	340.14	;
7137602.923	,	340.17	;
7137612.923	,	340.20	;
7137622.924	,	340.24	;
7137632.924	,	340.28	;
7137642.974	,	340.33	;
7137652.925	,	340.37	;
7137662.925	,	340.41	;
7137672.926	,	340.47	;
7137682.926	,	340.49	;
7137692.977	,	340.51	;
7137702.927	,	340.52	;
7137712.977	,	340.53	;
7137722.978	,	340.52	;
7137732.928	,	340.52	;
7137742.979	,	340.53	;
7137752.929	,	340.53	;
7137762.930	,	340.51	;
7137772.980	,	340.52	;
7137782.980	,	340.50	;
7137792.931	,	340.49	;
7137802.931	,	340.50	;
7137812.932	,	340.48	;
7137822.932	,	340.47	;
7137832.983	,	340.46	;
7137842.983	,	340.47	;
7137852.983	,	340.45	;
7137862.934	,	340.44	;
7137872.984	,	340.43	;
7137882.935	,	340.42	;
7137892.935	,	340.41	;
7137902.936	,	340.40	;
7137912.986	,	340.40	;
7137922.986	,	340.39	;
7137932.987	,	340.39	;
7137942.937	,	340.40	;
7137952.938	,	340.39	;
7137962.988	,	340.38	;
7137972.939	,	340.39	;
7137982.989	,	340.39	;
7137992.989	,	340.38	;
7138002.990	,	340.41	;
7138012.940	,	340.41	;
7138022.941	,	340.45	;
7138032.941	,	340.47	;
7138042.942	,	340.50	;
7138052.992	,	340.54	;
7138062.942	,	340.56	;
7138072.993	,	340.59	;
7138082.943	,	340.63	;
7138092.994	,	340.65	;
7138102.944	,	340.66	;
7138112.945	,	340.67	;
7138122.945	,	340.67	;
7138132.945	,	340.70	;
7138142.996	,	340.68	;
7138152.946	,	340.69	;
7138162.947	,	340.70	;
7138172.947	,	340.69	;
7138182.948	,	340.68	;
7138192.948	,	340.67	;
7138202.998	,	340.67	;
7138212.999	,	340.66	;
7138222.949	,	340.64	;
7138232.950	,	340.64	;
7138243.000	,	340.64	;
7138252.951	,	340.63	;
7138262.951	,	340.60	;
7138273.001	,	340.60	;
7138282.952	,	340.59	;
7138292.952	,	340.57	;
7138302.953	,	340.57	;
7138312.953	,	340.57	;
7138322.954	,	340.56	;
7138333.004	,	340.55	;
7138343.004	,	340.53	;
7138352.955	,	340.53	;
7138363.005	,	340.52	;
7138372.956	,	340.51	;
7138382.956	,	340.50	;
7138392.957	,	340.48	;
7138402.957	,	340.48	;
7138412.957	,	340.47	;
7138422.958	,	340.48	;
7138432.958	,	340.51	;
7138442.959	,	340.54	;
7138452.959	,	340.58	;
7138462.960	,	340.60	;
7138472.960	,	340.64	;
7138482.960	,	340.66	;
7138492.961	,	340.71	;
7138502.961	,	340.74	;
7138513.012	,	340.79	;
7138522.962	,	340.84	;
7138533.012	,	340.87	;
7138543.013	,	340.90	;
7138552.963	,	340.93	;
7138563.014	,	340.95	;
7138572.964	,	340.96	;
7138582.965	,	340.97	;
7138592.965	,	340.98	;
7138603.015	,	340.98	;
7138613.016	,	340.99	;
7138623.016	,	340.99	;
7138632.967	,	340.98	;
7138642.967	,	340.98	;
7138652.968	,	340.97	;
7138663.018	,	340.96	;
7138673.018	,	340.96	;
7138683.019	,	340.97	;
7138693.019	,	340.97	;
7138702.970	,	340.97	;
7138712.970	,	340.96	;
7138723.021	,	340.97	;
7138732.971	,	340.96	;
7138743.021	,	340.94	;
7138753.022	,	340.94	;
7138762.972	,	340.91	;
7138773.023	,	340.91	;
7138782.973	,	340.91	;
7138792.974	,	340.90	;
7138802.974	,	340.89	;
7138812.974	,	340.88	;
7138823.025	,	340.86	;
7138833.025	,	340.87	;
7138843.026	,	340.85	;
7138852.976	,	340.84	;
7138862.977	,	340.84	;
7138873.027	,	340.83	;
7138882.977	,	340.83	;
7138893.028	,	340.80	;
7138902.978	,	340.83	;
7138913.029	,	340.84	;
7138922.979	,	340.86	;
7138933.030	,	340.89	;
7138943.030	,	340.92	;
7138952.980	,	340.95	;
7138963.031	,	340.98	;
7138973.031	,	341.02	;
7138983.032	,	341.06	;
7138993.032	,	341.10	;
7139003.033	,	341.16	;
7139013.033	,	341.19	;
7139023.033	,	341.21	;
7139032.984	,	341.25	;
7139043.034	,	341.26	;
7139052.985	,	341.26	;
7139063.035	,	341.26	;
7139072.986	,	341.25	;
7139083.036	,	341.25	;
7139092.986	,	341.24	;
7139102.987	,	341.24	;
7139112.987	,	341.22	;
7139122.988	,	341.21	;
7139133.038	,	341.20	;
7139142.989	,	341.18	;
7139153.039	,	341.18	;
7139163.039	,	341.17	;
7139172.990	,	341.15	;
7139182.990	,	341.14	;
7139193.041	,	341.12	;
7139203.041	,	341.11	;
7139212.992	,	341.10	;
7139222.992	,	341.09	;
7139233.042	,	341.08	;
7139242.993	,	341.05	;
7139253.043	,	341.05	;
7139263.044	,	341.03	;
7139273.044	,	341.01	;
7139283.045	,	341.01	;
7139292.995	,	340.99	;
7139303.045	,	340.97	;
7139312.996	,	340.95	;
7139323.046	,	340.93	;
7139332.997	,	340.93	;
7139342.997	,	340.91	;
7139352.998	,	340.90	;
7139363.048	,	340.90	;
7139372.998	,	340.89	;
7139383.049	,	340.87	;
7139393.049	,	340.87	;
7139403.000	,	340.85	;
7139413.000	,	340.84	;
7139423.001	,	340.84	;
7139433.051	,	340.83	;
7139443.001	,	340.84	;
7139453.052	,	340.85	;
7139463.002	,	340.87	;
7139473.003	,	340.89	;
7139483.003	,	340.92	;
7139493.054	,	340.93	;
7139503.004	,	340.97	;
7139513.004	,	341.00	;
7139523.055	,	341.04	;
7139533.055	,	341.08	;
7139543.006	,	341.12	;
7139553.056	,	341.14	;
7139563.007	,	341.17	;
7139573.057	,	341.19	;
7139583.007	,	341.21	;
7139593.008	,	341.23	;
7139603.008	,	341.22	;
7139613.059	,	341.23	;
7139623.009	,	341.22	;
7139633.060	,	341.23	;
7139643.060	,	341.25	;
7139653.060	,	341.22	;
7139663.061	,	341.22	;
7139673.011	,	341.21	;
7139683.062	,	341.21	;
7139693.012	,	341.20	;
7139703.013	,	341.20	;
7139713.063	,	341.20	;
7139723.063	,	341.19	;
7139733.014	,	341.18	;
7139743.014	,	341.17	;
7139753.015	,	341.17	;
7139763.065	,	341.17	;
7139773.066	,	341.15	;
7139783.016	,	341.14	;
7139793.066	,	341.12	;
7139803.017	,	341.12	;
7139813.067	,	341.11	;
7139823.068	,	341.10	;
7139833.018	,	341.10	;
7139843.019	,	341.08	;
7139853.069	,	341.09	;
7139863.019	,	341.08	;
7139873.020	,	341.07	;
7139883.020	,	341.05	;
7139893.071	,	341.05	;
7139903.021	,	341.04	;
7139913.072	,	341.04	;
7139923.072	,	341.03	;
7139933.022	,	341.02	;
7139943.023	,	341.01	;
7139953.073	,	341.00	;
7139963.024	,	340.99	;
7139973.024	,	341.00	;
7139983.025	,	340.98	;
7139993.025	,	340.98	;
7140003.025	,	340.97	;
7140013.076	,	340.98	;
7140023.026	,	340.96	;
7140033.027	,	340.97	;
7140043.027	,	340.96	;
7140053.028	,	340.98	;
7140063.078	,	340.99	;
7140073.028	,	341.02	;
7140083.079	,	341.04	;
7140093.079	,	341.07	;
7140103.080	,	341.09	;
7140113.030	,	341.14	;
7140123.081	,	341.17	;
7140133.031	,	341.22	;
7140143.081	,	341.24	;
7140153.082	,	341.27	;
7140163.032	,	341.29	;
7140173.083	,	341.30	;
7140183.033	,	341.30	;
7140193.084	,	341.31	;
7140203.084	,	341.31	;
7140213.084	,	341.31	;
7140223.085	,	341.30	;
7140233.035	,	341.31	;
7140243.036	,	341.31	;
7140253.086	,	341.30	;
7140263.087	,	341.31	;
7140273.037	,	341.30	;
7140283.087	,	341.29	;
7140293.088	,	341.28	;
7140303.088	,	341.29	;
7140313.089	,	341.27	;
7140323.039	,	341.27	;
7140333.040	,	341.24	;
7140343.040	,	341.24	;
7140353.040	,	341.23	;
7140363.091	,	341.22	;
7140373.041	,	341.21	;
7140383.042	,	341.21	;
7140393.042	,	341.19	;
7140403.043	,	341.19	;
7140413.043	,	341.19	;
7140423.093	,	341.18	;
7140433.094	,	341.17	;
7140443.044	,	341.17	;
7140453.095	,	341.16	;
7140463.045	,	341.15	;
7140473.096	,	341.14	;
7140483.046	,	341.13	;
7140493.046	,	341.13	;
7140503.097	,	341.11	;
7140513.047	,	341.11	;
7140523.048	,	341.07	;
7140533.048	,	341.08	;
7140543.049	,	341.06	;
7140553.049	,	341.06	;
7140563.049	,	341.02	;
7140573.050	,	341.02	;
7140583.100	,	341.02	;
7140593.101	,	341.01	;
7140603.051	,	341.00	;
7140613.102	,	341.01	;
7140623.102	,	341.02	;
7140633.102	,	341.03	;
7140643.103	,	341.06	;
7140653.053	,	341.08	;
7140663.054	,	341.12	;
7140673.054	,	341.15	;
7140683.105	,	341.18	;
7140693.105	,	341.21	;
7140703.105	,	341.23	;
7140713.106	,	341.25	;
7140723.056	,	341.27	;
7140733.057	,	341.26	;
7140743.107	,	341.28	;
7140753.108	,	341.29	;
7140763.108	,	341.28	;
7140773.108	,	341.27	;
7140783.109	,	341.27	;
7140793.109	,	341.27	;
7140803.110	,	341.27	;
7140813.060	,	341.26	;
7140823.061	,	341.25	;
7140833.111	,	341.25	;
7140843.061	,	341.25	;
7140853.112	,	341.25	;
7140863.062	,	341.23	;
7140873.113	,	341.24	;
7140883.113	,	341.22	;
7140893.064	,	341.23	;
7140903.064	,	341.22	;
7140913.114	,	341.20	;
7140923.065	,	341.20	;
7140933.065	,	341.18	;
7140943.116	,	341.17	;
7140953.066	,	341.19	;
7140963.067	,	341.17	;
7140973.067	,	341.17	;
7140983.117	,	341.17	;
7140993.118	,	341.16	;
7141003.068	,	341.15	;
7141013.119	,	341.13	;
7141023.119	,	341.12	;
7141033.120	,	341.12	;
7141043.120	,	341.12	;
7141053.070	,	341.10	;
7141063.121	,	341.09	;
7141073.121	,	341.08	;
7141083.122	,	341.07	;
7141093.072	,	341.07	;
7141103.122	,	341.05	;
7141113.073	,	341.03	;
7141123.123	,	341.04	;
7141133.124	,	341.02	;
7141143.074	,	341.00	;
7141153.075	,	341.00	;
7141163.125	,	340.98	;
7141173.075	,	341.00	;
7141183.076	,	341.00	;
7141193.126	,	341.04	;
7141203.127	,	341.07	;
7141213.127	,	341.10	;
7141223.078	,	341.13	;
7141233.128	,	341.13	;
7141243.128	,	341.17	;
7141253.129	,	341.19	;
7141263.129	,	341.22	;
7141273.130	,	341.24	;
7141283.130	,	341.24	;
7141293.131	,	341.24	;
7141303.131	,	341.25	;
7141313.081	,	341.25	;
7141323.082	,	341.25	;
7141333.132	,	341.24	;
7141343.083	,	341.22	;
7141353.133	,	341.22	;
7141363.134	,	340.98	;
7141373.134	,	340.51	;
7141383.084	,	340.24	;
7141393.135	,	339.99	;
7141403.135	,	339.68	;
7141413.136	,	339.37	;
7141423.136	,	338.96	;
7141433.087	,	338.60	;
7141443.137	,	338.24	;
7141453.087	,	337.90	;
7141463.138	,	337.58	;
7141473.138	,	337.22	;
7141483.089	,	336.76	;
7141493.089	,	336.40	;
7141503.140	,	336.01	;
7141513.140	,	335.62	;
7141523.140	,	335.21	;
7141533.141	,	334.70	;
7141543.141	,	334.31	;
7141553.142	,	333.91	;
7141563.142	,	333.53	;
7141573.143	,	333.17	;
31557185.890	,	273.15	]