[			
0	,	0	;
7133372.74	,	0.000000000	;
7133382.74	,	0.000000000	;
7133392.79	,	0.000000000	;
7133402.74	,	0.000000000	;
7133412.79	,	0.000000000	;
7133422.79	,	0.000001385	;
7133432.74	,	0.000001384	;
7133442.75	,	0.000001384	;
7133452.80	,	0.000001383	;
7133462.80	,	0.000001383	;
7133472.75	,	0.000001383	;
7133482.80	,	0.000001382	;
7133492.80	,	0.000001382	;
7133502.80	,	0.000001382	;
7133512.80	,	0.000001382	;
7133522.80	,	0.000001382	;
7133532.75	,	0.000001382	;
7133542.75	,	0.000001381	;
7133552.75	,	0.000001381	;
7133562.80	,	0.000001381	;
7133572.75	,	0.000001381	;
7133582.75	,	0.000001381	;
7133592.75	,	0.000001381	;
7133602.75	,	0.000001381	;
7133612.80	,	0.000001381	;
7133622.80	,	0.000001381	;
7133632.75	,	0.000001381	;
7133642.75	,	0.000001381	;
7133652.80	,	0.000001381	;
7133662.80	,	0.000001381	;
7133672.80	,	0.000001381	;
7133682.81	,	0.000001381	;
7133692.81	,	0.000001381	;
7133702.81	,	0.000001381	;
7133712.76	,	0.000001381	;
7133722.81	,	0.000001381	;
7133732.81	,	0.000001381	;
7133742.76	,	0.000001381	;
7133752.81	,	0.000001381	;
7133762.81	,	0.000001381	;
7133772.76	,	0.000001381	;
7133782.81	,	0.000001381	;
7133792.76	,	0.000001381	;
7133802.76	,	0.000001381	;
7133812.76	,	0.000001381	;
7133822.76	,	0.000001381	;
7133832.81	,	0.000001381	;
7133842.81	,	0.000001381	;
7133852.76	,	0.000001381	;
7133862.76	,	0.000001381	;
7133872.81	,	0.000001381	;
7133882.81	,	0.000001381	;
7133892.81	,	0.000001381	;
7133902.76	,	0.000001381	;
7133912.77	,	0.000001381	;
7133922.77	,	0.000001381	;
7133932.77	,	0.000001381	;
7133942.82	,	0.000001381	;
7133952.82	,	0.000001381	;
7133962.77	,	0.000001381	;
7133972.77	,	0.000001381	;
7133982.82	,	0.000001381	;
7133992.82	,	0.000001381	;
7134002.77	,	0.000001381	;
7134012.77	,	0.000001381	;
7134022.82	,	0.000001381	;
7134032.77	,	0.000001381	;
7134042.82	,	0.000001381	;
7134052.82	,	0.000001381	;
7134062.82	,	0.000001381	;
7134072.77	,	0.000001381	;
7134082.77	,	0.000001381	;
7134092.77	,	0.000001381	;
7134102.82	,	0.000001381	;
7134112.77	,	0.000001381	;
7134122.82	,	0.000001381	;
7134132.82	,	0.000001381	;
7134142.78	,	0.000001381	;
7134152.78	,	0.000001381	;
7134162.78	,	0.000001381	;
7134172.78	,	0.000001381	;
7134182.78	,	0.000001381	;
7134192.83	,	0.000001381	;
7134202.78	,	0.000001381	;
7134212.78	,	0.000001381	;
7134222.83	,	0.000001381	;
7134232.83	,	0.000001382	;
7134242.78	,	0.000001382	;
7134252.83	,	0.000001382	;
7134262.83	,	0.000001382	;
7134272.83	,	0.000001382	;
7134282.83	,	0.000001382	;
7134292.83	,	0.000001382	;
7134302.78	,	0.000001382	;
7134312.83	,	0.000001382	;
7134322.78	,	0.000001382	;
7134332.83	,	0.000001382	;
7134342.78	,	0.000001382	;
7134352.83	,	0.000001382	;
7134362.83	,	0.000001382	;
7134372.83	,	0.000001382	;
7134382.79	,	0.000001382	;
7134392.79	,	0.000001382	;
7134402.79	,	0.000001382	;
7134412.84	,	0.000001382	;
7134422.84	,	0.000001382	;
7134432.84	,	0.000001382	;
7134442.79	,	0.000001382	;
7134452.84	,	0.000001382	;
7134462.84	,	0.000001382	;
7134472.84	,	0.000001382	;
7134482.79	,	0.000001382	;
7134492.84	,	0.000001382	;
7134502.84	,	0.000001382	;
7134512.79	,	0.000001382	;
7134522.79	,	0.000001382	;
7134532.84	,	0.000001383	;
7134542.84	,	0.000001383	;
7134552.84	,	0.000001383	;
7134562.79	,	0.000001383	;
7134572.79	,	0.000001383	;
7134582.79	,	0.000001383	;
7134592.79	,	0.000001383	;
7134602.84	,	0.000001383	;
7134612.85	,	0.000001383	;
7134622.80	,	0.000001383	;
7134632.85	,	0.000001383	;
7134642.85	,	0.000001383	;
7134652.85	,	0.000001383	;
7134662.85	,	0.000001383	;
7134672.85	,	0.000001383	;
7134682.85	,	0.000001383	;
7134692.85	,	0.000001383	;
7134702.85	,	0.000001383	;
7134712.85	,	0.000001383	;
7134722.85	,	0.000001383	;
7134732.85	,	0.000001383	;
7134742.80	,	0.000001383	;
7134752.85	,	0.000001383	;
7134762.85	,	0.000001383	;
7134772.85	,	0.000001383	;
7134782.80	,	0.000001383	;
7134792.85	,	0.000001383	;
7134802.80	,	0.000001383	;
7134812.80	,	0.000001384	;
7134822.80	,	0.000001384	;
7134832.85	,	0.000001384	;
7134842.81	,	0.000001384	;
7134852.86	,	0.000001384	;
7134862.81	,	0.000001384	;
7134872.86	,	0.000001384	;
7134882.86	,	0.000001384	;
7134892.81	,	0.000001384	;
7134902.81	,	0.000001384	;
7134912.81	,	0.000001384	;
7134922.81	,	0.000001384	;
7134932.81	,	0.000001384	;
7134942.86	,	0.000001384	;
7134952.86	,	0.000001384	;
7134962.81	,	0.000001384	;
7134972.81	,	0.000001384	;
7134982.86	,	0.000001384	;
7134992.81	,	0.000001384	;
7135002.86	,	0.000001384	;
7135012.86	,	0.000001384	;
7135022.86	,	0.000001384	;
7135032.86	,	0.000001384	;
7135042.81	,	0.000001384	;
7135052.86	,	0.000001385	;
7135062.86	,	0.000001385	;
7135072.86	,	0.000001385	;
7135082.82	,	0.000001385	;
7135092.82	,	0.000001385	;
7135102.87	,	0.000001385	;
7135112.82	,	0.000001385	;
7135122.82	,	0.000001385	;
7135132.87	,	0.000001385	;
7135142.82	,	0.000001385	;
7135152.82	,	0.000001385	;
7135162.82	,	0.000001385	;
7135172.87	,	0.000001385	;
7135182.87	,	0.000001385	;
7135192.87	,	0.000001385	;
7135202.82	,	0.000001385	;
7135212.87	,	0.000001385	;
7135222.87	,	0.000001385	;
7135232.87	,	0.000001385	;
7135242.82	,	0.000001385	;
7135252.82	,	0.000001385	;
7135262.82	,	0.000001385	;
7135272.87	,	0.000001385	;
7135282.82	,	0.000001386	;
7135292.87	,	0.000001386	;
7135302.82	,	0.000001386	;
7135312.83	,	0.000001386	;
7135322.88	,	0.000001386	;
7135332.83	,	0.000001386	;
7135342.83	,	0.000001386	;
7135352.83	,	0.000001386	;
7135362.83	,	0.000001386	;
7135372.83	,	0.000001386	;
7135382.83	,	0.000001386	;
7135392.88	,	0.000001386	;
7135402.83	,	0.000001386	;
7135412.88	,	0.000001386	;
7135422.88	,	0.000001386	;
7135432.83	,	0.000001386	;
7135442.83	,	0.000001386	;
7135452.88	,	0.000001386	;
7135462.83	,	0.000001386	;
7135472.83	,	0.000001386	;
7135482.83	,	0.000001386	;
7135492.83	,	0.000001386	;
7135502.83	,	0.000001386	;
7135512.83	,	0.000001386	;
7135522.88	,	0.000001386	;
7135532.88	,	0.000001386	;
7135542.89	,	0.000001386	;
7135552.84	,	0.000001386	;
7135562.89	,	0.000001386	;
7135572.84	,	0.000001386	;
7135582.84	,	0.000001386	;
7135592.84	,	0.000001386	;
7135602.84	,	0.000001386	;
7135612.89	,	0.000001386	;
7135622.84	,	0.000001386	;
7135632.84	,	0.000001386	;
7135642.84	,	0.000001386	;
7135652.84	,	0.000001386	;
7135662.84	,	0.000001386	;
7135672.89	,	0.000001386	;
7135682.84	,	0.000001386	;
7135692.89	,	0.000001386	;
7135702.89	,	0.000001386	;
7135712.89	,	0.000001386	;
7135722.84	,	0.000001386	;
7135732.84	,	0.000001386	;
7135742.89	,	0.000001386	;
7135752.84	,	0.000001386	;
7135762.84	,	0.000001386	;
7135772.84	,	0.000001386	;
7135782.90	,	0.000001386	;
7135792.90	,	0.000001386	;
7135802.90	,	0.000001387	;
7135812.90	,	0.000001387	;
7135822.90	,	0.000001387	;
7135832.90	,	0.000001387	;
7135842.90	,	0.000001387	;
7135852.85	,	0.000001387	;
7135862.90	,	0.000001387	;
7135872.90	,	0.000001387	;
7135882.85	,	0.000001387	;
7135892.90	,	0.000001387	;
7135902.85	,	0.000001387	;
7135912.85	,	0.000001387	;
7135922.85	,	0.000001387	;
7135932.90	,	0.000001387	;
7135942.90	,	0.000001387	;
7135952.90	,	0.000001387	;
7135962.85	,	0.000001387	;
7135972.85	,	0.000001387	;
7135982.85	,	0.000001387	;
7135992.90	,	0.000001387	;
7136002.85	,	0.000001387	;
7136012.86	,	0.000001387	;
7136022.86	,	0.000001387	;
7136032.91	,	0.000001387	;
7136042.91	,	0.000001387	;
7136052.86	,	0.000001386	;
7136062.91	,	0.000001387	;
7136072.86	,	0.000001387	;
7136082.91	,	0.000001387	;
7136092.86	,	0.000001387	;
7136102.91	,	0.000001387	;
7136112.91	,	0.000001387	;
7136122.91	,	0.000001387	;
7136132.91	,	0.000001387	;
7136142.91	,	0.000001387	;
7136152.86	,	0.000001387	;
7136162.91	,	0.000001387	;
7136172.91	,	0.000001387	;
7136182.86	,	0.000001387	;
7136192.86	,	0.000001387	;
7136202.91	,	0.000001387	;
7136212.86	,	0.000001387	;
7136222.91	,	0.000001387	;
7136232.86	,	0.000001387	;
7136242.91	,	0.000001387	;
7136252.87	,	0.000001387	;
7136262.87	,	0.000001387	;
7136272.92	,	0.000001387	;
7136282.92	,	0.000001387	;
7136292.92	,	0.000001387	;
7136302.87	,	0.000001387	;
7136312.87	,	0.000001387	;
7136322.92	,	0.000001387	;
7136332.87	,	0.000001387	;
7136342.87	,	0.000001387	;
7136352.92	,	0.000001387	;
7136362.87	,	0.000001387	;
7136372.87	,	0.000001387	;
7136382.92	,	0.000001387	;
7136392.92	,	0.000001387	;
7136402.87	,	0.000001387	;
7136412.87	,	0.000001387	;
7136422.92	,	0.000001387	;
7136432.87	,	0.000001387	;
7136442.87	,	0.000001387	;
7136452.87	,	0.000001387	;
7136462.87	,	0.000001387	;
7136472.87	,	0.000001387	;
7136482.88	,	0.000001387	;
7136492.88	,	0.000001387	;
7136502.93	,	0.000001387	;
7136512.88	,	0.000001387	;
7136522.93	,	0.000001387	;
7136532.93	,	0.000001387	;
7136542.93	,	0.000001387	;
7136552.88	,	0.000001387	;
7136562.88	,	0.000001387	;
7136572.93	,	0.000001387	;
7136582.88	,	0.000001387	;
7136592.88	,	0.000001387	;
7136602.93	,	0.000001387	;
7136612.93	,	0.000001388	;
7136622.88	,	0.000001388	;
7136632.93	,	0.000001388	;
7136642.88	,	0.000001388	;
7136652.93	,	0.000001388	;
7136662.93	,	0.000001388	;
7136672.88	,	0.000001388	;
7136682.88	,	0.000001388	;
7136692.88	,	0.000001388	;
7136702.88	,	0.000001388	;
7136712.89	,	0.000001388	;
7136722.89	,	0.000001388	;
7136732.89	,	0.000001388	;
7136742.94	,	0.000001388	;
7136752.94	,	0.000001388	;
7136762.94	,	0.000001388	;
7136772.89	,	0.000001388	;
7136782.94	,	0.000001388	;
7136792.89	,	0.000001388	;
7136802.94	,	0.000001388	;
7136812.94	,	0.000001388	;
7136822.89	,	0.000001388	;
7136832.89	,	0.000001388	;
7136842.89	,	0.000001388	;
7136852.89	,	0.000001388	;
7136862.89	,	0.000001388	;
7136872.89	,	0.000001388	;
7136882.94	,	0.000001388	;
7136892.89	,	0.000001388	;
7136902.89	,	0.000001388	;
7136912.94	,	0.000001388	;
7136922.94	,	0.000001388	;
7136932.94	,	0.000001388	;
7136942.89	,	0.000001388	;
7136952.90	,	0.000001388	;
7136962.95	,	0.000001388	;
7136972.95	,	0.000001388	;
7136982.90	,	0.000001388	;
7136992.90	,	0.000001388	;
7137002.95	,	0.000001388	;
7137012.95	,	0.000001388	;
7137022.95	,	0.000001388	;
7137032.90	,	0.000001388	;
7137042.90	,	0.000001388	;
7137052.90	,	0.000001388	;
7137062.90	,	0.000001388	;
7137072.90	,	0.000001388	;
7137082.95	,	0.000001388	;
7137092.90	,	0.000001388	;
7137102.95	,	0.000001388	;
7137112.90	,	0.000001388	;
7137122.95	,	0.000001388	;
7137132.95	,	0.000001388	;
7137142.90	,	0.000001388	;
7137152.90	,	0.000001388	;
7137162.95	,	0.000001388	;
7137172.90	,	0.000001387	;
7137182.96	,	0.000001387	;
7137192.91	,	0.000001387	;
7137202.96	,	0.000001387	;
7137212.96	,	0.000001386	;
7137222.96	,	0.000001386	;
7137232.96	,	0.000001386	;
7137242.91	,	0.000001386	;
7137252.96	,	0.000001385	;
7137262.96	,	0.000001385	;
7137272.96	,	0.000001385	;
7137282.91	,	0.000001385	;
7137292.96	,	0.000001385	;
7137302.91	,	0.000001385	;
7137312.91	,	0.000001384	;
7137322.96	,	0.000001384	;
7137332.91	,	0.000001384	;
7137342.91	,	0.000001384	;
7137352.96	,	0.000001384	;
7137362.96	,	0.000001384	;
7137372.91	,	0.000001384	;
7137382.96	,	0.000001384	;
7137392.96	,	0.000001384	;
7137402.96	,	0.000001384	;
7137412.97	,	0.000001384	;
7137422.92	,	0.000001384	;
7137432.97	,	0.000001384	;
7137442.92	,	0.000001384	;
7137452.97	,	0.000001384	;
7137462.97	,	0.000001384	;
7137472.97	,	0.000001384	;
7137482.92	,	0.000001384	;
7137492.92	,	0.000001384	;
7137502.97	,	0.000001384	;
7137512.97	,	0.000001384	;
7137522.92	,	0.000001384	;
7137532.97	,	0.000001384	;
7137542.92	,	0.000001384	;
7137552.92	,	0.000001384	;
7137562.97	,	0.000001384	;
7137572.92	,	0.000001384	;
7137582.92	,	0.000001383	;
7137592.92	,	0.000001383	;
7137602.92	,	0.000001383	;
7137612.92	,	0.000001383	;
7137622.92	,	0.000001383	;
7137632.92	,	0.000001383	;
7137642.97	,	0.000001383	;
7137652.93	,	0.000001383	;
7137662.93	,	0.000001383	;
7137672.93	,	0.000001383	;
7137682.93	,	0.000001383	;
7137692.98	,	0.000001382	;
7137702.93	,	0.000001382	;
7137712.98	,	0.000001382	;
7137722.98	,	0.000001382	;
7137732.93	,	0.000001382	;
7137742.98	,	0.000001382	;
7137752.93	,	0.000001382	;
7137762.93	,	0.000001382	;
7137772.98	,	0.000001383	;
7137782.98	,	0.000001383	;
7137792.93	,	0.000001383	;
7137802.93	,	0.000001383	;
7137812.93	,	0.000001383	;
7137822.93	,	0.000001383	;
7137832.98	,	0.000001383	;
7137842.98	,	0.000001383	;
7137852.98	,	0.000001383	;
7137862.93	,	0.000001383	;
7137872.98	,	0.000001383	;
7137882.94	,	0.000001383	;
7137892.94	,	0.000001383	;
7137902.94	,	0.000001383	;
7137912.99	,	0.000001383	;
7137922.99	,	0.000001383	;
7137932.99	,	0.000001383	;
7137942.94	,	0.000001383	;
7137952.94	,	0.000001383	;
7137962.99	,	0.000001383	;
7137972.94	,	0.000001382	;
7137982.99	,	0.000001382	;
7137992.99	,	0.000001382	;
7138002.99	,	0.000001382	;
7138012.94	,	0.000001382	;
7138022.94	,	0.000001382	;
7138032.94	,	0.000001382	;
7138042.94	,	0.000001382	;
7138052.99	,	0.000001382	;
7138062.94	,	0.000001382	;
7138072.99	,	0.000001382	;
7138082.94	,	0.000001382	;
7138092.99	,	0.000001382	;
7138102.94	,	0.000001382	;
7138112.95	,	0.000001382	;
7138122.95	,	0.000001382	;
7138132.95	,	0.000001382	;
7138143.00	,	0.000001382	;
7138152.95	,	0.000001382	;
7138162.95	,	0.000001382	;
7138172.95	,	0.000001382	;
7138182.95	,	0.000001382	;
7138192.95	,	0.000001382	;
7138203.00	,	0.000001382	;
7138213.00	,	0.000001382	;
7138222.95	,	0.000001382	;
7138232.95	,	0.000001382	;
7138243.00	,	0.000001382	;
7138252.95	,	0.000001382	;
7138262.95	,	0.000001382	;
7138273.00	,	0.000001382	;
7138282.95	,	0.000001382	;
7138292.95	,	0.000001382	;
7138302.95	,	0.000001382	;
7138312.95	,	0.000001382	;
7138322.95	,	0.000001382	;
7138333.00	,	0.000001382	;
7138343.00	,	0.000001382	;
7138352.96	,	0.000001382	;
7138363.01	,	0.000001382	;
7138372.96	,	0.000001382	;
7138382.96	,	0.000001382	;
7138392.96	,	0.000001382	;
7138402.96	,	0.000001382	;
7138412.96	,	0.000001382	;
7138422.96	,	0.000001382	;
7138432.96	,	0.000001382	;
7138442.96	,	0.000001382	;
7138452.96	,	0.000001382	;
7138462.96	,	0.000001382	;
7138472.96	,	0.000001382	;
7138482.96	,	0.000001381	;
7138492.96	,	0.000001381	;
7138502.96	,	0.000001381	;
7138513.01	,	0.000001381	;
7138522.96	,	0.000001381	;
7138533.01	,	0.000001381	;
7138543.01	,	0.000001381	;
7138552.96	,	0.000001381	;
7138563.01	,	0.000001381	;
7138572.96	,	0.000001381	;
7138582.97	,	0.000001381	;
7138592.97	,	0.000001381	;
7138603.02	,	0.000001381	;
7138613.02	,	0.000001381	;
7138623.02	,	0.000001381	;
7138632.97	,	0.000001381	;
7138642.97	,	0.000001381	;
7138652.97	,	0.000001381	;
7138663.02	,	0.000001381	;
7138673.02	,	0.000001381	;
7138683.02	,	0.000001381	;
7138693.02	,	0.000001381	;
7138702.97	,	0.000001381	;
7138712.97	,	0.000001381	;
7138723.02	,	0.000001381	;
7138732.97	,	0.000001381	;
7138743.02	,	0.000001381	;
7138753.02	,	0.000001381	;
7138762.97	,	0.000001381	;
7138773.02	,	0.000001381	;
7138782.97	,	0.000001381	;
7138792.97	,	0.000001381	;
7138802.97	,	0.000001381	;
7138812.97	,	0.000001381	;
7138823.03	,	0.000001381	;
7138833.03	,	0.000001381	;
7138843.03	,	0.000001381	;
7138852.98	,	0.000001381	;
7138862.98	,	0.000001381	;
7138873.03	,	0.000001381	;
7138882.98	,	0.000001381	;
7138893.03	,	0.000001381	;
7138902.98	,	0.000001381	;
7138913.03	,	0.000001381	;
7138922.98	,	0.000001381	;
7138933.03	,	0.000001381	;
7138943.03	,	0.000001381	;
7138952.98	,	0.000001381	;
7138963.03	,	0.000001381	;
7138973.03	,	0.000001380	;
7138983.03	,	0.000001380	;
7138993.03	,	0.000001380	;
7139003.03	,	0.000001380	;
7139013.03	,	0.000001380	;
7139023.03	,	0.000001380	;
7139032.98	,	0.000001380	;
7139043.03	,	0.000001380	;
7139052.99	,	0.000001380	;
7139063.04	,	0.000001380	;
7139072.99	,	0.000001380	;
7139083.04	,	0.000001380	;
7139092.99	,	0.000001380	;
7139102.99	,	0.000001380	;
7139112.99	,	0.000001380	;
7139122.99	,	0.000001380	;
7139133.04	,	0.000001380	;
7139142.99	,	0.000001380	;
7139153.04	,	0.000001381	;
7139163.04	,	0.000001381	;
7139172.99	,	0.000001381	;
7139182.99	,	0.000001381	;
7139193.04	,	0.000001381	;
7139203.04	,	0.000001381	;
7139212.99	,	0.000001381	;
7139222.99	,	0.000001381	;
7139233.04	,	0.000001381	;
7139242.99	,	0.000001381	;
7139253.04	,	0.000001381	;
7139263.04	,	0.000001381	;
7139273.04	,	0.000001381	;
7139283.05	,	0.000001381	;
7139293.00	,	0.000001381	;
7139303.05	,	0.000001381	;
7139313.00	,	0.000001381	;
7139323.05	,	0.000001381	;
7139333.00	,	0.000001381	;
7139343.00	,	0.000001381	;
7139353.00	,	0.000001381	;
7139363.05	,	0.000001381	;
7139373.00	,	0.000001381	;
7139383.05	,	0.000001381	;
7139393.05	,	0.000001381	;
7139403.00	,	0.000001381	;
7139413.00	,	0.000001381	;
7139423.00	,	0.000001381	;
7139433.05	,	0.000001381	;
7139443.00	,	0.000001381	;
7139453.05	,	0.000001381	;
7139463.00	,	0.000001381	;
7139473.00	,	0.000001380	;
7139483.00	,	0.000001380	;
7139493.05	,	0.000001380	;
7139503.00	,	0.000001380	;
7139513.00	,	0.000001380	;
7139523.06	,	0.000001380	;
7139533.06	,	0.000001380	;
7139543.01	,	0.000001380	;
7139553.06	,	0.000001380	;
7139563.01	,	0.000001380	;
7139573.06	,	0.000001380	;
7139583.01	,	0.000001380	;
7139593.01	,	0.000001380	;
7139603.01	,	0.000001380	;
7139613.06	,	0.000001380	;
7139623.01	,	0.000001380	;
7139633.06	,	0.000001380	;
7139643.06	,	0.000001380	;
7139653.06	,	0.000001380	;
7139663.06	,	0.000001380	;
7139673.01	,	0.000001380	;
7139683.06	,	0.000001380	;
7139693.01	,	0.000001380	;
7139703.01	,	0.000001380	;
7139713.06	,	0.000001380	;
7139723.06	,	0.000001380	;
7139733.01	,	0.000001380	;
7139743.01	,	0.000001380	;
7139753.02	,	0.000001380	;
7139763.07	,	0.000001380	;
7139773.07	,	0.000001380	;
7139783.02	,	0.000001380	;
7139793.07	,	0.000001380	;
7139803.02	,	0.000001380	;
7139813.07	,	0.000001380	;
7139823.07	,	0.000001380	;
7139833.02	,	0.000001380	;
7139843.02	,	0.000001380	;
7139853.07	,	0.000001380	;
7139863.02	,	0.000001380	;
7139873.02	,	0.000001380	;
7139883.02	,	0.000001380	;
7139893.07	,	0.000001380	;
7139903.02	,	0.000001380	;
7139913.07	,	0.000001380	;
7139923.07	,	0.000001380	;
7139933.02	,	0.000001380	;
7139943.02	,	0.000001380	;
7139953.07	,	0.000001380	;
7139963.02	,	0.000001380	;
7139973.02	,	0.000001380	;
7139983.03	,	0.000001380	;
7139993.03	,	0.000001380	;
7140003.03	,	0.000001380	;
7140013.08	,	0.000001380	;
7140023.03	,	0.000001380	;
7140033.03	,	0.000001380	;
7140043.03	,	0.000001380	;
7140053.03	,	0.000001380	;
7140063.08	,	0.000001380	;
7140073.03	,	0.000001380	;
7140083.08	,	0.000001380	;
7140093.08	,	0.000001380	;
7140103.08	,	0.000001380	;
7140113.03	,	0.000001380	;
7140123.08	,	0.000001380	;
7140133.03	,	0.000001380	;
7140143.08	,	0.000001380	;
7140153.08	,	0.000001380	;
7140163.03	,	0.000001380	;
7140173.08	,	0.000001380	;
7140183.03	,	0.000001380	;
7140193.08	,	0.000001380	;
7140203.08	,	0.000001380	;
7140213.08	,	0.000001380	;
7140223.09	,	0.000001380	;
7140233.04	,	0.000001380	;
7140243.04	,	0.000001380	;
7140253.09	,	0.000001380	;
7140263.09	,	0.000001380	;
7140273.04	,	0.000001380	;
7140283.09	,	0.000001380	;
7140293.09	,	0.000001380	;
7140303.09	,	0.000001380	;
7140313.09	,	0.000001380	;
7140323.04	,	0.000001380	;
7140333.04	,	0.000001380	;
7140343.04	,	0.000001380	;
7140353.04	,	0.000001380	;
7140363.09	,	0.000001380	;
7140373.04	,	0.000001380	;
7140383.04	,	0.000001380	;
7140393.04	,	0.000001380	;
7140403.04	,	0.000001380	;
7140413.04	,	0.000001380	;
7140423.09	,	0.000001380	;
7140433.09	,	0.000001380	;
7140443.04	,	0.000001380	;
7140453.10	,	0.000001380	;
7140463.05	,	0.000001380	;
7140473.10	,	0.000001380	;
7140483.05	,	0.000001380	;
7140493.05	,	0.000001380	;
7140503.10	,	0.000001380	;
7140513.05	,	0.000001380	;
7140523.05	,	0.000001380	;
7140533.05	,	0.000001380	;
7140543.05	,	0.000001380	;
7140553.05	,	0.000001380	;
7140563.05	,	0.000001380	;
7140573.05	,	0.000001380	;
7140583.10	,	0.000001380	;
7140593.10	,	0.000001380	;
7140603.05	,	0.000001380	;
7140613.10	,	0.000001380	;
7140623.10	,	0.000001380	;
7140633.10	,	0.000001380	;
7140643.10	,	0.000001380	;
7140653.05	,	0.000001380	;
7140663.05	,	0.000001379	;
7140673.05	,	0.000001379	;
7140683.11	,	0.000001379	;
7140693.11	,	0.000001379	;
7140703.11	,	0.000001379	;
7140713.11	,	0.000001379	;
7140723.06	,	0.000001379	;
7140733.06	,	0.000001379	;
7140743.11	,	0.000001379	;
7140753.11	,	0.000001379	;
7140763.11	,	0.000001379	;
7140773.11	,	0.000001379	;
7140783.11	,	0.000001379	;
7140793.11	,	0.000001379	;
7140803.11	,	0.000001379	;
7140813.06	,	0.000001379	;
7140823.06	,	0.000001379	;
7140833.11	,	0.000001379	;
7140843.06	,	0.000001379	;
7140853.11	,	0.000001379	;
7140863.06	,	0.000001379	;
7140873.11	,	0.000001379	;
7140883.11	,	0.000001379	;
7140893.06	,	0.000001379	;
7140903.06	,	0.000001379	;
7140913.11	,	0.000001379	;
7140923.07	,	0.000001380	;
7140933.07	,	0.000001380	;
7140943.12	,	0.000001380	;
7140953.07	,	0.000001380	;
7140963.07	,	0.000001380	;
7140973.07	,	0.000001380	;
7140983.12	,	0.000001380	;
7140993.12	,	0.000001380	;
7141003.07	,	0.000001380	;
7141013.12	,	0.000001380	;
7141023.12	,	0.000001380	;
7141033.12	,	0.000001380	;
7141043.12	,	0.000001380	;
7141053.07	,	0.000001380	;
7141063.12	,	0.000001380	;
7141073.12	,	0.000001380	;
7141083.12	,	0.000001380	;
7141093.07	,	0.000001381	;
7141103.12	,	0.000001381	;
7141113.07	,	0.000001381	;
7141123.12	,	0.000001381	;
7141133.12	,	0.000001382	;
7141143.07	,	0.000001382	;
7141153.08	,	0.000001382	;
7141163.13	,	0.000001383	;
7141173.08	,	0.000001383	;
7141183.08	,	0.000001383	;
7141193.13	,	0.000001383	;
7141203.13	,	0.000001384	;
7141213.13	,	0.000001384	;
7141223.08	,	0.000001384	;
7141233.13	,	0.000001384	;
7141243.13	,	0.000001384	;
7141253.13	,	0.000001384	;
7141263.13	,	0.000001384	;
7141273.13	,	0.000001384	;
7141283.13	,	0.000001385	;
7141293.13	,	0.000001385	;
7141303.13	,	0.000001385	;
7141313.08	,	0.000001385	;
7141323.08	,	0.000001385	;
7141333.13	,	0.000001385	;
7141343.08	,	0.000001385	;
7141353.13	,	0.000001385	;
7141363.13	,	0.000001386	;
7141373.13	,	0.000001387	;
7141383.08	,	0.000001388	;
7141393.14	,	0.000001388	;
7141403.14	,	0.000001388	;
7141413.14	,	0.000001389	;
7141423.14	,	0.000001389	;
7141433.09	,	0.000001390	;
7141443.14	,	0.000001390	;
7141453.09	,	0.000001390	;
7141463.14	,	0.000001391	;
7141473.14	,	0.000001391	;
7141483.09	,	0.000001391	;
7141493.09	,	0.000001392	;
7141503.14	,	0.000001392	;
7141513.14	,	0.000001392	;
7141523.14	,	0.000001392	;
7141533.14	,	0.000001393	;
7141543.14	,	0.000001393	;
7141553.14	,	0.000001393	;
7141563.14	,	0.000001394	;
7141573.14	,	0.000001394	;
31557185.89	,	0.000000000	;
31557185.90	,	0.000000000	]
