47130.00, 58.97;
47140.00, 58.89;
47150.00, 58.8;
47160.00, 58.72;
47170.00, 58.64;
47180.00, 58.55;
47190.00, 58.47;
47200.00, 58.4;
47210.00, 58.32;
47220.00, 58.22;
47230.00, 58.13;
47240.00, 58.08;
47250.00, 57.99;
47260.00, 57.93;
47270.00, 57.86;
47280.00, 57.76;
47290.00, 57.69;
47300.00, 57.62;
47310.00, 57.56;
47320.00, 57.49;
47330.00, 57.42;
47340.00, 57.36;
47350.00, 57.3;
47360.00, 57.24;
47370.00, 57.17;
47380.00, 57.1;
47390.00, 57.05;
47400.00, 56.99;
47410.00, 56.95;
47420.00, 56.9;
47430.00, 56.85;
47440.00, 56.8;
47450.00, 56.76;
47460.00, 56.72;
47470.00, 56.66;
47480.00, 56.63;
47490.00, 56.6;
47500.00, 56.54;
47510.00, 56.51;
47520.00, 56.47;
47530.00, 56.46;
47540.00, 56.44;
47550.00, 56.41;
47560.00, 56.4;
47570.00, 56.38;
47580.00, 56.38;
47590.00, 56.34;
47600.00, 56.33;
47610.00, 56.33;
47620.00, 56.3;
47630.00, 56.3;
47640.00, 56.3;
47650.00, 56.31;
47660.00, 56.3;
47670.00, 56.32;
47680.00, 56.32;
47690.00, 56.31;
47700.00, 56.3;
47710.00, 56.31;
47720.00, 56.33;
47730.00, 56.31;
47740.00, 56.32;
47750.00, 56.33;
47760.00, 56.34;
47770.00, 56.36;
47780.00, 56.38;
47790.00, 56.41;
47800.00, 56.43;
47810.00, 56.46;
47820.00, 56.48;
47830.00, 56.48;
47840.00, 56.51;
47850.00, 56.53;
47860.00, 56.57;
47870.00, 56.6;
47880.00, 56.63;
47890.00, 56.67;
47900.00, 56.68;
47910.00, 56.69;
47920.00, 56.72;
47930.00, 56.75;
47940.00, 56.78;
47950.00, 56.8;
47960.00, 56.81;
47970.00, 56.85;
47980.00, 56.87;
47990.00, 56.9;
48000.00, 56.93;
48010.00, 56.94;
48020.00, 56.97;
48030.00, 56.98;
48040.00, 57.02;
48050.00, 57.02;
48060.00, 57.06;
48070.00, 57.07;
48080.00, 57.1;
48090.00, 57.11;
48100.00, 57.15;
48110.00, 57.19;
48120.00, 57.21;
48130.00, 57.24;
48140.00, 57.25;
48150.00, 57.29;
48160.00, 57.32;
48170.00, 57.33;
48180.00, 57.35;
48190.00, 57.38;
48200.00, 57.39;
48210.00, 57.4;
48220.00, 57.42;
48230.00, 57.44;
48240.00, 57.44;
48250.00, 57.45;
48260.00, 57.47;
48270.00, 57.49;
48280.00, 57.51;
48290.00, 57.53;
48300.00, 57.58;
48310.00, 57.58;
48320.00, 57.6;
48330.00, 57.63;
48340.00, 57.65;
48350.00, 57.67;
48360.00, 57.68;
48370.00, 57.69;
48380.00, 57.72;
48390.00, 57.74;
48400.00, 57.75;
48410.00, 57.78;
48420.00, 57.8;
48430.00, 57.83;
48440.00, 57.85;
48450.00, 57.87;
48460.00, 57.89;
48470.00, 57.9;
48480.00, 57.94;
48490.00, 57.96;
48500.00, 57.97;
48510.00, 58.01;
48520.00, 58.07;
48530.00, 58.09;
48540.00, 58.13;
48550.00, 58.15;
48560.00, 58.17;
48570.00, 58.2;
48580.00, 58.23;
48590.00, 58.23;
48600.00, 58.24;
48610.00, 58.28;
48620.00, 58.28;
48630.00, 58.31;
48640.00, 58.31;
48650.00, 58.34;
48660.00, 58.36;
48670.00, 58.38;
48680.00, 58.42;
48690.00, 58.44;
48700.00, 58.45;
48710.00, 58.47;
48720.00, 58.48;
48730.00, 58.48;
48740.00, 58.49;
48750.00, 58.52;
48760.00, 58.53;
48770.00, 58.53;
48780.00, 58.54;
48790.00, 58.55;
48800.00, 58.56;
48810.00, 58.57;
48820.00, 58.58;
48830.00, 58.58;
48840.00, 58.58;
48850.00, 58.61;
48860.00, 58.64;
48870.00, 58.65;
48880.00, 58.65;
48890.00, 58.67;
48900.00, 58.69;
48910.00, 58.71;
48920.00, 58.75;
48930.00, 58.77;
48940.00, 58.79;
48950.00, 58.8;
48960.00, 58.81;
48970.00, 58.84;
48980.00, 58.87;
48990.00, 58.91;
49000.00, 58.93;
49010.00, 58.95;
49020.00, 58.97;
49030.00, 59;
49040.00, 59;
49050.00, 59.02;
49060.00, 59.03;
49070.00, 59.05;
49080.00, 59.06;
49090.00, 59.09;
49100.00, 59.09;
49110.00, 59.1;
49120.00, 59.09;
49130.00, 59.12;
49140.00, 59.13;
49150.00, 59.13;
49160.00, 59.15;
49170.00, 59.17;
49180.00, 59.18;
49190.00, 59.17;
49200.00, 59.21;
49210.00, 59.2;
49220.00, 59.21;
49230.00, 59.2;
49240.00, 59.2;
49250.00, 59.19;
49260.00, 59.19;
49270.00, 59.2;
49280.00, 59.19;
49290.00, 59.19;
49300.00, 59.2;
49310.00, 59.2;
49320.00, 59.2;
49330.00, 59.22;
49340.00, 59.23;
49350.00, 59.22;
49360.00, 59.25;
49370.00, 59.25;
49380.00, 59.26;
49390.00, 59.27;
49400.00, 59.29;
49410.00, 59.3;
49420.00, 59.33;
49430.00, 59.35;
49440.00, 59.37;
49450.00, 59.4;
49460.00, 59.44;
49470.00, 59.46;
49480.00, 59.49;
49490.00, 59.51;
49500.00, 59.52;
49510.00, 59.54;
49520.00, 59.55;
49530.00, 59.59;
49540.00, 59.6;
49550.00, 59.63;
49560.00, 59.67;
49570.00, 59.69;
49580.00, 59.71;
49590.00, 59.72;
49600.00, 59.73;
49610.00, 59.76;
49620.00, 59.79;
49630.00, 59.82;
49640.00, 59.84;
49650.00, 59.86;
49660.00, 59.89;
49670.00, 59.92;
49680.00, 59.95;
49690.00, 59.97;
49700.00, 60.01;
49710.00, 60.03;
49720.00, 60.07;
49730.00, 60.12;
49740.00, 60.14;
49750.00, 60.17;
49760.00, 60.19;
49770.00, 60.22;
49780.00, 60.25;
49790.00, 60.29;
49800.00, 60.32;
49810.00, 60.36;
49820.00, 60.4;
49830.00, 60.44;
49840.00, 60.46;
49850.00, 60.52;
49860.00, 60.56;
49870.00, 60.59;
49880.00, 60.64;
49890.00, 60.67;
49900.00, 60.7;
49910.00, 60.71;
49920.00, 60.77;
49930.00, 60.79;
49940.00, 60.82;
49950.00, 60.83;
49960.00, 60.87;
49970.00, 60.9;
49980.00, 60.94;
49990.00, 60.95;
50000.00, 60.99;
50010.00, 61.01;
50020.00, 61.05;
50030.00, 61.06;
50040.00, 61.09;
50050.00, 61.11;
50060.00, 61.13;
50070.00, 61.16;
50080.00, 61.26;
50090.00, 61.31;
50100.00, 61.36;
50110.00, 61.37;
50120.00, 61.41;
50130.00, 61.43;
50140.00, 61.44;
50150.00, 61.47;
50160.00, 61.49;
50170.00, 61.5;
50180.00, 61.52;
50190.00, 61.56;
50200.00, 61.59;
50210.00, 61.61;
50220.00, 61.63;
50230.00, 61.66;
50240.00, 61.69;
50250.00, 61.73;
50260.00, 61.75;
50270.00, 61.76;
50280.00, 61.8;
50290.00, 61.82;
50300.00, 61.83;
50310.00, 61.86;
50320.00, 61.89;
50330.00, 61.91;
50340.00, 61.95;
50350.00, 61.97;
50360.00, 62;
50370.00, 62.04;
50380.00, 62.08;
50390.00, 62.11;
50400.00, 62.13;
50410.00, 62.14;
50420.00, 62.16;
50430.00, 62.17;
50440.00, 62.22;
50450.00, 62.26;
50460.00, 62.29;
50470.00, 62.31;
50480.00, 62.33;
50490.00, 62.36;
50500.00, 62.39;
50510.00, 62.41;
50520.00, 62.42;
50530.00, 62.43;
50540.00, 62.47;
50550.00, 62.51;
50560.00, 62.52;
50570.00, 62.54;
50580.00, 62.55;
50590.00, 62.57;
50600.00, 62.6;
50610.00, 62.61;
50620.00, 62.64;
50630.00, 62.66;
50640.00, 62.68;
50650.00, 62.71;
50660.00, 62.74;
50670.00, 62.77;
50680.00, 62.8;
50690.00, 62.82;
50700.00, 62.86;
50710.00, 62.88;
50720.00, 62.9;
50730.00, 62.93;
50740.00, 62.94;
50750.00, 62.99;
50760.00, 63.01;
50770.00, 63.01;
50780.00, 63.05;
50790.00, 63.1;
50800.00, 63.12;
50810.00, 63.14;
50820.00, 63.16;
50830.00, 63.18;
50840.00, 63.21;
50850.00, 63.23;
50860.00, 63.26;
50870.00, 63.29;
50880.00, 63.31;
50890.00, 63.34;
50900.00, 63.35;
50910.00, 63.39;
50920.00, 63.45;
50930.00, 63.45;
50940.00, 63.48;
50950.00, 63.5;
50960.00, 63.52;
50970.00, 63.55;
50980.00, 63.58;
50990.00, 63.6;
51000.00, 63.62;
51010.00, 63.62;
51020.00, 63.66;
51030.00, 63.68;
51040.00, 63.72;
51050.00, 63.75;
51060.00, 63.77;
51070.00, 63.79;
51080.00, 63.82;
51090.00, 63.83;
51100.00, 63.86;
51110.00, 63.88;
51120.00, 63.91;
51130.00, 63.95;
51140.00, 63.98;
51150.00, 64.01;
51160.00, 64.05;
51170.00, 64.09;
51180.00, 64.13;
51190.00, 64.16;
51200.00, 64.18;
51210.00, 64.2;
51220.00, 64.23;
51230.00, 64.26;
51240.00, 64.3;
51250.00, 64.32;
51260.00, 64.36;
51270.00, 64.38;
51280.00, 64.42;
51290.00, 64.45;
51300.00, 64.47;
51310.00, 64.49;
51320.00, 64.51;
51330.00, 64.53;
51340.00, 64.59;
51350.00, 64.62;
51360.00, 64.66;
51370.00, 64.69;
51380.00, 64.72;
51390.00, 64.74;
51400.00, 64.78;
51410.00, 64.79;
51420.00, 64.83;
51430.00, 64.86;
51440.00, 64.89;
51450.00, 64.92;
51460.00, 64.96;
51470.00, 64.97;
51480.00, 65.01;
51490.00, 65.05;
51500.00, 65.07;
51510.00, 65.09;
51520.00, 65.13;
51530.00, 65.16;
51540.00, 65.19;
51550.00, 65.23;
51560.00, 65.25;
51570.00, 65.28;
51580.00, 65.29;
51590.00, 65.31;
51600.00, 65.34;
51610.00, 65.38;
51620.00, 65.39;
51630.00, 65.42;
51640.00, 65.44;
51650.00, 65.48;
51660.00, 65.48;
51670.00, 65.51;
51680.00, 65.55;
51690.00, 65.58;
51700.00, 65.6;
51710.00, 65.63;
51720.00, 65.65;
51730.00, 65.68;
51740.00, 65.71;
51750.00, 65.73;
51760.00, 65.76;
51770.00, 65.78;
51780.00, 65.81;
51790.00, 65.85;
51800.00, 65.88;
51810.00, 65.91;
51820.00, 65.94;
51830.00, 65.95;
51840.00, 65.99;
51850.00, 66;
51860.00, 66.04;
51870.00, 66.06;
51880.00, 66.07;
51890.00, 66.11;
51900.00, 66.12;
51910.00, 66.14;
51920.00, 66.18;
51930.00, 66.19;
51940.00, 66.22;
51950.00, 66.24;
51960.00, 66.25;
51970.00, 66.29;
51980.00, 66.32;
51990.00, 66.35;
52000.00, 66.37;
52010.00, 66.41;
52020.00, 66.42;
52030.00, 66.44;
52040.00, 66.47;
52050.00, 66.51;
52060.00, 66.52;
52070.00, 66.53;
52080.00, 66.54;
52090.00, 66.56;
52100.00, 66.59;
52110.00, 66.62;
52120.00, 66.64;
52130.00, 66.65;
52140.00, 66.68;
52150.00, 66.69;
52160.00, 66.72;
52170.00, 66.75;
52180.00, 66.78;
52190.00, 66.8;
52200.00, 66.8;
52210.00, 66.85;
52220.00, 66.88;
52230.00, 66.9;
52240.00, 66.9;
52250.00, 66.92;
52260.00, 66.94;
52270.00, 66.96;
52280.00, 66.98;
52290.00, 67;
52300.00, 67.04;
52310.00, 67.06;
52320.00, 67.09;
52330.00, 67.11;
52340.00, 67.15;
52350.00, 67.15;
52360.00, 67.17;
52370.00, 67.19;
52380.00, 67.2;
52390.00, 67.22;
52400.00, 67.24;
52410.00, 67.26;
52420.00, 67.29;
52430.00, 67.3;
52440.00, 67.32;
52450.00, 67.34;
52460.00, 67.39;
52470.00, 67.4;
52480.00, 67.41;
52490.00, 67.44;
52500.00, 67.45;
52510.00, 67.47;
52520.00, 67.49;
52530.00, 67.5;
52540.00, 67.52;
52550.00, 67.54;
52560.00, 67.55;
52570.00, 67.58;
52580.00, 67.58;
52590.00, 67.6;
52600.00, 67.65;
52610.00, 67.66;
52620.00, 67.68;
52630.00, 67.7;
52640.00, 67.71;
52650.00, 67.74;
52660.00, 67.75;
52670.00, 67.77;
52680.00, 67.8;
52690.00, 67.83;
52700.00, 67.85;
52710.00, 67.87;
52720.00, 67.88;
52730.00, 67.89;
52740.00, 67.93;
52750.00, 67.97;
52760.00, 67.99;
52770.00, 68.01;
52780.00, 68.02;
52790.00, 68.04;
52800.00, 68.05;
52810.00, 68.08;
52820.00, 68.1;
52830.00, 68.12;
52840.00, 68.14;
52850.00, 68.16;
52860.00, 68.18;
52870.00, 68.19;
52880.00, 68.22;
52890.00, 68.23;
52900.00, 68.23;
52910.00, 68.24;
52920.00, 68.27;
52930.00, 68.29;
52940.00, 68.31;
52950.00, 68.33;
52960.00, 68.33;
52970.00, 68.34;
52980.00, 68.36;
52990.00, 68.4;
53000.00, 68.42;
53010.00, 68.43;
53020.00, 68.46;
53030.00, 68.48;
53040.00, 68.51;
53050.00, 68.53;
53060.00, 68.57;
53070.00, 68.6;
53080.00, 68.61;
53090.00, 68.64;
53100.00, 68.69;
53110.00, 68.71;
53120.00, 68.74;
53130.00, 68.78;
53140.00, 68.8;
53150.00, 68.82;
53160.00, 68.84;
53170.00, 68.87;
53180.00, 68.91;
53190.00, 68.94;
53200.00, 68.97;
53210.00, 69;
53220.00, 69.04;
53230.00, 69.08;
53240.00, 69.12;
53250.00, 69.14;
53260.00, 69.19;
53270.00, 69.23;
53280.00, 69.25;
53290.00, 69.29;
53300.00, 69.33;
53310.00, 69.35;
53320.00, 69.37;
53330.00, 69.41;
53340.00, 69.45;
53350.00, 69.46;
53360.00, 69.49;
53370.00, 69.54;
53380.00, 69.58;
53390.00, 69.63;
53400.00, 69.63;
53410.00, 69.68;
53420.00, 69.71;
53430.00, 69.74;
53440.00, 69.77;
53450.00, 69.8;
53460.00, 69.82;
53470.00, 69.85;
53480.00, 69.88;
53490.00, 69.91;
53500.00, 69.94;
53510.00, 69.98;
53520.00, 70;
53530.00, 70.03;
53540.00, 70.07;
53550.00, 70.08;
53560.00, 70.12;
53570.00, 70.16;
53580.00, 70.19;
53590.00, 70.22;
53600.00, 70.24;
53610.00, 70.27;
53620.00, 70.29;
53630.00, 70.32;
53640.00, 70.36;
53650.00, 70.38;
53660.00, 70.41;
53670.00, 70.43;
53680.00, 70.47;
53690.00, 70.49;
53700.00, 70.53;
53710.00, 70.55;
53720.00, 70.57;
53730.00, 70.59;
53740.00, 70.62;
53750.00, 70.63;
53760.00, 70.67;
53770.00, 70.69;
53780.00, 70.71;
53790.00, 70.74;
53800.00, 70.76;
53810.00, 70.8;
53820.00, 70.82;
53830.00, 70.83;
53840.00, 70.87;
53850.00, 70.91;
53860.00, 70.94;
53870.00, 70.95;
53880.00, 70.99;
53890.00, 71.03;
53900.00, 71.06;
53910.00, 71.09;
53920.00, 71.11;
53930.00, 71.14;
53940.00, 71.16;
53950.00, 71.21;
53960.00, 71.23;
53970.00, 71.25;
53980.00, 71.3;
53990.00, 71.32;
54000.00, 71.35;
54010.00, 71.38;
54020.00, 71.4;
54030.00, 71.42;
54040.00, 71.46;
54050.00, 71.47;
54060.00, 71.5;
54070.00, 71.53;
54080.00, 71.55;
54090.00, 71.56;
54100.00, 71.59;
54110.00, 71.62;
54120.00, 71.66;
54130.00, 71.7;
54140.00, 71.72;
54150.00, 71.74;
54160.00, 71.76;
54170.00, 71.79;
54180.00, 71.82;
54190.00, 71.84;
54200.00, 71.88;
54210.00, 71.89;
54220.00, 71.93;
54230.00, 71.96;
54240.00, 71.99;
54250.00, 72.02;
54260.00, 72.05;
54270.00, 72.09;
54280.00, 72.12;
54290.00, 72.15;
54300.00, 72.16;
54310.00, 72.18;
54320.00, 72.2;
54330.00, 72.2;
54340.00, 72.23;
54350.00, 72.25;
54360.00, 72.27;
54370.00, 72.29;
54380.00, 72.31;
54390.00, 72.35;
54400.00, 72.38;
54410.00, 72.41;
54420.00, 72.45;
54430.00, 72.5;
54440.00, 72.51;
54450.00, 72.56;
54460.00, 72.59;
54470.00, 72.63;
54480.00, 72.67;
54490.00, 72.69;
54500.00, 72.71;
54510.00, 72.76;
54520.00, 72.78;
54530.00, 72.8;
54540.00, 72.83;
54550.00, 72.87;
54560.00, 72.9;
54570.00, 72.92;
54580.00, 72.93;
54590.00, 72.96;
54600.00, 73.01;
54610.00, 73.02;
54620.00, 73.04;
54630.00, 73.08;
54640.00, 73.12;
54650.00, 73.12;
54660.00, 73.14;
54670.00, 73.18;
54680.00, 73.2;
54690.00, 73.22;
54700.00, 73.26;
54710.00, 73.28;
54720.00, 73.29;
54730.00, 73.33;
54740.00, 73.38;
54750.00, 73.39;
54760.00, 73.12;
54770.00, 73.1;
54780.00, 73.18;
54790.00, 73.25;
54800.00, 73.06;
54810.00, 73.08;
54820.00, 72.93;
54830.00, 72.62;
54840.00, 72.07;
54850.00, 71.8;
54860.00, 71.45;
54870.00, 71.13;
54880.00, 70.85;
54890.00, 70.49;
54900.00, 70.21;
54910.00, 70.04;
54920.00, 69.82;
54930.00, 69.64;
54940.00, 69.42;
54950.00, 69.25;
54960.00, 69.09;
54970.00, 68.93;
54980.00, 68.78;
54990.00, 68.59;
55000.00, 68.45;
55010.00, 68.29;
55020.00, 68.14;
55030.00, 67.98;
55040.00, 67.79;
55050.00, 67.64;
55060.00, 67.49;
55070.00, 67.34;
55080.00, 67.19;
55090.00, 66.99;
55100.00, 66.84;
55110.00, 66.69;
55120.00, 66.53;
55130.00, 66.39;
55140.00, 66.22;
55150.00, 66.09;
55160.00, 65.95;
55170.00, 65.81;
55180.00, 65.68;
55190.00, 65.54;
55200.00, 65.36;
55210.00, 65.22;
55220.00, 65.08;
55230.00, 64.95;
55240.00, 64.8;
55250.00, 64.66;
55260.00, 64.5;
55270.00, 64.36;
55280.00, 64.24;
55290.00, 64.1;
55300.00, 63.91;
55310.00, 63.77;
55320.00, 63.62;
55330.00, 63.46;
55340.00, 63.31;
55350.00, 63.14;
55360.00, 62.94;
55370.00, 62.77;
55380.00, 62.61;
55390.00, 62.42;
55400.00, 62.2;
55410.00, 61.96;
55420.00, 61.77;
55430.00, 61.55;
55440.00, 61.35;
55450.00, 61.17;
55460.00, 60.91;
55470.00, 60.73;
55480.00, 60.55;
55490.00, 60.39;
55500.00, 60.16;
55510.00, 59.98;
55520.00, 59.8;
55530.00, 59.63;
55540.00, 59.46;
55550.00, 59.23;
55560.00, 59.05;
55570.00, 58.9;
55580.00, 58.74;
55590.00, 58.52;
55600.00, 58.36;
55610.00, 58.21;
55620.00, 58.05;
55630.00, 57.9;
55640.00, 57.74;
55650.00, 57.59;
55660.00, 57.43;
55670.00, 57.27;
55680.00, 57.13;
55690.00, 56.97;
55700.00, 56.81;
55710.00, 56.68;
55720.00, 56.55;
55730.00, 56.42;
55740.00, 56.28;
55750.00, 56.1;
55760.00, 55.97;
55770.00, 55.84;
55780.00, 55.7;
55790.00, 55.57;
55800.00, 55.39;
55810.00, 55.25;
55820.00, 55.13;
55830.00, 54.99;
55840.00, 54.85;
55850.00, 54.73;
55860.00, 54.55;
55870.00, 54.4;
55880.00, 54.3;
55890.00, 54.16;
55900.00, 54.02;
55910.00, 53.84;
55920.00, 53.73;
55930.00, 53.59;
55940.00, 53.47;
55950.00, 53.34;
55960.00, 53.22;
55970.00, 53.11;
55980.00, 53.02;
55990.00, 52.93;
56000.00, 52.83;
56010.00, 52.73;
56020.00, 52.62;
56030.00, 52.54;
56040.00, 52.46;
56050.00, 52.37;
56060.00, 52.3;
56070.00, 52.23;
56080.00, 52.13;
56090.00, 52.09;
56100.00, 52.04;
56110.00, 51.99;
56120.00, 51.93;
56130.00, 51.89;
56140.00, 51.78;
56150.00, 51.64;
56160.00, 51.43;
56170.00, 51.2;
56180.00, 51.02;
56190.00, 50.85;
56200.00, 50.69;
56210.00, 50.59;
56220.00, 50.48;
56230.00, 50.41;
56240.00, 50.35;
56250.00, 50.24;
56260.00, 50.11;
56270.00, 49.96;
56280.00, 49.79;
56290.00, 49.67;
56300.00, 49.55;
56310.00, 49.5;
56320.00, 49.45;
56330.00, 49.37;
56340.00, 49.29;
56350.00, 49.22;
56360.00, 49.14;
56370.00, 49.07;
56380.00, 49;
56390.00, 48.9;
56400.00, 48.83;
56410.00, 48.77;
56420.00, 48.69;
56430.00, 48.64;
56440.00, 48.58;
56450.00, 48.55;
56460.00, 48.51;
56470.00, 48.46;
56480.00, 48.34;
56490.00, 48.21;
56500.00, 48.02;
56510.00, 47.84;
56520.00, 47.65;
56530.00, 47.46;
56540.00, 47.3;
56550.00, 47.15;
56560.00, 47.03;
56570.00, 46.94;
56580.00, 46.86;
56590.00, 46.79;
56600.00, 46.72;
56610.00, 46.63;
56620.00, 46.54;
56630.00, 46.47;
56640.00, 46.41;
56650.00, 46.36;
56660.00, 46.3;
56670.00, 46.23;
56680.00, 46.18;
56690.00, 46.15;
56700.00, 46.14;
56710.00, 46.08;
56720.00, 45.98;
56730.00, 45.84;
56740.00, 45.68;
56750.00, 45.54;
56760.00, 45.45;
56770.00, 45.37;
56780.00, 45.28;
56790.00, 45.21;
56800.00, 45.14;
56810.00, 45.09;
56820.00, 45.04;
56830.00, 44.99;
56840.00, 44.95;
56850.00, 44.89;
56860.00, 44.82;
56870.00, 44.75;
56880.00, 44.67;
56890.00, 44.63;
56900.00, 44.59;
56910.00, 44.57;
56920.00, 44.51;
56930.00, 44.47;
56940.00, 44.44;
56950.00, 44.41;
56960.00, 44.36;
56970.00, 44.31;
56980.00, 44.25;
56990.00, 44.15;
57000.00, 44.05;
57010.00, 43.95;
57020.00, 43.86;
57030.00, 43.74;
57040.00, 43.62;
57050.00, 43.53;
57060.00, 43.41;
57070.00, 43.3;
57080.00, 43.24;
57090.00, 43.16;
57100.00, 43.06;
57110.00, 42.93;
57120.00, 42.85;
57130.00, 42.72;
57140.00, 42.6;
57150.00, 42.52;
57160.00, 42.4;
57170.00, 42.31;
57180.00, 42.24;
57190.00, 42.16;
57200.00, 42.12;
57210.00, 42.06;
57220.00, 42;
57230.00, 41.94;
57240.00, 41.87;
57250.00, 41.81;
57260.00, 41.74;
57270.00, 41.7;
57280.00, 41.63;
57290.00, 41.57;
57300.00, 41.55;
57310.00, 41.49;
57320.00, 41.43;
57330.00, 41.38;
57340.00, 41.32;
57350.00, 41.27;
57360.00, 41.21;
57370.00, 41.17;
57380.00, 41.1;
57390.00, 41.05;
57400.00, 40.99;
57410.00, 40.93;
57420.00, 40.86;
57430.00, 40.79;
57440.00, 40.75;
57450.00, 40.7;
57460.00, 40.63;
57470.00, 40.58;
57480.00, 40.54;
57490.00, 40.46;
57500.00, 40.42;
57510.00, 40.34;
57520.00, 40.31;
57530.00, 40.26;
57540.00, 40.18;
57550.00, 40.11;
57560.00, 40.06;
57570.00, 39.99;
57580.00, 39.96;
57590.00, 39.88;
57600.00, 39.84;
57610.00, 39.78;
57620.00, 39.73;
57630.00, 39.67;
57640.00, 39.63;
57650.00, 39.58;
57660.00, 39.52;
57670.00, 39.45;
57680.00, 39.39;
57690.00, 39.32;
57700.00, 39.27;
57710.00, 39.18;
57720.00, 39.14;
57730.00, 39.07;
57740.00, 39.01;
57750.00, 38.96;
57760.00, 38.91;
57770.00, 38.86;
57780.00, 38.79;
57790.00, 38.72;
57800.00, 38.69;
57810.00, 38.63;
57820.00, 38.56;
57830.00, 38.49;
57840.00, 38.45;
57850.00, 38.39;
57860.00, 38.34;
57870.00, 38.26;
57880.00, 38.21;
57890.00, 38.17;
57900.00, 38.12;
57910.00, 38.06;
57920.00, 38.02;
57930.00, 37.96;
57940.00, 37.91;
57950.00, 37.88;
57960.00, 37.82;
57970.00, 37.76;
57980.00, 37.73;
57990.00, 37.66;
58000.00, 37.61;
58010.00, 37.57;
58020.00, 37.52;
58030.00, 37.48;
58040.00, 37.42;
58050.00, 37.36;
58060.00, 37.33;
58070.00, 37.27;
58080.00, 37.26;
58090.00, 37.19;
58100.00, 37.14;
58110.00, 37.1;
58120.00, 37.05