47130.00, 647.25;
47140.00, 649.13;
47150.00, 649.87;
47160.00, 650.36;
47170.00, 650.71;
47180.00, 649.36;
47190.00, 651.42;
47200.00, 648.99;
47210.00, 651.68;
47220.00, 651.83;
47230.00, 654;
47240.00, 652.11;
47250.00, 653.92;
47260.00, 653.72;
47270.00, 655.81;
47280.00, 655.05;
47290.00, 651.99;
47300.00, 648.93;
47310.00, 632.28;
47320.00, 620.5;
47330.00, 621.29;
47340.00, 636.15;
47350.00, 632.79;
47360.00, 635.7;
47370.00, 643.24;
47380.00, 649.61;
47390.00, 654.08;
47400.00, 651.7;
47410.00, 647.94;
47420.00, 640.57;
47430.00, 633.12;
47440.00, 640.58;
47450.00, 635.1;
47460.00, 627.13;
47470.00, 636.93;
47480.00, 635.47;
47490.00, 649.57;
47500.00, 650.52;
47510.00, 650.23;
47520.00, 651.42;
47530.00, 654.28;
47540.00, 645.16;
47550.00, 631.63;
47560.00, 624.2;
47570.00, 605.83;
47580.00, 606.19;
47590.00, 617.01;
47600.00, 613.06;
47610.00, 636.6;
47620.00, 648.14;
47630.00, 647.88;
47640.00, 647.19;
47650.00, 647.64;
47660.00, 649.79;
47670.00, 648.58;
47680.00, 646.72;
47690.00, 648.96;
47700.00, 646.82;
47710.00, 644.5;
47720.00, 648.65;
47730.00, 651.95;
47740.00, 651.21;
47750.00, 650.06;
47760.00, 652.21;
47770.00, 650.61;
47780.00, 649.87;
47790.00, 649.81;
47800.00, 650.66;
47810.00, 649.86;
47820.00, 648.64;
47830.00, 647.11;
47840.00, 646.11;
47850.00, 646.74;
47860.00, 648.32;
47870.00, 645.29;
47880.00, 647.25;
47890.00, 645.83;
47900.00, 644.32;
47910.00, 647.95;
47920.00, 649.19;
47930.00, 649.98;
47940.00, 653.8;
47950.00, 654.57;
47960.00, 655.3;
47970.00, 654.87;
47980.00, 655.27;
47990.00, 656.89;
48000.00, 656.88;
48010.00, 655.4;
48020.00, 656.48;
48030.00, 657.78;
48040.00, 657.41;
48050.00, 658.81;
48060.00, 658.41;
48070.00, 659.08;
48080.00, 658.92;
48090.00, 658.08;
48100.00, 657.31;
48110.00, 657.39;
48120.00, 656.75;
48130.00, 656.54;
48140.00, 656.18;
48150.00, 655.54;
48160.00, 657.68;
48170.00, 657.49;
48180.00, 656.96;
48190.00, 656.65;
48200.00, 657.42;
48210.00, 656.91;
48220.00, 655.06;
48230.00, 654.64;
48240.00, 654.79;
48250.00, 654.46;
48260.00, 653.47;
48270.00, 651;
48280.00, 651.95;
48290.00, 651.95;
48300.00, 651.47;
48310.00, 651.23;
48320.00, 649.32;
48330.00, 650.88;
48340.00, 648.92;
48350.00, 650.1;
48360.00, 650.77;
48370.00, 650.92;
48380.00, 650.22;
48390.00, 652.46;
48400.00, 651.67;
48410.00, 650.74;
48420.00, 651.19;
48430.00, 652.03;
48440.00, 650.94;
48450.00, 651.83;
48460.00, 650.43;
48470.00, 650.8;
48480.00, 651.62;
48490.00, 653.18;
48500.00, 654.6;
48510.00, 655.47;
48520.00, 657.91;
48530.00, 657.87;
48540.00, 658.84;
48550.00, 659.53;
48560.00, 659.88;
48570.00, 658.27;
48580.00, 660.02;
48590.00, 660.11;
48600.00, 660.59;
48610.00, 660.72;
48620.00, 662.15;
48630.00, 663.12;
48640.00, 665.51;
48650.00, 664.49;
48660.00, 664.14;
48670.00, 664.39;
48680.00, 665.23;
48690.00, 663.65;
48700.00, 665.65;
48710.00, 665.39;
48720.00, 666.31;
48730.00, 665.4;
48740.00, 665.32;
48750.00, 663.65;
48760.00, 663.18;
48770.00, 662.84;
48780.00, 663.53;
48790.00, 664.14;
48800.00, 662.93;
48810.00, 660.93;
48820.00, 660.02;
48830.00, 658.51;
48840.00, 657.39;
48850.00, 655.11;
48860.00, 654.56;
48870.00, 654.47;
48880.00, 656;
48890.00, 654.98;
48900.00, 655.79;
48910.00, 662.78;
48920.00, 662.37;
48930.00, 664.33;
48940.00, 665.6;
48950.00, 663.13;
48960.00, 662.74;
48970.00, 661.92;
48980.00, 661.87;
48990.00, 661.49;
49000.00, 661.43;
49010.00, 660.87;
49020.00, 661.57;
49030.00, 660.76;
49040.00, 661.66;
49050.00, 662.44;
49060.00, 659.94;
49070.00, 659.2;
49080.00, 657.33;
49090.00, 653.79;
49100.00, 655.1;
49110.00, 653.54;
49120.00, 654.27;
49130.00, 654.18;
49140.00, 655.68;
49150.00, 654.3;
49160.00, 656.74;
49170.00, 657.31;
49180.00, 657.3;
49190.00, 656.2;
49200.00, 655.02;
49210.00, 654.6;
49220.00, 655.08;
49230.00, 655.31;
49240.00, 656.52;
49250.00, 655.67;
49260.00, 656.94;
49270.00, 658.41;
49280.00, 658.33;
49290.00, 658.67;
49300.00, 659.45;
49310.00, 661.46;
49320.00, 659.14;
49330.00, 660.9;
49340.00, 662.57;
49350.00, 662.06;
49360.00, 661.28;
49370.00, 663.14;
49380.00, 663.76;
49390.00, 663.83;
49400.00, 664.05;
49410.00, 663.8;
49420.00, 664.16;
49430.00, 664.2;
49440.00, 663.09;
49450.00, 662.3;
49460.00, 661.54;
49470.00, 660.35;
49480.00, 662.29;
49490.00, 661.08;
49500.00, 660.87;
49510.00, 660.37;
49520.00, 659.91;
49530.00, 659.98;
49540.00, 661.32;
49550.00, 661.05;
49560.00, 659.56;
49570.00, 661.52;
49580.00, 660.11;
49590.00, 660.95;
49600.00, 662.56;
49610.00, 662.99;
49620.00, 662.34;
49630.00, 661.96;
49640.00, 662.81;
49650.00, 659.99;
49660.00, 661.46;
49670.00, 659.85;
49680.00, 659.39;
49690.00, 661.86;
49700.00, 661.15;
49710.00, 660.39;
49720.00, 661.7;
49730.00, 661.54;
49740.00, 661.07;
49750.00, 662.57;
49760.00, 661.59;
49770.00, 662.55;
49780.00, 659.94;
49790.00, 661.4;
49800.00, 662.27;
49810.00, 661.76;
49820.00, 662.87;
49830.00, 662.35;
49840.00, 661.05;
49850.00, 661.85;
49860.00, 661.67;
49870.00, 662.63;
49880.00, 661.51;
49890.00, 662.35;
49900.00, 662.69;
49910.00, 662.76;
49920.00, 662.01;
49930.00, 662.17;
49940.00, 661.99;
49950.00, 662.39;
49960.00, 662.09;
49970.00, 661.93;
49980.00, 661.43;
49990.00, 660.32;
50000.00, 660.86;
50010.00, 661.88;
50020.00, 660.65;
50030.00, 662.04;
50040.00, 661.7;
50050.00, 661.8;
50060.00, 660.63;
50070.00, 659.52;
50080.00, 658.86;
50090.00, 659.04;
50100.00, 658.9;
50110.00, 659.04;
50120.00, 659.57;
50130.00, 660.29;
50140.00, 660.38;
50150.00, 660.83;
50160.00, 661;
50170.00, 659.6;
50180.00, 660.04;
50190.00, 659.28;
50200.00, 660.03;
50210.00, 658.51;
50220.00, 658.87;
50230.00, 659;
50240.00, 659.01;
50250.00, 660.04;
50260.00, 658.02;
50270.00, 657.65;
50280.00, 658.37;
50290.00, 657.87;
50300.00, 658.13;
50310.00, 657.5;
50320.00, 656.94;
50330.00, 659.76;
50340.00, 659.49;
50350.00, 658.37;
50360.00, 657.7;
50370.00, 660.58;
50380.00, 661.3;
50390.00, 658.9;
50400.00, 660.06;
50410.00, 661.3;
50420.00, 661.93;
50430.00, 662.25;
50440.00, 662.11;
50450.00, 662.83;
50460.00, 661.38;
50470.00, 662.2;
50480.00, 662.09;
50490.00, 663.15;
50500.00, 663.91;
50510.00, 663.66;
50520.00, 663.53;
50530.00, 663.57;
50540.00, 664.05;
50550.00, 663.85;
50560.00, 662.61;
50570.00, 662.83;
50580.00, 662.35;
50590.00, 661.86;
50600.00, 661.84;
50610.00, 662.07;
50620.00, 660.93;
50630.00, 661.09;
50640.00, 659.65;
50650.00, 659.05;
50660.00, 659.08;
50670.00, 658.89;
50680.00, 657.64;
50690.00, 656.96;
50700.00, 658.56;
50710.00, 657.94;
50720.00, 658.06;
50730.00, 657.34;
50740.00, 656.25;
50750.00, 656.13;
50760.00, 656.95;
50770.00, 656.41;
50780.00, 655.55;
50790.00, 655.97;
50800.00, 654.39;
50810.00, 654.76;
50820.00, 654.58;
50830.00, 654.73;
50840.00, 655.63;
50850.00, 655.62;
50860.00, 655.25;
50870.00, 656.37;
50880.00, 656.53;
50890.00, 656.86;
50900.00, 656.23;
50910.00, 656.62;
50920.00, 655.67;
50930.00, 655.68;
50940.00, 655.33;
50950.00, 654.89;
50960.00, 654.74;
50970.00, 653.56;
50980.00, 656.34;
50990.00, 655.61;
51000.00, 653.01;
51010.00, 652.66;
51020.00, 653.11;
51030.00, 650.49;
51040.00, 651.34;
51050.00, 650.34;
51060.00, 648.6;
51070.00, 648.91;
51080.00, 650.63;
51090.00, 651.09;
51100.00, 649.15;
51110.00, 651.31;
51120.00, 650.83;
51130.00, 650.19;
51140.00, 651.54;
51150.00, 651.58;
51160.00, 650.66;
51170.00, 652.11;
51180.00, 651.55;
51190.00, 651.33;
51200.00, 651.05;
51210.00, 650.95;
51220.00, 649.28;
51230.00, 649.66;
51240.00, 651.53;
51250.00, 650.17;
51260.00, 650.6;
51270.00, 650.99;
51280.00, 651.2;
51290.00, 649.68;
51300.00, 649.01;
51310.00, 648.86;
51320.00, 649.45;
51330.00, 650.82;
51340.00, 649.59;
51350.00, 649.66;
51360.00, 649.22;
51370.00, 648.79;
51380.00, 647.62;
51390.00, 648.82;
51400.00, 647.86;
51410.00, 649.07;
51420.00, 648.1;
51430.00, 649.04;
51440.00, 651.1;
51450.00, 649.84;
51460.00, 649.87;
51470.00, 650.24;
51480.00, 650.68;
51490.00, 649.54;
51500.00, 650.99;
51510.00, 648.58;
51520.00, 648.87;
51530.00, 646.95;
51540.00, 647.28;
51550.00, 648.16;
51560.00, 648.39;
51570.00, 649.41;
51580.00, 649.44;
51590.00, 649.81;
51600.00, 648.66;
51610.00, 648.17;
51620.00, 647.08;
51630.00, 646.7;
51640.00, 644.84;
51650.00, 644.13;
51660.00, 646.98;
51670.00, 644.15;
51680.00, 646.18;
51690.00, 644.72;
51700.00, 644.45;
51710.00, 646.73;
51720.00, 647;
51730.00, 645.93;
51740.00, 646.39;
51750.00, 646.23;
51760.00, 644.61;
51770.00, 646.41;
51780.00, 645.1;
51790.00, 644.3;
51800.00, 644.32;
51810.00, 644.15;
51820.00, 641.95;
51830.00, 641.99;
51840.00, 640.59;
51850.00, 642.02;
51860.00, 642.16;
51870.00, 643.54;
51880.00, 643.94;
51890.00, 641.55;
51900.00, 642.26;
51910.00, 642.99;
51920.00, 641.14;
51930.00, 642.26;
51940.00, 642.87;
51950.00, 643.13;
51960.00, 641.72;
51970.00, 641.26;
51980.00, 641.45;
51990.00, 639.42;
52000.00, 639.75;
52010.00, 635.27;
52020.00, 633.81;
52030.00, 633.24;
52040.00, 633.09;
52050.00, 635.28;
52060.00, 637.53;
52070.00, 635.4;
52080.00, 640.37;
52090.00, 641.94;
52100.00, 640.62;
52110.00, 640.02;
52120.00, 639.84;
52130.00, 640.5;
52140.00, 640;
52150.00, 641.67;
52160.00, 639.39;
52170.00, 640.03;
52180.00, 639.89;
52190.00, 639.8;
52200.00, 638.36;
52210.00, 638.69;
52220.00, 639.3;
52230.00, 637.72;
52240.00, 638.4;
52250.00, 638.83;
52260.00, 639.45;
52270.00, 640.44;
52280.00, 638.71;
52290.00, 638.34;
52300.00, 637.04;
52310.00, 638.48;
52320.00, 636.84;
52330.00, 636.54;
52340.00, 636.91;
52350.00, 636.32;
52360.00, 634.67;
52370.00, 634.83;
52380.00, 634.11;
52390.00, 634.04;
52400.00, 633.08;
52410.00, 633.37;
52420.00, 631.41;
52430.00, 633.55;
52440.00, 634.75;
52450.00, 632.6;
52460.00, 633.19;
52470.00, 633.41;
52480.00, 631.55;
52490.00, 632.14;
52500.00, 632;
52510.00, 631.23;
52520.00, 630.75;
52530.00, 633.11;
52540.00, 630.63;
52550.00, 632.96;
52560.00, 632.48;
52570.00, 632.83;
52580.00, 632.84;
52590.00, 630.67;
52600.00, 630.2;
52610.00, 630.41;
52620.00, 631.09;
52630.00, 628.73;
52640.00, 629.31;
52650.00, 629.19;
52660.00, 627.69;
52670.00, 627.93;
52680.00, 626.37;
52690.00, 625.32;
52700.00, 625.94;
52710.00, 624.51;
52720.00, 623.63;
52730.00, 625.46;
52740.00, 625.62;
52750.00, 623.39;
52760.00, 622.88;
52770.00, 622.53;
52780.00, 622.9;
52790.00, 622.57;
52800.00, 623.21;
52810.00, 621.11;
52820.00, 621.31;
52830.00, 620.83;
52840.00, 623.35;
52850.00, 623.13;
52860.00, 622.01;
52870.00, 621.75;
52880.00, 622.26;
52890.00, 623.03;
52900.00, 623.17;
52910.00, 623.04;
52920.00, 623.08;
52930.00, 622.29;
52940.00, 622.86;
52950.00, 625;
52960.00, 623.26;
52970.00, 623.31;
52980.00, 623.17;
52990.00, 624.58;
53000.00, 623.31;
53010.00, 622.35;
53020.00, 625.24;
53030.00, 621.23;
53040.00, 622.53;
53050.00, 623.79;
53060.00, 622.89;
53070.00, 621.34;
53080.00, 623.54;
53090.00, 621.32;
53100.00, 621.15;
53110.00, 622.1;
53120.00, 621.24;
53130.00, 624.21;
53140.00, 620.71;
53150.00, 618.56;
53160.00, 620.37;
53170.00, 619.52;
53180.00, 619.57;
53190.00, 619.81;
53200.00, 617.22;
53210.00, 616.86;
53220.00, 615.74;
53230.00, 615.66;
53240.00, 615.34;
53250.00, 614.12;
53260.00, 613.87;
53270.00, 615.06;
53280.00, 613.15;
53290.00, 611.16;
53300.00, 612.09;
53310.00, 613.54;
53320.00, 612.94;
53330.00, 613.57;
53340.00, 610.75;
53350.00, 611.97;
53360.00, 609.54;
53370.00, 608.97;
53380.00, 610.05;
53390.00, 609.75;
53400.00, 609.61;
53410.00, 612.16;
53420.00, 612.37;
53430.00, 608.43;
53440.00, 608.81;
53450.00, 608.39;
53460.00, 609.8;
53470.00, 608.99;
53480.00, 608.81;
53490.00, 608.5;
53500.00, 606.94;
53510.00, 608.26;
53520.00, 604.97;
53530.00, 607.87;
53540.00, 604.32;
53550.00, 608.02;
53560.00, 607.68;
53570.00, 608.54;
53580.00, 607.01;
53590.00, 607.03;
53600.00, 601.39;
53610.00, 603.86;
53620.00, 604.81;
53630.00, 603.57;
53640.00, 603.98;
53650.00, 605.29;
53660.00, 603.5;
53670.00, 600.81;
53680.00, 603.36;
53690.00, 603.96;
53700.00, 411.4;
53710.00, 598.15;
53720.00, 603.78;
53730.00, 602.76;
53740.00, 605;
53750.00, 605.73;
53760.00, 602.81;
53770.00, 600.4;
53780.00, 606.96;
53790.00, 605.62;
53800.00, 601.89;
53810.00, 602.12;
53820.00, 604.47;
53830.00, 604.69;
53840.00, 602.77;
53850.00, 603.41;
53860.00, 602.1;
53870.00, 600.93;
53880.00, 603.72;
53890.00, 602.25;
53900.00, 601.86;
53910.00, 603.63;
53920.00, 607.57;
53930.00, 607.33;
53940.00, 606.57;
53950.00, 607.24;
53960.00, 606.24;
53970.00, 605.18;
53980.00, 605.66;
53990.00, 605.45;
54000.00, 605.76;
54010.00, 603.46;
54020.00, 603.91;
54030.00, 603.93;
54040.00, 603.55;
54050.00, 603.6;
54060.00, 602.59;
54070.00, 600.23;
54080.00, 601.78;
54090.00, 601.61;
54100.00, 600.41;
54110.00, 597.45;
54120.00, 596.11;
54130.00, 594.83;
54140.00, 594.7;
54150.00, 597.44;
54160.00, 593.87;
54170.00, 595.15;
54180.00, 594.25;
54190.00, 590.9;
54200.00, 591.48;
54210.00, 591.2;
54220.00, 19.13;
54230.00, 2.96;
54240.00, 2.33;
54250.00, 2.06;
54260.00, 1.92;
54270.00, 1.79;
54280.00, 1.71;
54290.00, 1.62;
54300.00, 1.57;
54310.00, 1.45;
54320.00, 1.46;
54330.00, 1.43;
54340.00, 1.43;
54350.00, 1.36;
54360.00, 1.32;
54370.00, 1.33;
54380.00, 1.3;
54390.00, 1.2;
54400.00, 1.23;
54410.00, 1.24;
54420.00, 1.19;
54430.00, 1.2;
54440.00, 1.14;
54450.00, 1.1;
54460.00, 1.12;
54470.00, 1.08;
54480.00, 1.1;
54490.00, 1.12;
54500.00, 1.09;
54510.00, 1.04;
54520.00, 1.04;
54530.00, 1.06;
54540.00, 1.01;
54550.00, 1.03;
54560.00, 1.03;
54570.00, 1.03;
54580.00, 1.06;
54590.00, 0.96;
54600.00, 0.98;
54610.00, 1.01;
54620.00, 0.97;
54630.00, 1.02;
54640.00, 0.99;
54650.00, 0.96;
54660.00, 1.01;
54670.00, 0.98;
54680.00, 1.01;
54690.00, 1.09;
54700.00, 0.99;
54710.00, 1;
54720.00, 0.96;
54730.00, 0.98;
54740.00, 1.03;
54750.00, 1.02;
54760.00, 1.01;
54770.00, 0.99;
54780.00, 1;
54790.00, 1;
54800.00, 1;
54810.00, 1.05;
54820.00, 0.99;
54830.00, 0.98;
54840.00, 1;
54850.00, 1.04;
54860.00, 1;
54870.00, 1.01;
54880.00, 1;
54890.00, 0.99;
54900.00, 1.03;
54910.00, 0.99;
54920.00, 1.02;
54930.00, 1.03;
54940.00, 1.05;
54950.00, 1.05;
54960.00, 1.02;
54970.00, 1.03;
54980.00, 1.04;
54990.00, 1.04;
55000.00, 0.99;
55010.00, 1.06;
55020.00, 1.06;
55030.00, 1.05;
55040.00, 1.01;
55050.00, 1.05;
55060.00, 1.02;
55070.00, 1.05;
55080.00, 1.05;
55090.00, 0.99;
55100.00, 1.03;
55110.00, 1.07;
55120.00, 1.07;
55130.00, 1.09;
55140.00, 0.99;
55150.00, 1.03;
55160.00, 1.03;
55170.00, 1.01;
55180.00, 1.09;
55190.00, 1.05;
55200.00, 1.04;
55210.00, 1.08;
55220.00, 1.04;
55230.00, 1.05;
55240.00, 1.05;
55250.00, 1.04;
55260.00, 1.05;
55270.00, 1.02;
55280.00, 1.01;
55290.00, 1.02;
55300.00, 0.99;
55310.00, 1.09;
55320.00, 1.04;
55330.00, 1.04;
55340.00, 1.01;
55350.00, 1;
55360.00, 1.01;
55370.00, 1.02;
55380.00, 1.04;
55390.00, 0.98;
55400.00, 1.02;
55410.00, 1.02;
55420.00, 1.04;
55430.00, 0.99;
55440.00, 0.97;
55450.00, 0.97;
55460.00, 0.98;
55470.00, 0.94;
55480.00, 0.98;
55490.00, 0.94;
55500.00, 0.93;
55510.00, 1.01;
55520.00, 1;
55530.00, 0.99;
55540.00, 0.98;
55550.00, 0.93;
55560.00, 0.96;
55570.00, 1.03;
55580.00, 0.96;
55590.00, 0.95;
55600.00, 0.99;
55610.00, 0.98;
55620.00, 0.94;
55630.00, 0.99;
55640.00, 0.97;
55650.00, 0.99;
55660.00, 0.96;
55670.00, 0.95;
55680.00, 0.92;
55690.00, 0.97;
55700.00, 0.93;
55710.00, 0.95;
55720.00, 0.94;
55730.00, 0.94;
55740.00, 0.95;
55750.00, 0.92;
55760.00, 0.97;
55770.00, 0.95;
55780.00, 0.96;
55790.00, 0.99;
55800.00, 0.97;
55810.00, 0.98;
55820.00, 0.95;
55830.00, 0.99;
55840.00, 0.9;
55850.00, 0.96;
55860.00, 0.97;
55870.00, 0.95;
55880.00, 0.9;
55890.00, 0.97;
55900.00, 0.96;
55910.00, 0.93;
55920.00, 0.91;
55930.00, 0.92;
55940.00, 0.93;
55950.00, 0.9;
55960.00, 0.95;
55970.00, 0.92;
55980.00, 0.86;
55990.00, 0.86;
56000.00, 0.91;
56010.00, 0.93;
56020.00, 0.93;
56030.00, 0.94;
56040.00, 0.92;
56050.00, 0.88;
56060.00, 0.86;
56070.00, 0.91;
56080.00, 0.86;
56090.00, 0.91;
56100.00, 0.87;
56110.00, 0.94;
56120.00, 0.91;
56130.00, 0.95;
56140.00, 0.88;
56150.00, 0.88;
56160.00, 0.9;
56170.00, 0.93;
56180.00, 0.88;
56190.00, 0.87;
56200.00, 0.83;
56210.00, 0.91;
56220.00, 0.86;
56230.00, 0.93;
56240.00, 0.84;
56250.00, 0.87;
56260.00, 0.89;
56270.00, 0.88;
56280.00, 0.83;
56290.00, 0.84;
56300.00, 0.87;
56310.00, 0.84;
56320.00, 0.89;
56330.00, 0.91;
56340.00, 0.89;
56350.00, 0.88;
56360.00, 0.85;
56370.00, 0.9;
56380.00, 0.92;
56390.00, 0.87;
56400.00, 0.89;
56410.00, 0.85;
56420.00, 0.88;
56430.00, 0.9;
56440.00, 0.87;
56450.00, 0.87;
56460.00, 0.88;
56470.00, 0.92;
56480.00, 0.88;
56490.00, 0.91;
56500.00, 0.82;
56510.00, 0.87;
56520.00, 0.84;
56530.00, 0.87;
56540.00, 0.81;
56550.00, 0.84;
56560.00, 0.9;
56570.00, 0.84;
56580.00, 0.87;
56590.00, 0.84;
56600.00, 0.84;
56610.00, 0.83;
56620.00, 0.83;
56630.00, 0.85;
56640.00, 0.82;
56650.00, 0.82;
56660.00, 0.86;
56670.00, 0.87;
56680.00, 0.84;
56690.00, 0.84;
56700.00, 0.87;
56710.00, 0.87;
56720.00, 0.82;
56730.00, 0.86;
56740.00, 0.86;
56750.00, 0.87;
56760.00, 0.78;
56770.00, 0.8;
56780.00, 0.83;
56790.00, 0.9;
56800.00, 0.83;
56810.00, 0.78;
56820.00, 0.82;
56830.00, 0.82;
56840.00, 0.86;
56850.00, 0.82;
56860.00, 0.87;
56870.00, 0.88;
56880.00, 0.8;
56890.00, 0.84;
56900.00, 0.81;
56910.00, 0.91;
56920.00, 0.88;
56930.00, 0.85;
56940.00, 0.83;
56950.00, 0.84;
56960.00, 0.84;
56970.00, 0.83;
56980.00, 0.9;
56990.00, 0.81;
57000.00, 0.83;
57010.00, 0.81;
57020.00, 0.82;
57030.00, 0.86;
57040.00, 0.82;
57050.00, 0.81;
57060.00, 0.85;
57070.00, 0.84;
57080.00, 0.77;
57090.00, 0.8;
57100.00, 0.81;
57110.00, 0.85;
57120.00, 0.8;
57130.00, 0.86;
57140.00, 0.8;
57150.00, 0.81;
57160.00, 0.77;
57170.00, 0.79;
57180.00, 0.8;
57190.00, 0.8;
57200.00, 0.76;
57210.00, 0.8;
57220.00, 0.82;
57230.00, 0.8;
57240.00, 0.85;
57250.00, 0.78;
57260.00, 0.84;
57270.00, 0.81;
57280.00, 0.77;
57290.00, 0.83;
57300.00, 0.83;
57310.00, 0.83;
57320.00, 0.8;
57330.00, 0.84;
57340.00, 0.84;
57350.00, 0.81;
57360.00, 0.83;
57370.00, 0.8;
57380.00, 0.79;
57390.00, 0.81;
57400.00, 0.8;
57410.00, 0.84;
57420.00, 0.84;
57430.00, 0.8;
57440.00, 0.84;
57450.00, 0.84;
57460.00, 0.81;
57470.00, 0.84;
57480.00, 0.79;
57490.00, 0.79;
57500.00, 0.79;
57510.00, 0.8;
57520.00, 0.81;
57530.00, 0.78;
57540.00, 0.8;
57550.00, 0.82;
57560.00, 0.82;
57570.00, 0.81;
57580.00, 0.79;
57590.00, 0.8;
57600.00, 0.82;
57610.00, 0.8;
57620.00, 0.76;
57630.00, 0.79;
57640.00, 0.83;
57650.00, 0.84;
57660.00, 0.82;
57670.00, 0.81;
57680.00, 0.79;
57690.00, 0.79;
57700.00, 0.82;
57710.00, 0.89;
57720.00, 0.85;
57730.00, 0.84;
57740.00, 0.9;
57750.00, 0.82;
57760.00, 0.78;
57770.00, 0.81;
57780.00, 0.85;
57790.00, 0.8;
57800.00, 0.86;
57810.00, 0.81;
57820.00, 0.8;
57830.00, 0.81;
57840.00, 0.85;
57850.00, 0.79;
57860.00, 0.85;
57870.00, 0.82;
57880.00, 0.87;
57890.00, 0.8;
57900.00, 0.86;
57910.00, 0.79;
57920.00, 0.86;
57930.00, 0.88;
57940.00, 0.81;
57950.00, 0.86;
57960.00, 0.85;
57970.00, 0.85;
57980.00, 0.86;
57990.00, 0.78;
58000.00, 0.81;
58010.00, 0.87;
58020.00, 0.85;
58030.00, 0.87;
58040.00, 0.84;
58050.00, 0.82;
58060.00, 0.87;
58070.00, 0.82;
58080.00, 0.84;
58090.00, 0.82;
58100.00, 0.81;
58110.00, 0.82;
58120.00, 0.85