#1,
"float I_DN(488,2) #here it is! In 1/1000s resolution, and Temperature in C to the .001 degrees ",
28561622.622,25.3;
28561633.075,25.4;
28561643.572,25.4;
28561654.096,25.5;
28561662.587,25.6;
28561673.035,25.6;
28561683.502,25.7;
28561694.002,25.8;
28561702.412,25.8;
28561712.860,25.9;
28561723.285,25.9;
28561733.811,26.0;
28561737.976,26.0;
28561783.794,26.3;
28561792.155,26.3;
28561802.608,26.4;
28561813.105,26.4;
28561823.635,26.5;
28561834.054,26.5;
28561842.426,26.6;
28561852.850,26.6;
28561863.288,26.7;
28561873.733,26.7;
28561882.099,26.8;
28561892.454,26.8;
28561902.920,26.9;
28561913.333,27.0;
28561921.998,27.0;
28561932.579,27.0;
28561943.041,27.1;
28561953.463,27.1;
28561963.962,27.1;
28561972.308,27.1;
28561982.794,27.2;
28561993.402,27.2;
28562003.928,27.3;
28562012.445,27.3;
28562022.883,27.3;
28562033.444,27.4;
28562043.927,27.4;
28562052.284,27.4;
28562062.735,27.4;
28562073.187,27.5;
28562083.685,27.5;
28562092.066,27.5;
28562102.501,27.5;
28562112.984,27.6;
28562123.493,27.6;
28562133.961,27.7;
28562142.322,27.7;
28562152.822,27.7;
28562163.292,27.8;
28562173.724,27.8;
28562182.086,27.8;
28562192.571,27.9;
28562203.082,28.0;
28562213.503,28.2;
28562223.999,28.4;
28562232.377,28.5;
28562242.847,28.6;
28562253.325,28.8;
28562263.829,29.0;
28562272.299,29.1;
28562282.749,29.3;
28562293.202,29.4;
28562303.696,29.6;
28562312.089,29.7;
28562322.604,29.9;
28562333.041,30.1;
28562343.478,30.3;
28562353.946,30.5;
28562362.337,30.7;
28562366.594,30.8;
28562492.064,33.3;
28562502.449,33.5;
28562512.917,33.7;
28562523.385,33.9;
28562533.960,34.1;
28562542.353,34.2;
28562552.819,34.4;
28562563.392,34.5;
28562573.845,34.7;
28562582.206,34.8;
28562592.624,35.0;
28562603.060,35.1;
28562613.495,35.3;
28562623.874,35.4;
28562632.283,35.5;
28562642.778,35.7;
28562653.165,35.8;
28562663.577,36.0;
28562671.978,36.1;
28562682.433,36.2;
28562692.928,36.3;
28562703.414,36.4;
28562711.914,36.5;
28562722.443,36.7;
28562732.970,36.8;
28562743.452,36.9;
28562753.876,37.0;
28562762.255,37.2;
28562772.690,37.3;
28562783.169,37.4;
28562793.625,37.5;
28562801.981,37.6;
28562812.463,37.7;
28562822.904,37.8;
28562833.386,37.9;
28562843.989,38.0;
28562852.351,38.1;
28562862.806,38.2;
28562873.306,38.3;
28562883.815,38.4;
28562892.213,38.5;
28562902.736,38.6;
28562913.267,38.8;
28562923.879,38.9;
28562932.219,39.0;
28562942.691,39.1;
28562953.189,39.2;
28562963.656,39.3;
28562972.156,39.4;
28562982.640,39.5;
28562993.181,39.7;
28563003.695,39.8;
28563012.124,39.9;
28563022.726,40.0;
28563033.224,40.1;
28563043.679,40.2;
28563052.099,40.3;
28563062.633,40.4;
28563073.037,40.5;
28563083.552,40.6;
28563093.971,40.6;
28563102.345,40.7;
28563112.861,40.8;
28563123.293,40.9;
28563133.719,41.0;
28563142.089,41.1;
28563152.574,41.2;
28563163.154,41.3;
28563173.621,41.4;
28563182.087,41.4;
28563192.592,41.5;
28563203.038,41.6;
28563213.629,41.7;
28563222.007,41.7;
28563232.568,41.8;
28563243.081,41.9;
28563253.578,42.0;
28563261.926,42.1;
28563272.424,42.2;
28563282.903,42.3;
28563293.403,42.3;
28563303.856,42.5;
28563312.330,42.5;
28563322.824,42.6;
28563333.257,42.7;
28563343.710,42.8;
28563352.104,42.8;
28563362.606,42.9;
28563373.104,43.0;
28563383.508,43.0;
28563393.973,43.1;
28563402.368,43.2;
28563412.836,43.2;
28563423.272,43.3;
28563433.748,43.4;
28563442.126,43.5;
28563452.598,43.5;
28563463.064,43.6;
28563473.449,43.7;
28563483.875,43.7;
28563492.199,43.8;
28563502.589,43.8;
28563513.012,43.9;
28563523.554,43.9;
28563531.920,44.0;
28563542.325,44.0;
28563552.806,44.1;
28563563.274,44.1;
28563573.722,44.2;
28563582.176,44.2;
28563592.673,44.3;
28563603.124,44.3;
28563613.598,44.4;
28563621.940,44.4;
28563632.409,44.5;
28563642.890,44.6;
28563653.297,44.7;
28563663.778,44.7;
28563672.095,44.8;
28563682.525,44.8;
28563693.012,44.8;
28563703.574,44.9;
28563711.934,44.9;
28563722.443,45.0;
28563732.927,45.0;
28563743.379,45.1;
28563753.845,45.2;
28563762.304,45.2;
28563772.802,45.2;
28563783.239,45.3;
28563793.721,45.4;
28563802.080,45.4;
28563812.565,45.4;
28563823.041,45.5;
28563833.514,45.6;
28563841.965,45.6;
28563852.447,45.6;
28563862.931,45.7;
28563873.459,45.7;
28563883.942,45.8;
28563892.288,45.8;
28563902.712,45.9;
28563913.196,45.9;
28563923.689,46.0;
28563932.112,46.0;
28563942.659,46.1;
28563953.141,46.1;
28563963.577,46.2;
28563972.020,46.3;
28563982.423,46.3;
28563992.936,46.4;
28564003.417,46.4;
28564013.920,46.5;
28564022.296,46.5;
28564032.748,46.6;
28564043.226,46.6;
28564053.663,46.7;
28564062.044,46.7;
28564072.476,46.8;
28564082.930,46.8;
28564093.331,46.9;
28564103.816,46.9;
28564112.221,47.0;
28564122.812,47.0;
28564133.346,47.1;
28564143.721,47.2;
28564152.077,47.2;
28564162.497,47.3;
28564172.950,47.3;
28564183.389,47.3;
28564193.851,47.3;
28564202.323,47.3;
28564212.825,47.4;
28564223.335,47.4;
28564233.848,47.4;
28564242.214,47.5;
28564252.681,47.5;
28564263.142,47.5;
28564273.615,47.6;
28564282.056,47.6;
28564292.504,47.6;
28564302.958,47.7;
28564313.374,47.7;
28564323.808,47.7;
28564332.129,47.8;
28564342.669,47.8;
28564353.155,47.8;
28564363.592,47.9;
28564371.967,47.9;
28564382.389,47.9;
28564392.822,47.9;
28564403.317,48.0;
28564413.697,48.0;
28564422.041,48.1;
28564432.614,48.1;
28564443.179,48.1;
28564453.782,48.1;
28564462.175,48.2;
28564472.642,48.2;
28564483.094,48.2;
28564493.528,48.2;
28564501.898,48.2;
28564512.374,48.3;
28564522.811,48.3;
28564533.267,48.3;
28564543.734,48.4;
28564552.151,48.4;
28564562.554,48.4;
28564572.984,48.5;
28564583.424,48.5;
28564591.930,48.5;
28564602.341,48.5;
28564612.826,48.6;
28564623.252,48.6;
28564633.756,48.6;
28564642.170,48.6;
28564652.638,48.6;
28564663.163,48.7;
28564673.709,48.7;
28564682.112,48.7;
28564692.593,48.7;
28564703.098,48.7;
28564713.558,48.7;
28564721.982,48.8;
28564732.452,48.8;
28564742.865,48.8;
28564753.272,48.8;
28564763.733,48.8;
28564772.078,48.8;
28564782.539,48.8;
28564792.994,48.9;
28564803.449,48.9;
28564813.942,48.9;
28564822.303,48.9;
28564832.700,48.9;
28564843.169,48.9;
28564853.715,48.9;
28564862.094,48.9;
28564872.519,48.9;
28564882.941,48.9;
28564893.407,49.0;
28564903.832,49.0;
28564912.174,49.0;
28564922.613,49.0;
28564933.050,49.0;
28564943.463,49.1;
28564953.944,49.1;
28564962.353,49.1;
28564972.930,49.1;
28564983.555,49.1;
28564994.008,49.1;
28565002.338,49.1;
28565012.767,49.2;
28565023.204,49.1;
28565033.643,49.1;
28565042.021,49.1;
28565052.459,49.1;
28565062.940,49.1;
28565073.383,49.1;
28565083.805,49.1;
28565092.167,49.1;
28565102.607,49.1;
28565113.073,49.2;
28565123.527,49.1;
28565132.011,49.1;
28565142.467,49.2;
28565153.058,49.2;
28565163.495,49.2;
28565173.902,49.2;
28565182.231,49.1;
28565192.639,49.1;
28565203.119,49.2;
28565213.620,49.2;
28565224.093,49.1;
28565232.402,49.1;
28565242.890,49.1;
28565253.308,49.1;
28565263.666,49.1;
28565274.103,49.1;
28565282.486,49.1;
28565292.917,49.1;
28565303.448,49.1;
28565313.884,49.2;
28565322.263,49.1;
28565332.764,49.1;
28565343.312,49.1;
28565353.871,49.1;
28565362.247,49.1;
28565372.767,49.2;
28565383.206,49.2;
28565393.765,49.2;
28565402.155,49.2;
28565412.684,49.2;
28565423.138,49.2;
28565433.635,49.2;
28565444.105,49.2;
28565452.450,49.2;
28565462.889,49.2;
28565473.330,49.3;
28565483.781,49.3;
28565492.142,49.3;
28565502.606,49.3;
28565513.032,49.3;
28565523.469,49.3;
28565533.999,49.3;
28565542.313,49.3;
28565552.769,49.3;
28565563.188,49.3;
28565573.653,49.3;
28565584.090,49.3;
28565592.420,49.3;
28565602.891,49.3;
28565613.362,49.3;
28565623.858,49.3;
28565632.237,49.3;
28565642.642,49.3;
28565653.059,49.3;
28565663.611,49.2;
28565674.043,49.2;
28565682.469,49.2;
28565692.936,49.2;
28565703.488,49.3;
28565713.924,49.3;
28565722.318,49.3;
28565732.736,49.2;
28565743.187,49.2;
28565753.608,49.2;
28565764.077,49.2;
28565772.502,49.2;
28565782.985,49.2;
28565793.499,49.2;
28565803.894,49.1;
28565812.240,49.1;
28565822.770,49.1;
28565833.238,49.1;
28565843.676,49.1;
28565854.110,49.1;
28565862.507,49.0;
28565873.030,49.0;
28565883.421,49.0;
28565893.971,49.0;
28565902.376,49.0;
28565912.817,49.0;
28565923.345,49.0;
28565933.783,49.0;
28565944.140,49.0;
28565952.501,48.9;
28565962.923,48.9;
28565973.391,48.9;
28565983.863,48.9;
28565992.238,48.9;
28566002.663,48.8;
28566013.084,48.8;
28566023.489,48.8;
28566033.938,48.8;
28566042.300,48.7;
28566052.726,48.7;
28566063.175,48.7;
28566073.631,48.7;
28566084.100,48.6;
28566092.427,48.6;
28566102.928,48.6;
28566113.365,48.6;
28566123.829,48.5;
28566132.180,48.5;
28566142.629,48.5;
28566153.085,48.5;
28566163.519,48.4;
28566173.943,48.4;
28566182.290,48.4;
28566192.728,48.4;
28566203.165,48.3;
28566213.614,48.3;
28566224.051,48.2;
28566232.379,48.2;
28566242.883,48.2;
28566253.321,48.2;
28566263.704,48.1;
28566274.148,48.1;
28566282.541,48.1;
28566292.991,48.1;
28566303.444,48.0;
28566313.943,48.0;
28566322.288,48.0;
28566332.789,48.0;
28566343.181,47.9;
28566353.603,47.9;
28566364.068,47.8;
28566372.402,47.8;
28566382.839,47.8;
28566393.333,47.7;
28566403.759,47.0;
28566412.117,46.7;
28566422.589,46.3;
28566433.210,45.9;
28566443.728,45.6;
28566452.054,45.3;
28566462.633,45.0;
28566473.135,44.7;
28566483.600,44.4;
28566494.118,44.2;
28566502.668,44.0;
28566513.162,43.7;
28566523.602,43.4;
28566534.052,43.2;
28566542.444,43.0;
28566552.913,42.7;
28566563.416,42.5;
28566573.896,42.3;
28566582.321,42.1;
28566592.728,41.9;
28566603.121,41.7;
28566613.619,41.5;
28566624.105,41.3;
28566632.477,41.1