28561622.622,   2.5;
28561633.075,   1.5;
28561643.572,   1.5;
28561654.096, 451.5;
28561662.587, 455.4;
28561673.035, 453.2;
28561683.502, 431.2;
28561694.002, 415.2;
28561702.412, 443.6;
28561712.860, 447.0;
28561723.285, 432.9;
28561733.811, 440.6;
28561737.976, 431.3;
28561783.794, 518.3;
28561792.155, 509.2;
28561802.608, 518.6;
28561813.105, 525.0;
28561823.635, 527.6;
28561834.054, 541.6;
28561842.426, 565.6;
28561852.850, 569.4;
28561863.288, 579.0;
28561873.733, 576.1;
28561882.099, 555.6;
28561892.454, 563.6;
28561902.920, 558.2;
28561913.333, 538.0;
28561921.998, 518.9;
28561932.579, 524.2;
28561943.041, 485.9;
28561953.463, 386.9;
28561963.962, 454.6;
28561972.308, 490.2;
28561982.794, 477.8;
28561993.402, 539.7;
28562003.928, 496.6;
28562012.445, 600.5;
28562022.883, 607.7;
28562033.444, 611.3;
28562043.927, 614.7;
28562052.284, 615.6;
28562062.735, 612.8;
28562073.187, 608.5;
28562083.685, 610.4;
28562092.066, 610.3;
28562102.501, 603.1;
28562112.984, 594.4;
28562123.493, 594.8;
28562133.961, 610.8;
28562142.322, 615.9;
28562152.822, 614.8;
28562163.292, 610.9;
28562173.724, 611.7;
28562182.086, 612.8;
28562192.571, 611.7;
28562203.082, 611.2;
28562213.503, 612.6;
28562223.999, 615.3;
28562232.377, 617.0;
28562242.847, 615.3;
28562253.325, 615.0;
28562263.829, 615.6;
28562272.299, 617.0;
28562282.749, 617.4;
28562293.202, 617.3;
28562303.696, 616.0;
28562312.089, 616.3;
28562322.604, 616.8;
28562333.041, 616.6;
28562343.478, 616.3;
28562353.946, 615.5;
28562362.337, 614.5;
28562366.594, 614.9;
28562492.064, 617.9;
28562502.449, 616.9;
28562512.917, 615.9;
28562523.385, 615.1;
28562533.960, 613.3;
28562542.353, 612.2;
28562552.819, 612.4;
28562563.392, 610.6;
28562573.845, 609.7;
28562582.206, 609.0;
28562592.624, 608.9;
28562603.060, 607.6;
28562613.495, 607.1;
28562623.874, 607.2;
28562632.283, 606.2;
28562642.778, 607.3;
28562653.165, 605.9;
28562663.577, 605.1;
28562671.978, 604.6;
28562682.433, 603.0;
28562692.928, 601.4;
28562703.414, 601.5;
28562711.914, 601.2;
28562722.443, 601.4;
28562732.970, 601.3;
28562743.452, 602.6;
28562753.876, 603.6;
28562762.255, 604.0;
28562772.690, 580.4;
28562783.169, 545.1;
28562793.625, 569.3;
28562801.981, 602.0;
28562812.463, 600.0;
28562822.904, 599.9;
28562833.386, 600.5;
28562843.989, 600.4;
28562852.351, 599.9;
28562862.806, 599.1;
28562873.306, 598.9;
28562883.815, 601.1;
28562892.213, 601.6;
28562902.736, 602.8;
28562913.267, 602.2;
28562923.879, 603.4;
28562932.219, 602.0;
28562942.691, 602.2;
28562953.189, 601.8;
28562963.656, 603.1;
28562972.156, 602.2;
28562982.640, 603.2;
28562993.181, 603.0;
28563003.695, 601.8;
28563012.124, 601.6;
28563022.726, 602.0;
28563033.224, 600.9;
28563043.679, 601.1;
28563052.099, 599.8;
28563062.633, 598.8;
28563073.037, 599.6;
28563083.552, 600.3;
28563093.971, 600.2;
28563102.345, 599.8;
28563112.861, 599.0;
28563123.293, 599.4;
28563133.719, 600.4;
28563142.089, 598.6;
28563152.574, 599.7;
28563163.154, 598.8;
28563173.621, 598.5;
28563182.087, 597.0;
28563192.592, 597.5;
28563203.038, 598.4;
28563213.629, 598.2;
28563222.007, 598.4;
28563232.568, 597.7;
28563243.081, 597.7;
28563253.578, 597.3;
28563261.926, 597.0;
28563272.424, 597.9;
28563282.903, 596.7;
28563293.403, 596.7;
28563303.856, 596.8;
28563312.330, 595.0;
28563322.824, 594.5;
28563333.257, 595.0;
28563343.710, 594.9;
28563352.104, 596.1;
28563362.606, 595.7;
28563373.104, 594.9;
28563383.508, 593.9;
28563393.973, 593.1;
28563402.368, 593.6;
28563412.836, 593.6;
28563423.272, 594.5;
28563433.748, 594.6;
28563442.126, 595.1;
28563452.598, 595.1;
28563463.064, 595.6;
28563473.449, 595.9;
28563483.875, 595.1;
28563492.199, 593.9;
28563502.589, 595.5;
28563513.012, 594.1;
28563523.554, 592.5;
28563531.920, 594.1;
28563542.325, 592.7;
28563552.806, 593.5;
28563563.274, 592.3;
28563573.722, 592.9;
28563582.176, 591.0;
28563592.673, 591.0;
28563603.124, 589.7;
28563613.598, 588.5;
28563621.940, 588.4;
28563632.409, 587.4;
28563642.890, 587.5;
28563653.297, 585.8;
28563663.778, 586.2;
28563672.095, 585.7;
28563682.525, 585.4;
28563693.012, 585.0;
28563703.574, 583.0;
28563711.934, 583.7;
28563722.443, 584.5;
28563732.927, 583.5;
28563743.379, 582.6;
28563753.845, 583.8;
28563762.304, 583.4;
28563772.802, 582.8;
28563783.239, 583.7;
28563793.721, 583.5;
28563802.080, 581.7;
28563812.565, 580.8;
28563823.041, 580.3;
28563833.514, 579.4;
28563841.965, 582.4;
28563852.447, 581.7;
28563862.931, 581.9;
28563873.459, 582.0;
28563883.942, 580.1;
28563892.288, 579.8;
28563902.712, 579.5;
28563913.196, 579.5;
28563923.689, 579.3;
28563932.112, 580.7;
28563942.659, 580.9;
28563953.141, 579.6;
28563963.577, 579.9;
28563972.020, 581.2;
28563982.423, 577.8;
28563992.936, 580.2;
28564003.417, 580.5;
28564013.920, 578.2;
28564022.296, 578.7;
28564032.748, 579.0;
28564043.226, 578.8;
28564053.663, 579.4;
28564062.044, 577.9;
28564072.476, 578.4;
28564082.930, 577.8;
28564093.331, 577.1;
28564103.816, 577.5;
28564112.221, 577.5;
28564122.812, 577.1;
28564133.346, 576.5;
28564143.721, 575.9;
28564152.077, 576.2;
28564162.497, 576.8;
28564172.950, 576.2;
28564183.389, 576.2;
28564193.851, 575.8;
28564202.323, 575.6;
28564212.825, 573.9;
28564223.335, 573.2;
28564233.848, 573.5;
28564242.214, 572.3;
28564252.681, 573.4;
28564263.142, 571.1;
28564273.615, 571.3;
28564282.056, 571.8;
28564292.504, 573.0;
28564302.958, 571.5;
28564313.374, 569.2;
28564323.808, 569.8;
28564332.129, 568.6;
28564342.669, 568.6;
28564353.155, 558.4;
28564363.592, 567.1;
28564371.967, 568.3;
28564382.389, 569.4;
28564392.822, 568.9;
28564403.317, 567.8;
28564413.697, 568.4;
28564422.041, 566.8;
28564432.614, 567.9;
28564443.179, 567.2;
28564453.782, 567.8;
28564462.175, 566.9;
28564472.642, 564.3;
28564483.094, 564.2;
28564493.528, 563.6;
28564501.898, 563.2;
28564512.374, 561.7;
28564522.811, 558.2;
28564533.267, 543.9;
28564543.734, 563.8;
28564552.151, 564.5;
28564562.554, 564.2;
28564572.984, 564.5;
28564583.424, 560.1;
28564591.930, 560.0;
28564602.341, 555.4;
28564612.826, 556.9;
28564623.252, 556.2;
28564633.756, 558.7;
28564642.170, 556.7;
28564652.638, 557.6;
28564663.163, 559.5;
28564673.709, 558.1;
28564682.112, 553.9;
28564692.593, 556.3;
28564703.098, 558.1;
28564713.558, 557.8;
28564721.982, 557.9;
28564732.452, 559.4;
28564742.865, 557.5;
28564753.272, 557.1;
28564763.733, 557.6;
28564772.078, 558.6;
28564782.539, 556.8;
28564792.994, 554.4;
28564803.449, 553.4;
28564813.942, 553.0;
28564822.303, 552.2;
28564832.700, 547.4;
28564843.169, 546.3;
28564853.715, 544.4;
28564862.094, 540.7;
28564872.519, 540.0;
28564882.941, 537.2;
28564893.407, 542.9;
28564903.832, 541.5;
28564912.174, 544.0;
28564922.613, 542.4;
28564933.050, 541.3;
28564943.463, 539.5;
28564953.944, 537.1;
28564962.353, 536.0;
28564972.930, 532.7;
28564983.555, 532.2;
28564994.008, 532.2;
28565002.338, 531.4;
28565012.767, 531.6;
28565023.204, 527.9;
28565033.643, 526.2;
28565042.021, 520.8;
28565052.459, 517.9;
28565062.940, 509.8;
28565073.383, 513.9;
28565083.805, 512.1;
28565092.167, 505.3;
28565102.607, 496.4;
28565113.073, 492.2;
28565123.527, 487.6;
28565132.011, 481.1;
28565142.467, 469.6;
28565153.058, 465.9;
28565163.495, 463.0;
28565173.902, 462.3;
28565182.231, 461.4;
28565192.639, 463.8;
28565203.119, 464.1;
28565213.620, 462.9;
28565224.093, 460.4;
28565232.402, 461.5;
28565242.890, 464.4;
28565253.308, 462.2;
28565263.666, 467.5;
28565274.103, 469.6;
28565282.486, 474.0;
28565292.917, 475.4;
28565303.448, 477.4;
28565313.884, 480.4;
28565322.263, 484.9;
28565332.764, 493.3;
28565343.312, 499.0;
28565353.871, 504.8;
28565362.247, 505.9;
28565372.767, 502.7;
28565383.206, 497.7;
28565393.765, 453.6;
28565402.155, 473.0;
28565412.684, 501.9;
28565423.138, 509.7;
28565433.635, 511.1;
28565444.105, 503.1;
28565452.450, 498.6;
28565462.889, 482.8;
28565473.330, 469.2;
28565483.781, 468.1;
28565492.142, 473.9;
28565502.606, 477.8;
28565513.032, 478.0;
28565523.469, 475.6;
28565533.999, 477.6;
28565542.313, 473.1;
28565552.769, 458.7;
28565563.188, 443.4;
28565573.653, 416.5;
28565584.090, 396.7;
28565592.420, 375.6;
28565602.891, 369.9;
28565613.362, 345.6;
28565623.858, 334.5;
28565632.237, 351.5;
28565642.642, 351.8;
28565653.059, 359.8;
28565663.611, 387.6;
28565674.043, 414.7;
28565682.469, 428.3;
28565692.936, 420.4;
28565703.488, 397.3;
28565713.924, 380.9;
28565722.318, 355.2;
28565732.736, 340.9;
28565743.187, 355.1;
28565753.608, 385.0;
28565764.077, 398.7;
28565772.502, 407.3;
28565782.985, 371.2;
28565793.499, 364.8;
28565803.894, 336.3;
28565812.240, 327.3;
28565822.770, 309.5;
28565833.238, 303.9;
28565843.676, 310.0;
28565854.110, 316.3;
28565862.507, 316.6;
28565873.030, 346.6;
28565883.421, 379.5;
28565893.971, 398.6;
28565902.376, 421.3;
28565912.817, 436.5;
28565923.345, 422.4;
28565933.783, 414.6;
28565944.140, 403.8;
28565952.501, 384.3;
28565962.923, 348.7;
28565973.391, 313.6;
28565983.863, 270.7;
28565992.238, 233.5;
28566002.663, 199.2;
28566013.084, 166.5;
28566023.489, 140.4;
28566033.938, 112.7;
28566042.300,  85.4;
28566052.726,  63.0;
28566063.175,  44.4;
28566073.631,  33.7;
28566084.100,  20.9;
28566092.427,  15.3;
28566102.928,  13.3;
28566113.365,  11.9;
28566123.829,  10.8;
28566132.180,  10.5;
28566142.629,   9.6;
28566153.085,   8.8;
28566163.519,   7.7;
28566173.943,   7.2;
28566182.290,   6.7;
28566192.728,   6.2;
28566203.165,   5.8;
28566213.614,   5.6;
28566224.051,   5.2;
28566232.379,   4.9;
28566242.883,   4.5;
28566253.321,   4.2;
28566263.704,   4.0;
28566274.148,   3.7;
28566282.541,   4.0;
28566292.991,   4.4;
28566303.444,   3.5;
28566313.943,   3.2;
28566322.288,   2.8;
28566332.789,   2.6;
28566343.181,   2.5;
28566353.603,   2.3;
28566364.068,   2.1;
28566372.402,   2.0;
28566382.839,   2.0;
28566393.333,   1.9;
28566403.759,   2.0;
28566412.117,   2.2;
28566422.589,   2.4;
28566433.210,   2.5;
28566443.728,   2.6;
28566452.054,   2.6;
28566462.633,   2.6;
28566473.135,   2.5;
28566483.600,   2.6;
28566494.118,   2.1;
28566502.668,   1.9;
28566513.162,   1.7;
28566523.602,   1.6;
28566534.052,   1.5;
28566542.444,   1.4;
28566552.913,   1.3;
28566563.416,   1.3;
28566573.896,   1.3;
28566582.321,   1.3;
28566592.728,   1.3;
28566603.121,   1.3;
28566613.619,   1.2;
28566624.105,   1.2;
28566632.477,   1.3