#1
float	shading_matrix(26, 50)
0.00	-1.26	-1.20	-1.15	-1.10	-1.05	-0.99	-0.94	-0.89	-0.84	-0.79	-0.73	-0.68	-0.63	-0.58	-0.52	-0.47	-0.42	-0.37	-0.31	-0.26	-0.21	-0.16	-0.10	-0.05	0.00	0.05	0.10	0.16	0.21	0.26	0.31	0.37	0.42	0.47	0.52	0.58	0.63	0.68	0.73	0.79	0.84	0.89	0.94	0.99	1.05	1.10	1.15	1.20	1.26
0.00	0.00	0.00	0.00	0.00	0.00	0.00	0.00	0.00	0.00	0.00	0.00	1.00	1.00	1.00	1.00	0.00	0.00	0.00	0.00	0.00	1.00	1.00	1.00	1.00	1.00	1.00	1.00	1.00	1.00	0.00	0.00	0.00	0.00	0.00	0.00	0.00	0.00	0.00	0.00	0.00	0.00	0.79	0.75	0.66	0.62	0.41	0.21	0.00	1.00
0.05	0.00	0.00	0.00	0.00	0.00	0.00	0.00	0.00	0.00	0.00	0.00	1.00	1.00	1.00	1.00	0.00	0.00	0.00	0.00	0.00	1.00	1.00	1.00	1.00	1.00	1.00	1.00	1.00	1.00	0.00	0.00	0.00	0.00	0.00	0.00	0.00	0.00	0.00	0.00	0.00	0.00	0.81	0.77	0.68	0.62	0.41	0.21	0.00	0.00
0.10	0.00	0.00	0.00	0.00	0.00	0.00	0.00	0.00	0.00	0.00	0.00	1.00	1.00	1.00	1.00	0.00	0.00	0.00	0.00	0.00	1.00	1.00	1.00	1.00	1.00	1.00	1.00	1.00	1.00	0.00	0.00	0.00	0.00	0.00	0.00	0.00	0.00	0.00	0.00	0.00	0.00	0.81	0.78	0.67	0.62	0.41	0.21	0.00	0.00
0.16	0.00	0.00	0.00	0.00	0.00	0.00	0.00	0.00	0.00	0.00	0.00	1.00	1.00	1.00	1.00	0.00	0.00	0.00	0.00	0.00	1.00	1.00	1.00	1.00	1.00	1.00	1.00	1.00	1.00	0.00	0.00	0.00	0.00	0.00	0.00	0.00	0.00	0.00	0.00	0.00	0.00	0.81	0.76	0.67	0.62	0.41	0.21	0.00	0.00
0.21	0.00	0.00	0.00	0.00	0.00	0.00	0.00	0.00	0.00	0.87	1.00	1.00	1.00	1.00	1.00	0.00	0.00	0.00	0.00	0.00	1.00	1.00	1.00	1.00	1.00	1.00	1.00	1.00	1.00	0.00	0.00	0.00	0.00	0.00	0.00	0.00	0.00	0.00	0.00	0.00	0.00	0.80	0.77	0.68	0.62	0.41	0.21	0.00	0.00
0.26	0.00	0.00	0.00	0.00	0.00	0.00	0.00	0.00	0.00	0.87	1.00	1.00	1.00	1.00	1.00	0.00	0.00	0.00	0.00	0.00	1.00	1.00	1.00	1.00	1.00	1.00	1.00	1.00	1.00	0.00	0.00	0.00	0.00	0.00	0.00	0.00	0.00	0.00	0.00	0.00	0.00	0.80	0.77	0.67	0.62	0.41	0.21	0.00	0.00
0.31	0.00	0.00	0.00	0.00	0.00	0.00	0.00	0.00	0.00	0.87	1.00	1.00	1.00	1.00	1.00	0.00	0.00	0.00	0.00	0.00	1.00	1.00	1.00	1.00	1.00	1.00	1.00	1.00	1.00	0.00	0.00	0.00	0.00	0.00	0.00	0.00	0.00	0.00	0.00	0.00	0.00	0.80	0.75	0.67	0.62	0.41	0.21	0.00	0.00
0.37	0.00	0.00	0.00	0.00	0.00	0.00	0.00	0.00	0.00	0.87	1.00	1.00	1.00	1.00	1.00	0.00	0.00	0.00	0.00	0.00	1.00	1.00	1.00	1.00	1.00	1.00	1.00	1.00	1.00	0.00	0.00	0.00	0.00	0.00	0.00	0.00	0.00	0.00	0.00	0.00	0.00	0.79	0.76	0.66	0.62	0.41	0.21	0.00	0.00
0.42	0.00	0.00	0.00	0.00	0.00	0.00	0.00	0.00	0.00	0.87	1.00	1.00	1.00	1.00	1.00	1.00	1.00	1.00	1.00	1.00	1.00	1.00	1.00	1.00	1.00	1.00	1.00	1.00	1.00	0.00	0.00	0.00	0.00	0.00	0.00	0.00	0.00	0.00	0.00	0.00	0.00	0.79	0.75	0.66	0.62	0.41	0.21	0.00	0.00
0.47	0.00	0.00	0.00	0.00	0.00	0.00	0.00	0.00	0.72	0.84	0.96	0.96	0.96	0.96	0.96	0.96	0.96	0.96	0.96	0.96	0.96	0.96	0.96	0.96	0.96	0.96	0.96	0.96	0.96	0.00	0.00	0.00	0.00	0.00	0.00	0.00	0.00	0.00	0.00	0.00	0.79	0.76	0.72	0.62	0.56	0.38	0.19	0.00	0.00
0.52	0.00	0.00	0.00	0.00	0.00	0.00	0.00	0.00	0.71	0.82	0.94	0.94	0.94	0.94	0.94	0.94	0.94	0.94	0.94	0.94	0.94	0.94	0.94	0.94	0.94	0.94	0.94	0.94	0.94	0.00	0.00	0.00	0.00	0.00	0.00	0.00	0.00	0.00	0.00	0.85	0.78	0.72	0.67	0.57	0.50	0.33	0.17	0.00	0.00
0.58	0.00	0.00	0.00	0.00	0.00	0.00	0.00	0.00	0.69	0.79	0.91	0.91	0.91	0.91	0.91	0.91	0.91	0.91	0.91	0.91	0.91	0.91	0.91	0.91	0.91	0.91	0.91	0.91	0.91	0.00	0.00	0.00	0.00	0.00	0.00	0.00	0.00	0.00	0.86	0.78	0.72	0.66	0.59	0.49	0.41	0.26	0.13	0.00	0.00
0.63	0.00	0.00	0.00	0.00	0.00	0.00	0.00	0.00	0.65	0.74	0.85	0.86	0.87	0.87	0.87	0.87	0.87	0.87	0.87	0.87	0.87	0.87	0.87	0.87	0.87	0.87	0.87	0.87	0.87	0.00	0.00	0.00	0.00	0.00	0.00	0.00	0.00	0.00	0.75	0.70	0.62	0.56	0.49	0.39	0.32	0.20	0.09	0.00	0.00
0.68	0.00	0.00	0.00	0.00	0.00	0.00	0.00	0.00	0.58	0.66	0.77	0.78	0.81	0.83	0.83	0.83	0.83	0.83	0.83	0.83	0.83	0.83	0.83	0.83	0.83	0.83	0.83	0.83	0.83	0.00	0.00	0.00	0.00	0.00	0.00	0.00	0.00	0.00	0.66	0.59	0.52	0.45	0.37	0.30	0.24	0.12	0.05	0.00	0.00
0.73	0.00	0.00	0.00	0.00	0.00	0.00	0.00	0.00	0.50	0.58	0.66	0.70	0.72	0.76	0.76	0.78	0.78	0.79	0.79	0.79	0.79	0.79	0.79	0.79	0.79	0.79	0.79	0.79	0.79	0.00	0.00	0.00	0.00	0.00	0.00	0.00	0.00	0.00	0.56	0.48	0.41	0.35	0.28	0.22	0.16	0.09	0.03	0.00	0.00
0.79	0.00	0.00	0.00	0.00	0.00	0.00	0.00	0.00	0.41	0.47	0.56	0.58	0.62	0.66	0.66	0.71	0.71	0.72	0.73	0.75	0.75	0.75	0.76	0.76	0.76	0.76	0.75	0.75	0.74	0.00	0.00	0.00	0.00	0.00	0.00	0.00	0.00	0.00	0.45	0.38	0.32	0.27	0.23	0.20	0.17	0.08	0.02	0.00	0.00
0.84	0.00	0.00	0.00	0.00	0.00	0.00	0.00	0.00	0.30	0.35	0.43	0.47	0.49	0.53	0.53	0.59	0.59	0.62	0.63	0.65	0.66	0.66	0.66	0.66	0.66	0.66	0.66	0.65	0.64	0.00	0.00	0.00	0.00	0.00	0.00	0.00	0.00	0.00	0.33	0.28	0.25	0.22	0.22	0.16	0.19	0.09	0.03	0.00	0.00
0.89	0.00	0.00	0.00	0.00	0.00	0.00	0.00	0.00	0.20	0.26	0.32	0.34	0.36	0.40	0.41	0.47	0.47	0.49	0.50	0.52	0.53	0.53	0.54	0.54	0.53	0.53	0.52	0.51	0.50	0.00	0.00	0.00	0.00	0.00	0.00	0.00	0.00	0.00	0.28	0.25	0.23	0.22	0.23	0.20	0.21	0.14	0.05	0.00	0.00
0.94	0.00	0.00	0.00	0.00	0.00	0.00	0.00	0.00	0.16	0.21	0.24	0.25	0.26	0.28	0.30	0.33	0.33	0.35	0.37	0.39	0.40	0.40	0.41	0.41	0.40	0.40	0.40	0.38	0.36	0.34	0.00	0.00	0.00	0.00	0.00	0.00	0.00	0.00	0.26	0.25	0.22	0.24	0.24	0.23	0.25	0.16	0.08	0.00	0.00
0.99	0.00	0.00	0.00	0.00	0.00	0.00	0.00	0.00	0.16	0.21	0.23	0.22	0.22	0.22	0.22	0.22	0.22	0.23	0.24	0.25	0.27	0.27	0.27	0.27	0.27	0.26	0.25	0.24	0.24	0.23	0.00	0.00	0.00	0.00	0.00	0.00	0.00	0.27	0.28	0.26	0.27	0.27	0.27	0.27	0.28	0.19	0.09	0.00	0.00
1.05	1.00	1.00	1.00	1.00	1.00	1.00	1.00	1.00	1.00	1.00	1.00	1.00	1.00	1.00	1.00	1.00	1.00	1.00	1.00	1.00	1.00	1.00	1.00	1.00	1.00	1.00	1.00	1.00	1.00	1.00	1.00	1.00	1.00	1.00	1.00	1.00	1.00	1.00	1.00	1.00	1.00	1.00	1.00	1.00	1.00	1.00	1.00	1.00	0.00
1.10	0.00	0.00	0.00	0.00	0.00	0.00	0.00	0.00	0.23	0.26	0.31	0.28	0.28	0.24	0.22	0.18	0.18	0.16	0.15	0.14	0.14	0.13	0.11	0.12	0.11	0.13	0.14	0.16	0.16	0.17	0.18	0.22	0.22	0.00	0.28	0.29	0.33	0.34	0.35	0.34	0.33	0.33	0.29	0.22	0.14	0.08	0.01	0.00	1.00
1.15	0.00	0.00	0.00	0.00	0.00	0.00	0.00	0.15	0.25	0.28	0.32	0.32	0.29	0.28	0.27	0.24	0.24	0.22	0.20	0.19	0.19	0.18	0.18	0.18	0.18	0.18	0.18	0.20	0.22	0.22	0.24	0.25	0.26	0.32	0.32	0.32	0.34	0.35	0.34	0.31	0.27	0.22	0.16	0.11	0.04	0.01	0.00	0.00	0.00
1.20	0.00	0.00	0.00	0.00	0.07	0.10	0.15	0.19	0.24	0.27	0.31	0.34	0.33	0.32	0.31	0.31	0.31	0.30	0.29	0.28	0.27	0.27	0.26	0.25	0.27	0.27	0.28	0.29	0.30	0.30	0.31	0.33	0.33	0.33	0.33	0.31	0.32	0.28	0.22	0.19	0.14	0.09	0.06	0.03	0.00	0.00	0.00	0.00	0.00
1.26	0.00	0.00	0.00	0.00	0.00	0.02	0.04	0.08	0.10	0.14	0.17	0.21	0.25	0.28	0.31	0.33	0.33	0.33	0.33	0.33	0.33	0.34	0.34	0.34	0.34	0.34	0.33	0.33	0.32	0.32	0.32	0.31	0.28	0.28	0.23	0.19	0.16	0.13	0.10	0.07	0.04	0.02	0.00	0.00	0.00	0.00	0.00	0.00	0.00
